-24.9638121672 0.903869
-24.4645420345 0.924354
-23.9652716526 0.942325
-23.4660010216 0.941589
-22.9667301414 0.935055
-22.467459012 0.916769
-21.9681876334 0.904763
-21.4689160057 0.90696
-20.9696441286 0.893448
-20.4703720024 0.886075
-19.9710996269 0.866939
-19.4718270021 0.831489
-18.9725541279 0.78861
-18.4732810045 0.733634
-17.9740076317 0.677296
-17.4747340096 0.654539
-16.9754601381 0.613981
-16.4761860172 0.563412
-15.9769116469 0.52237
-15.4776370271 0.506136
-14.9783621579 0.494947
-14.4790870393 0.476513
-13.9798116711 0.448782
-13.4805360535 0.390097
-12.9812601863 0.368247
-12.4819840696 0.358165
-11.9827077034 0.312836
-11.4834310876 0.246851
-10.9841542221 0.189357
-10.4848771071 0.152772
-9.98559974246 0.119967
-9.48632212815 0.133125
-8.98704426419 0.151341
-8.48776615054 0.152095
-7.9884877872 0.143704
-7.48920917413 0.133881
-6.98993031134 0.136837
-6.49065119879 0.151898
-5.99137183646 0.13274
-5.49209222435 0.0839107
-4.99281236244 0.0549669
-4.4935322507 0.0503222
-3.99425188912 0.0462512
-3.49497127767 0.0436811
-2.99569041635 0.0323432
-2.49640930514 0.0217617
-1.99712794401 0.00818925
-1.49784633295 0.00277616
-0.998564471939 0.0165075
-0.499282360961 0.0255681
0 0.0178452
0.499282610964 0
0.998565471949 0.00242809
1.49784858297 0.0251909
1.99713194405 0.0404271
2.4964155552 0.0386116
2.99569941645 0.0285859
3.4949835278 0.0223258
3.99426788928 0.0221729
4.49355250091 0.0272276
4.9928373627 0.0362614
5.49212247466 0.0509154
5.99140783683 0.0741183
6.49069344921 0.112289
6.98997931183 0.192745
7.4892654247 0.30168
7.98855178783 0.411229
8.48783840126 0.498328
8.98712526498 0.566433
9.48641237903 0.618185
9.98569974342 0.652195
10.4849873582 0.685983
10.9842752233 0.711175
11.4835633388 0.728907
11.9828517047 0.746171
12.4821403211 0.770158
12.9814291879 0.738607
13.4807183051 0.699514
13.9800076729 0.732427
14.4792972911 0.772808
14.9785871599 0.763318
15.4778772792 0.712605
15.977167649 0.676461
16.4764582694 0.681261
16.9757491404 0.75375
17.475040262 0.808306
17.9743316343 0.835392
18.4736232571 0.899338
18.9729151307 0.924587
19.4722072549 0.933245
19.9714996298 1.00711
20.4707922554 1.04998
20.9700851317 1.06687
21.4693782588 1.08234
21.9686716366 1.09442
22.4679652652 1.06159
22.9672591446 1.03608
23.4665532749 1.01619
23.9658476559 0.963901
24.4651422878 0.942784
24.9644371706 0.89611
