-25.0113146975 0.316107
-24.5110915287 0.297066
-24.0108682322 0.275604
-23.5106448082 0.252217
-23.0104212564 0.227164
-22.5101975771 0.199155
-22.0099737701 0.169523
-21.5097498355 0.138206
-21.0095257733 0.10644
-20.5093015835 0.080826
-20.0090772661 0.0631156
-19.5088528211 0.0495538
-19.0086282485 0.037625
-18.5084035484 0.0280717
-18.0081787206 0.0231462
-17.5079537653 0.0215557
-17.0077286824 0.0206011
-16.5075034719 0.0198001
-16.0072781339 0.018542
-15.5070526683 0.0159427
-15.0068270752 0.0114273
-14.5066013545 0.00720447
-14.0063755064 0.00220698
-13.5061495306 0
-13.0059234274 0.000370749
-12.5056971966 0.0029581
-12.0054708383 0.00727556
-11.5052443525 0.0148746
-11.0050177392 0.0237804
-10.5047909985 0.0318501
-10.0045641302 0.0402618
-9.50433713441 0.0474166
-9.00411001117 0.0518514
-8.50388276045 0.0544038
-8.00365538226 0.0546186
-7.5034278766 0.0571309
-7.00320024349 0.0661565
-6.50297248293 0.0794717
-6.00274459492 0.0941999
-5.50251657947 0.110419
-5.00228843659 0.125999
-4.50206016627 0.141727
-4.00183176853 0.155984
-3.50160324337 0.169028
-3.0013745908 0.181119
-2.50114581082 0.189456
-2.00091690344 0.194945
-1.50068786866 0.199258
-1.00045870649 0.200511
-0.500229416934 0.199593
0 0.197603
0.500229544309 0.196182
1.00045921598 0.194897
1.50068901502 0.195376
2.00091894142 0.19632
2.50114899517 0.199517
3.00137917626 0.205219
3.50160948469 0.21333
4.00183992046 0.223878
4.50207048356 0.23861
5.00230117398 0.258083
5.50253199172 0.280216
6.00276293677 0.303153
6.50299400913 0.323794
7.00322520878 0.340772
7.50345653574 0.355717
8.00368798998 0.36567
8.5039195715 0.364342
9.00415128031 0.354406
9.50438311638 0.328009
10.0046150797 0.314946
10.5048471703 0.3221
11.0050793882 0.333659
11.5053117333 0.328118
12.0055442056 0.320765
12.5057768052 0.320301
13.0060095321 0.30766
13.5062423861 0.271335
14.0064753674 0.215906
14.5067084759 0.160424
15.0069417116 0.138642
15.5071750745 0.180037
16.0074085646 0.289704
16.5076421819 0.323091
17.0078759263 0.345751
17.508109798 0.375421
18.0083437968 0.373197
18.5085779228 0.361267
19.008812176 0.366046
19.5090465563 0.383776
20.0092810638 0.41741
20.5095156984 0.430775
21.0097504602 0.42436
21.5099853491 0.418522
22.0102203652 0.415658
22.5104555083 0.412222
23.0106907786 0.406653
23.510926176 0.401093
24.0111617005 0.396599
24.5113973521 0.393383
25.0116331307 0.389773
