-24.9416802766 0.320439
-24.4428538559 0.318556
-23.9440271424 0.315234
-23.4452001361 0.310685
-22.9463728369 0.304962
-22.4475452449 0.298918
-21.9487173599 0.292974
-21.449889182 0.284747
-20.9510607112 0.275489
-20.4522319473 0.269794
-19.9534028904 0.260204
-19.4545735404 0.234891
-18.9557438974 0.203279
-18.4569139613 0.171005
-17.958083732 0.142702
-17.4592532095 0.118755
-16.9604223938 0.101357
-16.4615912849 0.101248
-15.9627598828 0.105403
-15.4639281873 0.113721
-14.9650961986 0.128784
-14.4662639165 0.150535
-13.967431341 0.171434
-13.4685984721 0.18539
-12.9697653098 0.190145
-12.470931854 0.191207
-11.9720981047 0.182684
-11.4732640619 0.182617
-10.9744297256 0.193401
-10.4755950957 0.203743
-9.97676017213 0.213295
-9.47792495497 0.219756
-8.97908944415 0.220086
-8.48025363963 0.210516
-7.98141754139 0.184872
-7.4825811494 0.15937
-6.98374446364 0.141604
-6.48490748406 0.135961
-5.98607021065 0.136906
-5.48723264338 0.13978
-4.98839478221 0.138037
-4.48955662711 0.133816
-3.99071817807 0.131826
-3.49187943504 0.130001
-2.99304039801 0.1054
-2.49420106694 0.0741122
-1.9953614418 0.0599147
-1.49652152256 0.0486557
-0.997681309204 0.031876
-0.498840801693 0.0204039
0 0.0154711
0.498841095903 0.0161552
0.997682486044 0.0175674
1.49652417045 0.0200591
1.99536614916 0.0241792
2.49420842219 0.0234501
2.99305098957 0.0227708
3.49189385134 0.019185
3.99073700752 0.0176261
4.48958045813 0.0160314
4.98842420322 0.0140304
5.4872682428 0.00953285
5.9861125769 0.00536867
6.48495720556 0.00210834
6.98380212881 0
7.48264734666 0.00474599
7.98149285916 0.0151018
8.48033866632 0.0305688
8.97918476818 0.0539261
9.47803116476 0.0851053
9.9768778561 0.125276
10.4757248422 0.162422
10.9745721232 0.18183
11.4734196989 0.179203
11.9722675696 0.265098
12.4711157351 0.348805
12.9699641956 0.417355
13.468812951 0.47616
13.9676620014 0.52836
14.4665113468 0.574652
14.9653609872 0.616042
15.4642109228 0.653568
15.9630611534 0.68262
16.4619116791 0.701654
16.9607625 0.702324
17.4596136161 0.686811
17.9584650273 0.644634
18.4573167339 0.588979
18.9561687356 0.526557
19.4550210327 0.46121
19.9538736251 0.388328
20.4527265129 0.334991
20.951579696 0.363956
21.4504331746 0.424818
21.9492869486 0.488652
22.448141018 0.54589
22.946995383 0.592835
23.4458500434 0.626943
23.9447049994 0.645364
24.443560251 0.643031
24.9424157982 0.622398
