-25.01121061 0.545233
-24.5109895168 0.530954
-24.0107682962 0.516476
-23.5105469482 0.50069
-23.0103254728 0.484918
-22.5101038701 0.470415
-22.00988214 0.455125
-21.5096602825 0.439225
-21.0094382977 0.424111
-20.5092161855 0.409826
-20.0089939459 0.395724
-19.508771579 0.381814
-19.0085490848 0.368852
-18.5083264632 0.355644
-18.0081037143 0.343145
-17.5078808381 0.330367
-17.0076578346 0.317573
-16.5074347038 0.303935
-16.0072114456 0.291693
-15.5069880602 0.278312
-15.0067645474 0.266407
-14.5065409074 0.253853
-14.0063171401 0.242131
-13.5060932455 0.229448
-13.0058692236 0.217274
-12.5056450745 0.203737
-12.0054207981 0.189702
-11.5051963944 0.174002
-11.0049718635 0.156462
-10.5047472053 0.138279
-10.0045224199 0.118026
-9.50429750731 0.0969049
-9.00407246745 0.0752192
-8.50384730036 0.0518108
-8.00362200606 0.029847
-7.50339658455 0.0144827
-7.00317103582 0.0064898
-6.5029453599 0.00119033
-6.00271955677 1.8488e-05
-5.50249362646 0.000501515
-5.00226756896 0
-4.50204138428 0.0150899
-4.00181507243 0.0449133
-3.50158863341 0.0708289
-3.00136206723 0.0946511
-2.50113537388 0.118893
-2.00090855339 0.144513
-1.50068160575 0.170594
-1.00045453096 0.19728
-0.500227329048 0.222193
0 0.244381
0.500227456172 0.26146
1.00045503946 0.272568
1.50068274987 0.27991
2.00091058738 0.283997
2.50113855199 0.286945
3.0013666437 0.290326
3.5015948625 0.292105
4.00182320839 0.292375
4.50205168136 0.291728
5.0022802814 0.291501
5.50250900851 0.292079
6.00273786268 0.292481
6.50296684391 0.296117
7.00319595219 0.298073
7.50342518752 0.298691
8.00365454989 0.300595
8.50388403929 0.303701
9.00411365572 0.305764
9.50434339918 0.307845
10.0045732696 0.312742
10.5048032671 0.318532
11.0050333916 0.328862
11.5052636431 0.359295
12.0054940216 0.421699
12.5057245271 0.503794
13.0059551596 0.593042
13.506185919 0.677265
14.0064168054 0.689173
14.5066478188 0.68954
15.0068789591 0.712022
15.5071102264 0.753839
16.0073416207 0.771731
16.5075731419 0.751485
17.00780479 0.723665
17.5080365651 0.703712
18.0082684671 0.692626
18.508500496 0.689075
19.0087326518 0.69233
19.5089649346 0.705025
20.0091973442 0.727142
20.5094298808 0.761157
21.0096625442 0.811368
21.5098953346 0.862965
22.0101282518 0.894321
22.5103612959 0.883852
23.0105944668 0.847324
23.5108277647 0.816658
24.0110611893 0.797428
24.5112947409 0.782387
25.0115284193 0.771151
