-24.9466457077 0.487541
-24.4477197091 0.484026
-23.9487934286 0.458997
-23.4498668663 0.423524
-22.9509400221 0.398629
-22.452012896 0.381982
-21.9530854879 0.417441
-21.4541577979 0.459993
-20.9552298258 0.441561
-20.4563015717 0.431097
-19.9573730356 0.421309
-19.4584442173 0.418891
-18.959515117 0.397952
-18.4605857345 0.362697
-17.9616560699 0.364604
-17.4627261231 0.406495
-16.9637958941 0.487311
-16.4648653828 0.531961
-15.9659345892 0.556417
-15.4670035134 0.558119
-14.9680721552 0.551689
-14.4691405147 0.547196
-13.9702085918 0.544422
-13.4712763865 0.547771
-12.9723438988 0.537834
-12.4734111287 0.501368
-11.974478076 0.461898
-11.4755447409 0.425165
-10.9766111232 0.404218
-10.4776772229 0.395213
-9.97874304012 0.385974
-9.47980857468 0.352776
-8.9808738266 0.308303
-8.48193879585 0.265594
-7.98300348242 0.235565
-7.48406788627 0.217171
-6.98513200737 0.20466
-6.48619584571 0.199426
-5.98725940124 0.210074
-5.48832267396 0.19801
-4.98938566383 0.165461
-4.49044837082 0.10711
-3.99151079491 0.0813299
-3.49257293607 0.0581424
-2.99363479427 0.031481
-2.4946963695 0.0145084
-1.99575766172 0.0140362
-1.4968186709 0.0163369
-0.997879397031 0.0119504
-0.498939840072 0.00529819
0 0.000553213
0.49894012321 0
0.997880529583 0.00385775
1.49682121915 0.00477
1.99576219193 0.00282575
2.49470344795 0.00420228
2.99364498725 0.00570167
3.49258680984 0.00866886
3.99152891575 0.0139986
4.49047130501 0.018999
4.98941397764 0.0114064
5.48835693368 0.0141407
5.98730017314 0.039087
6.48624369605 0.0710849
6.98518750245 0.117225
7.48413159234 0.173045
7.98307596577 0.242496
8.48202062276 0.301147
8.98096556333 0.350324
9.47991078751 0.379085
9.97885629532 0.380524
10.4778020868 0.412278
10.976748162 0.420952
11.4756945208 0.402287
11.9746411635 0.390427
12.4735880899 0.521693
12.9725353 0.626653
13.471482794 0.70459
13.9704305719 0.757433
14.4693786336 0.799368
14.9683269792 0.857272
15.4672756087 0.923275
15.9662245222 0.971233
16.4651737196 1.02491
16.9641232011 1.10351
17.4630729666 1.10911
17.9620230161 1.02392
18.4609733497 0.970207
18.9599239674 0.934678
19.4588748693 0.921951
19.9578260553 0.944163
20.4567775255 0.885563
20.9557292799 0.756865
21.4546813185 0.631644
21.9536336414 0.559468
22.4525862486 0.571179
22.9515391401 0.616037
23.4504923159 0.579133
23.9494457761 0.531036
24.4483995207 0.482782
24.9473535497 0.440632
