-24.9459056672 0.352839
-24.4469945756 0.393211
-23.9480831978 0.396705
-23.4491715338 0.232182
-22.9502595835 0.107226
-22.4513473471 0.0300007
-21.9524348243 0
-21.4535220152 0.0243853
-20.9546089199 0.0441299
-20.4556955381 0.0644153
-19.95678187 0.0809548
-19.4578679154 0.0873815
-18.9589536744 0.0838392
-18.460039147 0.0717178
-17.961124333 0.056735
-17.4622092326 0.0407178
-16.9632938455 0.0250484
-16.4643781719 0.0120828
-15.9654622118 0.00425215
-15.4665459649 0.0100082
-14.9676294315 0.0154136
-14.4687126113 0.0237308
-13.9697955044 0.036197
-13.4708781108 0.0781935
-12.9719604305 0.140107
-12.4730424633 0.223393
-11.9741242094 0.291689
-11.4752056686 0.322153
-10.9762868409 0.386769
-10.4773677263 0.498692
-9.97844832481 0.591134
-9.47952863636 0.595976
-8.98060866094 0.610271
-8.48168839852 0.617191
-7.98276784907 0.597633
-7.48384701256 0.591961
-6.98492588897 0.595683
-6.48600447826 0.620696
-5.98708278042 0.680937
-5.48816079542 0.738756
-4.98923852323 0.732803
-4.49031596382 0.701999
-3.99139311717 0.678823
-3.49246998325 0.657167
-2.99354656203 0.648294
-2.49462285349 0.630969
-1.9956988576 0.599898
-1.49677457433 0.571685
-0.997850003659 0.563706
-0.498925145557 0.555895
0 0.548325
0.498925433041 0.54192
0.99785115359 0.544569
1.49677716168 0.558346
1.99570345733 0.562672
2.49463004057 0.562033
2.99355691142 0.523982
3.49248406992 0.493953
3.99141151609 0.460042
4.49033924995 0.420102
4.98926727153 0.352229
5.48819558087 0.307241
5.98712417798 0.300715
6.48605306289 0.297739
6.98498223563 0.295711
7.48391169622 0.300276
7.9828414447 0.310314
8.48177148108 0.319092
8.9807018054 0.324915
9.47963241768 0.328446
9.97856331795 0.336449
10.4774945062 0.343721
10.9764259826 0.350876
11.4753577469 0.36417
11.9742897994 0.392211
12.47322214 0.41112
12.9721547688 0.414578
13.4710876857 0.411067
13.9700208908 0.409448
14.4689543842 0.427883
14.9678881658 0.468115
15.4668222356 0.474149
15.9657565938 0.472828
16.4646912403 0.486876
16.9636261752 0.545562
17.4625613985 0.645731
17.9614969101 0.640154
18.4604327102 0.682847
18.9593687988 0.74896
19.4583051758 0.787859
19.9572418414 0.775852
20.4561787955 0.7345
20.9551160382 0.714492
21.4540535695 0.692515
21.9529913894 0.681951
22.4519294979 0.661768
22.9508678951 0.658574
23.449806581 0.651474
23.9487455557 0.639898
24.4476848191 0.640887
24.9466243713 0.627461
