-45.0369119083	28.735369068	-24.9416267509	7.7156457082	-3842.78074633
-45.036223392	28.7398249596	-24.4428013932	7.7156457082	-3849.88020072
-45.035534817	28.7442808476	-23.943975743	7.71597674616	-3849.46757907
-45.0348461832	28.7487367322	-23.4451498003	7.71630785932	-3860.95288675
-45.0341574906	28.7531926133	-22.9463235651	7.71663904762	-3872.00505057
-45.0334687393	28.7576484909	-22.4474970373	7.71697031115	-3881.80437688
-45.0327799292	28.762104365	-21.9486702168	7.71730164998	-3889.57298463
-45.0320910603	28.7665602356	-21.4498431038	7.71763306374	-3897.69731125
-45.0314021325	28.7710161028	-20.951015698	7.71796455337	-3914.30022971
-45.0307131459	28.7754719664	-20.4521879996	7.71829611788	-3944.1076278
-45.0300241005	28.7799278265	-19.9533600085	7.71862775747	-3973.7892414
-45.0293349962	28.7843836831	-19.4545317246	7.71895947275	-3972.82901592
-45.028645833	28.7888395363	-18.9557031479	7.71929126323	-3951.31587166
-45.0279566109	28.7932953859	-18.4568742784	7.71962312895	-3936.88289904
-45.0272673298	28.7977512321	-17.9580451161	7.71995507018	-3929.82946042
-45.0265779899	28.8022070747	-17.459215661	7.7202870866	-3942.51838898
-45.0258885909	28.8066629138	-16.9603859129	7.7206191784	-3957.1933266
-45.0251991331	28.8111187495	-16.4615558719	7.7209513456	-3966.65606656
-45.0245096162	28.8155745816	-15.9627255379	7.72128358838	-3957.57335018
-45.0238200403	28.8200304102	-15.463894911	7.7216159063	-3933.81254953
-45.0231304054	28.8244862353	-14.9650639911	7.72194829967	-3901.68336643
-45.0224407115	28.8289420569	-14.4662327781	7.7222807687	-3833.54985848
-45.0217509586	28.833397875	-13.9674012721	7.72261331297	-3734.98784502
-45.0210611465	28.8378536896	-13.4685694729	7.72294593264	-3625.27081339
-45.0203712754	28.8423095007	-12.9697373806	7.72327862804	-3485.06161865
-45.0196813452	28.8467653083	-12.4709049952	7.72361139894	-3307.51217839
-45.0189913559	28.8512211124	-11.9720723166	7.72394424502	-3141.64040356
-45.0183013075	28.8556769129	-11.4732393448	7.72427716683	-3085.08120982
-45.0176111999	28.8601327099	-10.9744060797	7.72461016429	-3100.02827692
-45.0169210332	28.8645885035	-10.4755725214	7.72494323703	-3140.56848347
-45.0162308073	28.8690442935	-9.97673866979	7.7252763854	-3197.29427927
-45.0155405222	28.87350008	-9.47790452483	7.72560960961	-3295.18304856
-45.0148501778	28.877955863	-8.97907008652	7.72594290904	-3380.49247553
-45.0141597743	28.8824116424	-8.48023535482	7.72627628423	-3457.21840428
-45.0134693115	28.8868674184	-7.98140032971	7.72660973506	-3546.04037243
-45.0127787895	28.8913231908	-7.48256501115	7.72694326138	-3665.38242028
-45.0120882082	28.8957789597	-6.98372939912	7.72727686361	-3787.16164303
-45.0113975677	28.9002347251	-6.48489349359	7.72761054135	-3847.30270912
-45.0107068678	28.9046904869	-5.98605729453	7.72794429457	-3839.41722725
-45.0100161086	28.9091462452	-5.48722080191	7.72827812364	-3838.5389046
-45.00932529	28.9136020001	-4.9883840157	7.72861202865	-3840.87314779
-45.0086344122	28.9180577513	-4.48954693588	7.72894600899	-3842.71339448
-45.0079434749	28.9225134991	-3.99070956241	7.72928006506	-3844.17799076
-45.0072524783	28.9269692433	-3.49187189527	7.72961419708	-3847.76397491
-45.0065614223	28.931424984	-2.99303393443	7.72994840488	-3844.52270221
-45.0058703068	28.9358807212	-2.49419567985	7.73028268832	-3836.21189357
-45.005179132	28.9403364548	-1.99535713152	7.73061704742	-3840.70956851
-45.0044878977	28.9447921849	-1.49651828939	7.73095148261	-3843.74330418
-45.0037966039	28.9492479115	-0.997679153452	7.73128599329	-3843.94405488
-45.0031052506	28.9537036346	-0.498839723663	7.73162057999	-3850.36262764
-45.0024138379	28.9581593541	0	7.73195524254	-3867.45451805
-45.0017223656	28.9626150701	0.498840017567	7.73228998085	-3885.27133175
-45.0010308339	28.9670707825	0.997680329067	7.73262479503	-3898.77893843
-45.0003392425	28.9715264914	1.49652093453	7.73295968504	-3920.31976634
-44.9996475917	28.9759821968	1.99536183398	7.73329465106	-3943.6066945
-44.9989558812	28.9804378986	2.49420302745	7.73362969306	-3948.81995646
-44.9982641112	28.9848935969	2.99304451496	7.73396481048	-3945.27643303
-44.9975722815	28.9893492916	3.49188629656	7.73430000454	-3946.71775384
-44.9968803923	28.9938049828	3.99072837225	7.73463527402	-3946.12870203
-44.9961884434	28.9982606705	4.48957074208	7.73497061965	-3947.95257243
-44.9954964348	29.0027163546	4.98841340608	7.73530604125	-3945.7070783
-44.9948043666	29.0071720352	5.48725636426	7.73564153894	-3937.98047009
-44.9941122387	29.0116277122	5.98609961666	7.73597711222	-3924.89034633
-44.993420051	29.0160833857	6.48494316331	7.73631276206	-3916.27984295
-44.9927278037	29.0205390556	6.98378700424	7.73664848753	-3921.14054541
-44.9920354966	29.024994722	7.48263113947	7.73698428916	-3933.63333142
-44.9913431298	29.0294503849	7.98147556904	7.73732016694	-3955.13672799
-44.9906507033	29.0339060441	8.48032029297	7.73765612079	-3958.98095836
-44.9899582169	29.0383616999	8.97916531129	7.73799215037	-3954.13027533
-44.9892656707	29.0428173521	9.47801062402	7.73832825656	-3952.28730512
-44.9885730648	29.0472730007	9.97685623121	7.73866443849	-3949.98774885
-44.9878803989	29.0517286458	10.4757021329	7.73900069679	-3945.95990165
-44.9871876733	29.0561842873	10.974548329	7.73933703101	-3944.83873446
-44.9864948878	29.0606399253	11.4733948197	7.73967344152	-3931.29002966
-44.9858020424	29.0650955597	11.972241605	7.74000992807	-3867.13059357
-44.9851091371	29.0695511905	12.4710886849	7.74034649107	-3786.86367504
-44.9844161719	29.0740068178	12.9699360593	7.74068312994	-3675.54547561
-44.9837231468	29.0784624415	13.4687837285	7.74101984518	-3567.34968361
-44.9830300617	29.0829180617	13.9676316923	7.74135663665	-3484.86934128
-44.9823369167	29.0873736783	14.4664799508	7.74169350425	-3389.22896772
-44.9816437117	29.0918292914	14.965328504	7.74203044829	-3299.52573389
-44.9809504467	29.0962849009	15.464177352	7.74236746828	-3236.61637166
-44.9802571217	29.1007405068	15.9630264948	7.742704565	-3195.78494424
-44.9795637367	29.1051961091	16.4618759324	7.74304173766	-3186.89538774
-44.9788702916	29.1096517079	16.9607256649	7.74337898652	-3192.53743601
-44.9781767865	29.1141073031	17.4595756922	7.74371631212	-3204.76044053
-44.9774832213	29.1185628948	17.9584260144	7.74405371368	-3226.63285343
-44.976789596	29.1230184829	18.4572766316	7.74439119187	-3261.08783332
-44.9760959107	29.1274740674	18.9561275438	7.74472874625	-3297.3999596
-44.9754021652	29.1319296483	19.4549787509	7.74506637702	-3308.78466844
-44.9747083595	29.1363852257	19.953830253	7.74540408418	-3245.48073822
-44.9740144937	29.1408407995	20.4526820502	7.74574186781	-3169.21099817
-44.9733205678	29.1452963697	20.9515341425	7.74607972767	-3106.6188693
-44.9726265816	29.1497519363	21.4503865298	7.74641766405	-3066.4248339
-44.9719325353	29.1542074994	21.9492392123	7.74675567719	-3049.59693504
-44.9712384287	29.1586630589	22.44809219	7.74709376633	-3047.5205502
-44.9705442619	29.1631186148	22.9469454628	7.74743193209	-3070.6726503
-44.9698500349	29.1675741671	23.4457990309	7.74777017456	-3108.11150517
-44.9691557476	29.1720297159	23.9446528942	7.7481084932	-3146.63705355
-44.9684614	29.1764852611	24.4435070528	7.74844688856	-3183.1198754
-44.9677669921	29.1809408027	24.9423615067	7.74878536025	-3217.21934434
