-25.0267979726 0.58529
-24.5262615932 0.584281
-24.0257252308 0.580899
-23.5251888852 0.575941
-23.0246525566 0.568851
-22.524116245 0.560472
-22.0235799504 0.551195
-21.5230436728 0.542369
-21.0225074122 0.532738
-20.5219711686 0.5233
-20.021434942 0.515959
-19.5208987325 0.509636
-19.02036254 0.504968
-18.5198263646 0.503009
-18.0192902063 0.50434
-17.5187540651 0.508905
-17.0182179411 0.517034
-16.5176818341 0.529908
-16.0171457443 0.544133
-15.5166096717 0.558915
-15.0160736162 0.5696
-14.5155375779 0.573356
-14.0150015567 0.57248
-13.5144655528 0.563471
-13.0139295662 0.545816
-12.5133935967 0.516498
-12.0128576445 0.476964
-11.5123217096 0.429976
-11.0117857919 0.379763
-10.5112498915 0.340084
-10.0107140084 0.323262
-9.51017814264 0.31194
-9.0096422942 0.293866
-8.50910646309 0.290889
-8.00857064934 0.344185
-7.50803485295 0.415469
-7.00749907394 0.419086
-6.50696331232 0.40547
-6.00642756811 0.410646
-5.50589184131 0.428787
-5.00535613195 0.452291
-4.50482044004 0.379416
-4.00428476558 0.185874
-3.50374910859 0.0354892
-3.00321346909 0.00248483
-2.50267784709 0
-2.00214224259 0.000980212
-1.50160665563 0.0131269
-1.0010710862 0.0419607
-0.500535534316 0.143224
0 0.242105
0.500535516739 0.308454
1.00107101589 0.299914
1.50160649743 0.257213
2.00214196136 0.235994
2.50267740766 0.222108
3.00321283631 0.220824
3.50374824731 0.221582
4.00428364064 0.224737
4.50481901629 0.232131
5.00535437423 0.251014
5.50588971448 0.278029
6.00642503699 0.312353
6.50696034178 0.340517
7.00749562881 0.334378
7.50803089808 0.312539
8.00856614958 0.300276
8.50910138328 0.296294
9.00963659919 0.29959
9.51017179728 0.318582
10.0107069775 0.348646
10.51124214 0.366286
11.0117772845 0.367066
11.5123124112 0.367618
12.01284752 0.370364
12.513382611 0.373324
13.013917684 0.379173
13.5144527391 0.386115
14.0149877762 0.398628
14.5155227955 0.423486
15.0160577967 0.445738
15.51659278 0.460275
16.0171277453 0.468779
16.5176626926 0.470882
17.0181976219 0.467257
17.5187325331 0.456505
18.0192674263 0.441181
18.5198023015 0.424615
19.0203371586 0.409952
19.5208719976 0.397443
20.0214068186 0.386686
20.5219416214 0.376986
21.0224764061 0.370075
21.5230111727 0.365472
22.0235459211 0.362766
22.5240806514 0.364153
23.0246153635 0.36547
23.5251500574 0.366047
24.0256847331 0.366732
24.5262193906 0.371251
25.0267540299 0.376294
