-24.9770071807 0.00527929
-24.4774725743 0.0489455
-23.977937742 0.092336
-23.4784026839 0.0937772
-22.9788674 0.0824046
-22.4793318902 0.0667124
-21.9797961545 0.0475253
-21.480260193 0.0345617
-20.9807240055 0.0197253
-20.4811875922 0.0224219
-19.9816509529 0.0222894
-19.4821140877 0.0173734
-18.9825769966 0.0153634
-18.4830396795 0.0257903
-17.9835021365 0.0480029
-17.4839643675 0.0757868
-16.9844263725 0.106359
-16.4848881515 0.138194
-15.9853497045 0.167721
-15.4858110315 0.193484
-14.9862721324 0.214036
-14.4867330073 0.229919
-13.9871936562 0.24733
-13.487654079 0.26905
-12.9881142757 0.297535
-12.4885742463 0.328822
-11.9890339908 0.366459
-11.4894935092 0.380834
-10.9899528015 0.382818
-10.4904118677 0.380084
-9.99087070772 0.374871
-9.49132932157 0.368101
-8.99178770926 0.358761
-8.49224587078 0.346733
-7.99270380609 0.331362
-7.49316151521 0.311698
-6.99361899812 0.288011
-6.4940762548 0.258032
-5.99453328524 0.223441
-5.49499008944 0.184665
-4.99544666737 0.142253
-4.49590301904 0.0979399
-3.99635914443 0.0569676
-3.49681504352 0.0245246
-2.9972707163 0.00580791
-2.49772616278 0
-1.99818138292 0.00331433
-1.49863637672 0.00998232
-0.999091144182 0.0201013
-0.499545685278 0.0328442
0 0.0492708
0.49954591166 0.0706959
0.999092049717 0.0983452
1.49863841418 0.134285
1.99818500506 0.179286
2.49773182237 0.234061
2.99727886612 0.300964
3.49682613632 0.379682
3.99637363298 0.459756
4.49592135612 0.533232
4.99546930574 0.599059
5.49501748186 0.648925
5.99456588449 0.63959
6.49411451363 0.608585
6.99366336931 0.571008
7.49321245153 0.522418
7.9927617603 0.470046
8.49231129563 0.408667
8.99186105754 0.351157
9.49141104604 0.301587
9.99096126113 0.258389
10.4905117028 0.226002
10.9900623712 0.20593
11.4896132661 0.200096
11.9891643877 0.209032
12.488715736 0.234271
12.9882673109 0.275167
13.4878191125 0.329817
13.9873711407 0.393436
14.4869233957 0.459181
14.9864758774 0.519437
15.4860285858 0.568283
15.9855815209 0.587326
16.4851346828 0.560797
16.9846880714 0.509078
17.4842416868 0.45936
17.983795529 0.404729
18.483349598 0.385409
18.9829038937 0.378276
19.4824584163 0.37661
19.9820131657 0.393034
20.4815681419 0.385317
20.981123345 0.390323
21.4806787749 0.441448
21.9802344317 0.480047
22.4797903153 0.529034
22.9793464259 0.587153
23.4789027633 0.610546
23.9784593277 0.52799
24.4780161189 0.455342
24.9775731371 0.425392
