-24.9416840653 0.403238
-24.4428575694 0.403296
-23.9440307807 0.399393
-23.4452036991 0.392597
-22.9463763246 0.382536
-22.4475486572 0.368984
-21.9487206969 0.353596
-21.4498924436 0.335781
-20.9510638974 0.318933
-20.4522350581 0.303277
-19.9534059258 0.285385
-19.4545765004 0.262518
-18.9557467818 0.215822
-18.4569167702 0.16437
-17.9580864654 0.110198
-17.4592558674 0.0608047
-16.9604249761 0.0374723
-16.4615937916 0.0356879
-15.9627623139 0.0352191
-15.4639305428 0.0396815
-14.9650984784 0.0465734
-14.4662661206 0.0873266
-13.9674334694 0.117803
-13.4686005248 0.139539
-12.9697672867 0.154313
-12.4709337552 0.163628
-11.9720999301 0.173436
-11.4732658115 0.182171
-10.9744313993 0.189904
-10.4755966936 0.195977
-9.97676169416 0.200385
-9.4779264011 0.204551
-8.97909081436 0.20794
-8.48025493391 0.202336
-7.98141875971 0.187703
-7.48258229174 0.16984
-6.98374552997 0.151095
-6.48490847437 0.133975
-5.98607112491 0.117006
-5.48723348157 0.101317
-4.98839554431 0.0864813
-4.4895573131 0.074446
-3.99071878792 0.0713215
-3.49187996874 0.0754772
-2.99304085553 0.0765811
-2.49420144826 0.0733905
-1.9953617469 0.0664236
-1.49652175142 0.0589705
-0.997681461797 0.0535761
-0.498840878 0.0536494
0 0.0566695
0.498841172232 0.0616954
0.997682638724 0.0673012
1.49652439951 0.0764075
1.99536645461 0.0867882
2.49420880405 0.0894116
2.99305144787 0.0735415
3.4918943861 0.0563716
3.99073761876 0.0497002
4.48958114588 0.0460609
4.98842496748 0.0448606
5.48726908361 0.0427377
5.98611349429 0.0405753
6.48495819953 0.0377304
6.98380319939 0.0346594
7.48264849387 0.0309088
7.98149408302 0.0301775
8.48033996686 0.0290656
8.97918614542 0.0222621
9.47803261872 0.0109471
9.9768793868 0.00157019
10.4757264497 0
10.9745738074 0.0163734
11.47342146 0.0416376
11.9722694074 0.0706151
12.4711176498 0.117468
12.9699661872 0.175282
13.4688150195 0.234142
13.9676641468 0.289054
14.4665135691 0.339957
14.9653632865 0.383379
15.464213299 0.418761
15.9630636066 0.442446
16.4619142094 0.451882
16.9607651073 0.444955
17.4596163005 0.419939
17.9584677888 0.375861
18.4573195725 0.322259
18.9561716514 0.271628
19.4550240256 0.228485
19.9538766952 0.192687
20.4527296601 0.177111
20.9515829205 0.221798
21.4504364763 0.309485
21.9492903275 0.414498
22.4481444743 0.51842
22.9469989165 0.618029
23.4458536543 0.702068
23.9447086877 0.756384
24.4435640166 0.757548
24.9424196412 0.700091
