-44.44223468	28.5540078915	-24.9428759067	11.4377303949	-3538.07012773
-44.4412194705	28.5584151918	-24.4440254588	11.4377303949	-3542.14182378
-44.4402041761	28.5628224845	-23.9451747228	11.4382156859	-3545.2230768
-44.4391887966	28.5672297696	-23.4463236987	11.4387010865	-3549.46601058
-44.4381733321	28.5716370472	-22.9474723864	11.439186596	-3490.71231664
-44.4371577825	28.5760443172	-22.4486207859	11.4396722151	-3427.29065757
-44.4361421478	28.5804515797	-21.9497688971	11.4401579431	-3412.38942147
-44.435126428	28.5848588346	-21.45091672	11.4406437806	-3420.32128846
-44.434110623	28.5892660819	-20.9520642547	11.4411297273	-3395.70679033
-44.4330947329	28.5936733217	-20.453211501	11.4416157837	-3323.27148491
-44.4320787575	28.5980805539	-19.954358459	11.442101949	-3250.90247962
-44.431062697	28.6024877785	-19.4555051286	11.4425882241	-3161.0417295
-44.4300465512	28.6068949956	-18.9566515097	11.4430746084	-3204.34478606
-44.4290303202	28.611302205	-18.4577976025	11.4435611023	-3247.61679447
-44.4280140039	28.6157094069	-17.9589434067	11.4440477053	-3270.70241654
-44.4269976022	28.6201166012	-17.4600889225	11.4445344182	-3275.60125755
-44.4259811153	28.624523788	-16.9612341497	11.4450212401	-3252.26035608
-44.424964543	28.6289309671	-16.4623790884	11.4455081719	-3213.97071036
-44.4239478853	28.6333381387	-15.9635237385	11.4459952131	-3185.75005235
-44.4229311422	28.6377453027	-15.4646680999	11.4464823636	-3198.30106981
-44.4219143137	28.6421524591	-14.9658121728	11.4469696241	-3238.79047402
-44.4208973998	28.6465596078	-14.466955957	11.4474569941	-3287.14320691
-44.4198804004	28.650966749	-13.9680994524	11.4479444733	-3333.9370489
-44.4188633156	28.6553738827	-13.4692426592	11.4484320625	-3395.43960259
-44.4178461452	28.6597810087	-12.9703855772	11.4489197611	-3473.57222477
-44.4168288893	28.6641881271	-12.4715282064	11.4494075697	-3566.24771766
-44.4158115478	28.6685952379	-11.9726705468	11.4498954876	-3612.57194895
-44.4147941208	28.6730023411	-11.4738125983	11.4503835154	-3638.56561479
-44.4137766081	28.6774094367	-10.974954361	11.4508716529	-3689.3506344
-44.4127590098	28.6818165246	-10.4760958348	11.4513599	-3724.85724628
-44.4117413259	28.686223605	-9.97723701973	11.451848257	-3732.25375709
-44.4107235564	28.6906306778	-9.47837791565	11.4523367239	-3742.1954035
-44.4097057011	28.6950377429	-8.9795185226	11.4528253004	-3743.74632048
-44.4086877601	28.6994448004	-8.48065884054	11.4533139866	-3734.00140728
-44.4076697334	28.7038518504	-7.98179886945	11.4538027829	-3726.23981553
-44.406651621	28.7082588927	-7.48293860929	11.4542916889	-3727.49518171
-44.4056334227	28.7126659273	-6.98407806003	11.4547807049	-3717.70742922
-44.4046151387	28.7170729544	-6.48521722166	11.4552698307	-3702.14471093
-44.4035967688	28.7214799738	-5.98635609414	11.4557590662	-3681.89151407
-44.402578313	28.7258869856	-5.48749467744	11.456248412	-3665.97457114
-44.4015597715	28.7302939897	-4.98863297154	11.4567378676	-3655.50644112
-44.400541144	28.7347009863	-4.4897709764	11.4572274331	-3643.42388609
-44.3995224306	28.7391079751	-3.990908692	11.4577171086	-3618.46389945
-44.3985036312	28.7435149564	-3.49204611831	11.4582068942	-3593.51973729
-44.3974847459	28.74792193	-2.9931832553	11.4586967899	-3560.30636406
-44.3964657746	28.752328896	-2.49432010295	11.4591867955	-3535.59938338
-44.3954467173	28.7567358543	-1.99545666122	11.4596769112	-3513.76594214
-44.394427574	28.761142805	-1.49659293009	11.460167137	-3463.20862074
-44.3934083446	28.765549748	-0.997728909527	11.4606574728	-3427.41858533
-44.3923890291	28.7699566834	-0.498864599507	11.461147919	-3406.15568172
-44.3913696275	28.7743636112	0	11.461638475	-3415.3001114
-44.3903501398	28.7787705313	0.498864889021	11.4621291414	-3443.45089145
-44.389330566	28.7831774437	0.997730067585	11.4626199178	-3518.44441463
-44.388310906	28.7875843485	1.49659553572	11.4631108047	-3606.96692239
-44.3872911598	28.7919912456	1.99546129345	11.4636018015	-3642.27887677
-44.3862713274	28.796398135	2.49432734082	11.4640929088	-3669.59420234
-44.3852514088	28.8008050168	2.99319367783	11.4645841263	-3693.33288413
-44.3842314039	28.8052118909	3.49206030453	11.4650754539	-3707.42505113
-44.3832113127	28.8096187574	3.99092722095	11.4655668921	-3710.99902883
-44.3821911352	28.8140256162	4.4897944271	11.4660584403	-3716.43393799
-44.3811708714	28.8184324673	4.98866192302	11.4665500991	-3717.08515564
-44.3801505212	28.8228393107	5.48752970873	11.4670418682	-3710.28808467
-44.3791300847	28.8272461465	5.98639778427	11.4675337475	-3702.44193378
-44.3781095618	28.8316529746	6.48526614966	11.4680257376	-3694.87857862
-44.3770889524	28.836059795	6.98413480493	11.4685178375	-3682.66360765
-44.3760682566	28.8404666077	7.4830037501	11.4690100485	-3666.1807805
-44.3750474743	28.8448734128	7.98187298522	11.4695023695	-3630.83160488
-44.3740266056	28.8492802101	8.48074251029	11.4699948013	-3570.88323287
-44.3730056503	28.8536869998	8.97961232536	11.4704873434	-3502.67291611
-44.3719846085	28.8580937818	9.47848243045	11.470979996	-3435.67334089
-44.3709634802	28.8625005561	9.97735282558	11.4714727592	-3302.57202091
-44.3699422652	28.8669073227	10.4762235108	11.4719656331	-3123.00917197
-44.3689209637	28.8713140816	10.9750944861	11.4724586173	-3009.31122309
-44.3678995755	28.8757208328	11.4739657515	11.4729517123	-2922.56782442
-44.3668781007	28.8801275763	11.9728373072	11.4734449178	-2836.12814245
-44.3658565393	28.8845343121	12.4717091529	11.4739382341	-2756.86341517
-44.3648348911	28.8889410401	12.970581289	11.4744316608	-2661.94586097
-44.3638131562	28.8933477605	13.4694537152	11.4749251984	-2601.52434815
-44.3627913346	28.8977544732	13.9683264317	11.4754188465	-2551.46226723
-44.3617694262	28.9021611782	14.4671994385	11.4759126055	-2532.11477412
-44.360747431	28.9065678754	14.9660727357	11.4764064752	-2513.53876045
-44.359725349	28.910974565	15.4649463232	11.4769004556	-2539.19721377
-44.3587031801	28.9153812468	15.9638202011	11.4773945469	-2562.28605225
-44.3576809245	28.9197879209	16.4626943694	11.4778887488	-2575.08239377
-44.3566585819	28.9241945873	16.9615688281	11.4783830616	-2554.18427638
-44.3556361524	28.9286012459	17.4604435773	11.4788774854	-2569.45605777
-44.3546136361	28.9330078969	17.959318617	11.4793720197	-2643.96511873
-44.3535910327	28.9374145401	18.4581939472	11.4798666651	-2715.85819588
-44.3525683424	28.9418211756	18.957069568	11.4803614212	-2775.73436923
-44.3515455651	28.9462278033	19.4559454793	11.4808562886	-2818.60246179
-44.3505227008	28.9506344233	19.9548216813	11.4813512666	-2846.25844046
-44.3494997494	28.9550410356	20.4536981739	11.4818463559	-2842.42476907
-44.348476711	28.9594476402	20.9525749571	11.4823415556	-2838.20394817
-44.3474535855	28.963854237	21.451452031	11.482836867	-2861.01461768
-44.3464303729	28.968260826	21.9503293957	11.4833322888	-2899.76071809
-44.3454070732	28.9726674073	22.4492070511	11.483827822	-2925.49934522
-44.3443836863	28.9770739809	22.9480849972	11.484323466	-2941.59148048
-44.3433602122	28.9814805467	23.4469632342	11.4848192212	-2966.90349967
-44.3423366509	28.9858871048	23.945841762	11.4853150876	-2986.8531025
-44.3413130024	28.9902936551	24.4447205806	11.4858110649	-3032.95531455
-44.3402892666	28.9947001977	24.9435996902	11.4863071535	-3074.49101293
