-24.9459427497 0.772576
-24.4470309215 0.686599
-23.9481188069 0.529022
-23.4492064059 0.371456
-22.9502937185 0.314747
-22.4513807446 0.353164
-21.9524674843 0.387887
-21.4535539374 0.412022
-20.954640104 0.428476
-20.455725984 0.436352
-19.9568115774 0.436593
-19.4578968842 0.431631
-18.9589819043 0.422656
-18.4600666378 0.410593
-17.9611510846 0.395276
-17.4622352446 0.379636
-16.9633191179 0.362566
-16.4644027044 0.343905
-15.9654860042 0.324769
-15.466569017 0.304824
-14.967651743 0.285877
-14.4687341822 0.26934
-13.9698163344 0.256035
-13.4708981996 0.245132
-12.9719797779 0.23752
-12.4730610692 0.232854
-11.9741420735 0.22922
-11.4752227907 0.226278
-10.9763032209 0.222605
-10.4773833639 0.218868
-9.97846321986 0.214368
-9.47954278862 0.208327
-8.98062207021 0.200195
-8.48170106458 0.189394
-7.98277977172 0.174908
-7.48385819159 0.160154
-6.98493632417 0.15239
-6.48601416944 0.142319
-5.98709172737 0.135281
-5.48816899792 0.124781
-4.98924598108 0.110368
-4.49032267682 0.0936112
-3.9913990851 0.0781328
-3.49247520591 0.0624698
-2.99355103922 0.0501489
-2.49462658499 0.0434658
-1.99570184322 0.036888
-1.49677681385 0.0298453
-0.997851496881 0.023324
-0.498925892272 0.016231
0 0.0127984
0.498926179961 0.0177646
0.997852647638 0.0180399
1.49677940306 0.00962424
1.99570644625 0.00316575
2.49463377723 0
2.99356139604 0.00265806
3.49248930269 0.0104778
3.99141749722 0.0183352
4.49034597966 0.0263984
4.98927475002 0.0269326
5.48820380834 0.0366553
5.98713315463 0.0748554
6.48606278894 0.131261
6.98499271128 0.198635
7.48392292168 0.249733
7.98285342017 0.30588
8.48178420678 0.358331
8.98071528152 0.3969
9.47964664443 0.435604
9.97857829554 0.478338
10.4775102349 0.537727
10.9764424624 0.583569
11.4753749783 0.613831
11.9743077824 0.646341
12.4732408749 0.66605
12.9721742557 0.693018
13.4711079249 0.728019
13.9700418825 0.762108
14.4689761286 0.804659
14.9679106631 0.844714
15.466845486 0.839129
15.9657805975 0.77551
16.4647159975 0.667055
16.9636516861 0.570026
17.4625876633 0.543121
17.9615239291 0.554551
18.4604604835 0.638988
18.9593973267 0.726942
19.4583344585 0.775264
19.957271879 0.823591
20.4562095883 0.862153
20.9551475863 0.908536
21.4540858731 0.957188
21.9530244488 0.990136
22.4519633133 1.00433
22.9509024667 1.01424
23.4498419091 1.01638
23.9487816403 1.00349
24.4477216605 0.983724
24.9466619697 0.966786
