-24.9515789603 0.0723783
-24.4525541049 0.0726926
-23.9535289754 0.0771292
-23.4545035719 0.0864535
-22.9554778942 0.0996274
-22.4564519424 0.106101
-21.9574257165 0.0931712
-21.4583992164 0.0735791
-20.9593724421 0.037507
-20.4603453935 0.00708742
-19.9613180707 0
-19.4622904737 0.01052
-18.9632626023 0.0247426
-18.4642344567 0.0357576
-17.9652060366 0.0417679
-17.4661773423 0.0477399
-16.9671483735 0.0759786
-16.4681191303 0.110731
-15.9690896126 0.141244
-15.4700598205 0.16992
-14.9710297539 0.206586
-14.4719994128 0.236204
-13.9729687972 0.261841
-13.473937907 0.267252
-12.9749067422 0.276503
-12.4758753028 0.285835
-11.9768435888 0.294981
-11.4778116001 0.330026
-10.9787793367 0.39583
-10.4797467987 0.461511
-9.98071398588 0.525692
-9.48168089832 0.551872
-8.982647536 0.587576
-8.48361389887 0.625966
-7.98457998691 0.658246
-7.48554580011 0.65903
-6.98651133844 0.639593
-6.48747660187 0.614629
-5.98844159037 0.559073
-5.48940630394 0.499714
-4.99037074254 0.454146
-4.49133490614 0.41598
-3.99229879473 0.369932
-3.49326240828 0.326483
-2.99422574676 0.291657
-2.49518881016 0.279786
-1.99615159845 0.286575
-1.4971141116 0.301669
-0.99807634959 0.30577
-0.499038312398 0.303638
0 0.300906
0.499038587628 0.301341
0.99807745051 0.308238
1.49711658867 0.321176
1.99615600213 0.331157
2.49519569092 0.335484
2.99423565506 0.336152
3.49327589457 0.329227
3.99231640948 0.305326
4.49135719981 0.300658
4.99039826559 0.295288
5.48943960683 0.292292
5.98848122357 0.294753
6.48752311582 0.301562
6.98656528361 0.300193
7.48560772697 0.296808
7.98465044591 0.286449
8.48369344046 0.273356
8.98273671065 0.265586
9.4817802565 0.270424
9.98082407802 0.277503
10.4798681753 0.285841
10.9789125482 0.290799
11.4779571969 0.294713
11.9770021214 0.295939
12.4760473217 0.290896
12.9750927978 0.283148
13.4741385498 0.275569
13.9731845776 0.267598
14.4722308814 0.260344
14.971277461 0.26614
15.4703243166 0.26673
15.9693714482 0.279638
16.4684188557 0.312812
16.9674665393 0.3281
17.4665144989 0.316819
17.9655627345 0.294934
18.4646112463 0.347753
18.9636600341 0.405611
19.4627090981 0.458391
19.9617584383 0.498538
20.4608080546 0.515365
20.9598579471 0.500572
21.4589081158 0.471345
21.9579585608 0.450851
22.4570092821 0.441925
22.9560602796 0.428257
23.4551115535 0.407721
23.9541631037 0.44937
24.4532149303 0.423866
24.9522670333 0.324986
