-24.9636739233 0.916117
-24.4644065386 0.932109
-23.9651389055 0.922717
-23.465871024 0.90608
-22.966602894 0.936745
-22.4673345155 0.967724
-21.9680658885 0.998087
-21.4687970129 1.01267
-20.9695278888 0.980847
-20.4702585162 0.906329
-19.9709888949 0.843656
-19.4717190251 0.818841
-18.9724489066 0.808941
-18.4731785395 0.798193
-17.9739079238 0.745972
-17.4746370593 0.687341
-16.9753659462 0.679374
-16.4760945844 0.722342
-15.9768229738 0.687467
-15.4775511145 0.644325
-14.9782790065 0.607754
-14.4790066496 0.543977
-13.979734044 0.469665
-13.4804611895 0.466262
-12.9811880862 0.498636
-12.4819147341 0.530455
-11.982641133 0.567711
-11.4833672831 0.522843
-10.9840931843 0.471109
-10.4848188366 0.444913
-9.98554423986 0.495123
-9.4862693942 0.594828
-8.98699429956 0.671285
-8.48771895592 0.691732
-7.98844336327 0.693532
-7.48916752159 0.675826
-6.98989143085 0.648327
-6.49061509104 0.605062
-5.99133850214 0.54937
-5.49206166414 0.486892
-4.99278457702 0.431452
-4.49350724075 0.381478
-3.99422965532 0.326811
-3.49495182071 0.275427
-2.99567373691 0.225655
-2.4963954039 0.19074
-1.99711682165 0.177922
-1.49783799016 0.15976
-0.998558909398 0.154056
-0.49927957935 0.143278
0 0.120862
0.49927982867 0.100452
0.998559906681 0.0856752
1.49784023405 0.0759372
1.99712081079 0.0658713
2.49640163692 0.0611858
2.99568271246 0.0939641
3.49496403744 0.100238
3.99424561185 0.080387
4.49352743573 0.0499018
4.99280950909 0.0182792
5.49209183195 0.00381397
5.99137440433 0
6.49065722625 0.00442206
6.98994029771 0.00823638
7.48922361875 0.0118411
7.98850718937 0.0201111
8.4877910096 0.0273235
8.98707507946 0.0377977
9.48635939895 0.0620911
9.98564396811 0.12043
10.4849287869 0.205477
10.9842138555 0.26042
11.4834991737 0.287127
11.9827847417 0.320562
12.4820705594 0.443269
12.9813566269 0.57224
13.4806429441 0.678986
13.9799295112 0.754636
14.4792163281 0.81291
14.9785033948 0.864385
15.4777907114 0.889559
15.9770782778 0.879638
16.4763660942 0.840898
16.9756541604 0.844657
17.4749424766 0.844052
17.9742310427 0.832773
18.4735198588 0.812121
18.9728089248 0.786559
19.4720982409 0.756503
19.971387807 0.719079
20.470677623 0.66981
20.9699676892 0.616556
21.4692580054 0.56302
21.9685485717 0.513086
22.4678393881 0.464815
22.9671304546 0.456638
23.4664217712 0.43367
23.965713338 0.418044
24.465005155 0.41334
24.9642972222 0.414573
