-24.9459205123 1.07975
-24.4470091258 1.0429
-23.948097453 0.990981
-23.449185494 0.948504
-22.9502732486 0.956406
-22.4513607169 1.02069
-21.9524478989 0.994923
-21.4535347945 0.967526
-20.9546214036 0.930377
-20.4557077263 0.908868
-19.9567937626 0.899885
-19.4578795123 0.892748
-18.9589649756 0.884819
-18.4600501522 0.876745
-17.9611350423 0.832042
-17.4622196458 0.741356
-16.9633039627 0.633367
-16.4643879929 0.530997
-15.9654717365 0.474334
-15.4665551933 0.449874
-14.9676383633 0.442101
-14.4687212467 0.432173
-13.9698038432 0.441827
-13.4708861529 0.44515
-12.9719681757 0.439166
-12.4730499117 0.423521
-11.9741313608 0.406018
-11.475212523 0.394873
-10.9762933982 0.39358
-10.4773739864 0.401528
-9.97845428768 0.41287
-9.47953430187 0.416006
-8.98061402901 0.410465
-8.48169346907 0.409153
-7.98277262201 0.404839
-7.48385148781 0.393976
-6.98493006644 0.377809
-6.48600835789 0.380208
-5.98708636211 0.374335
-5.48816407909 0.371088
-4.9892415088 0.361249
-4.4903186512 0.343942
-3.99139550629 0.323486
-3.49247207401 0.32947
-2.99354835436 0.341706
-2.49462434731 0.35141
-1.99570005282 0.355658
-1.49677547087 0.336628
-0.997850601434 0.279259
-0.498925444487 0.18574
0 0.100232
0.498925732052 0.0325101
0.997851751696 0.0105844
1.49677805896 0.00366452
1.99570465387 0.00800112
2.49463153645 0.014192
2.99355870673 0.00568278
3.49248616473 0
3.99141391049 0.00118131
4.49034194402 0.0129919
4.98927026536 0.0300165
5.48819887453 0.0649599
5.98712777156 0.104065
6.48605695648 0.157956
6.9849864293 0.21129
7.48391619006 0.25296
7.98284623879 0.288747
8.48177657551 0.334804
8.98070720024 0.406698
9.47963811302 0.491648
9.97856931386 0.619211
10.4775008028 0.760655
10.9764325799 0.893629
11.4753646451 0.999315
11.9742969985 1.04079
12.4732296401 1.01536
12.9721625699 0.950256
13.471095788 0.954354
13.9700292943 1.02339
14.468963089 1.05368
14.967897172 1.03505
15.4668315434 0.951543
15.9657662031 0.84656
16.4647011513 0.75615
16.9636363879 0.686055
17.462571913 0.673885
17.9615077265 0.669527
18.4604438286 0.659624
18.9593802192 0.635101
19.4583168984 0.608948
19.9572538662 0.594981
20.4561911227 0.585052
20.9551286677 0.58347
21.4540665015 0.585843
21.9530046239 0.597139
22.4519430351 0.634114
22.950881735 0.680803
23.4498207238 0.720875
23.9487600013 0.731448
24.4476995677 0.727076
24.9466394229 0.724213
