-24.9459575546 0.781297
-24.4470454323 0.741653
-23.9481330236 0.702275
-23.4492203283 0.669684
-22.9503073466 0.650448
-22.4513940783 0.636204
-21.9524805234 0.618406
-21.453566682 0.600688
-20.9546525539 0.585948
-20.4557381392 0.573995
-19.9568234378 0.564562
-19.4579084497 0.556253
-18.9589931748 0.549147
-18.4600776132 0.544487
-17.9611617649 0.54089
-17.4622456297 0.537031
-16.9633292077 0.536999
-16.4644124988 0.536185
-15.965495503 0.533126
-15.4665782203 0.531461
-14.9676606507 0.531092
-14.4687427941 0.525636
-13.9698246505 0.519815
-13.4709062199 0.51436
-12.9719875022 0.508402
-12.4730684974 0.501749
-11.9741492056 0.495417
-11.4752296266 0.489135
-10.9763097604 0.48246
-10.4773896071 0.475348
-9.97846916655 0.467014
-9.47954843876 0.456464
-8.98062742371 0.443674
-8.48170612137 0.432006
-7.98278453171 0.419537
-7.4838626547 0.412214
-6.98494049032 0.423555
-6.48601803854 0.42895
-5.98709529934 0.429554
-5.48817227268 0.427955
-4.98924895855 0.424576
-4.49032535691 0.420324
-3.99140146773 0.414904
-3.492477291 0.41039
-2.99355282669 0.405016
-2.49462807476 0.399749
-1.99570303519 0.395304
-1.49677770796 0.389475
-0.997852093032 0.381963
-0.498926190389 0.371882
0 0.358808
0.498926478161 0.344653
0.99785324412 0.333648
1.4967802979 0.317356
1.99570763954 0.299182
2.49463526905 0.289
2.99356318647 0.291144
3.49249139182 0.299875
3.99141988513 0.309671
4.49034866642 0.308825
4.98927773572 0.291783
5.48820709306 0.264612
5.98713673846 0.225288
6.48606667196 0.170227
6.98499689357 0.11858
7.48392740332 0.075115
7.98285820124 0.0504791
8.48178928736 0.0549073
8.98072066171 0.0329495
9.4796523243 0
9.97858427517 0.00276085
10.4775165143 0.00343433
10.9764490418 0.0152598
11.4753818577 0.0546769
11.9743149619 0.0966863
12.4732483546 0.11663
12.9721820356 0.112588
13.4711160052 0.170224
13.9700502632 0.215515
14.4689848097 0.280413
14.9679196448 0.392017
15.4668547685 0.454885
15.9657901807 0.509195
16.4647258816 0.558362
16.9636618711 0.622464
17.4625981492 0.690339
17.9615347161 0.74339
18.4604715717 0.782489
18.9594087161 0.792762
19.4583461492 0.749317
19.9572838711 0.729127
20.4562218819 0.736659
20.9551601815 0.769071
21.45409877 0.813538
21.9530376474 0.842137
22.4519768137 0.864863
22.950916269 0.877111
23.4498560133 0.860026
23.9487960466 0.833695
24.447736369 0.830521
24.9466769804 0.820948
