-24.9515144874 0
-24.4524909129 0.0442618
-23.9534670647 0.0672269
-23.4544429428 0.0704497
-22.9554185471 0.0829072
-22.4563938776 0.112765
-21.9573689344 0.142095
-21.4583437173 0.172953
-20.9593182263 0.193809
-20.4602924615 0.200494
-19.9612664228 0.223842
-19.4622401101 0.258418
-18.9632135235 0.29807
-18.464186663 0.336425
-17.9651595284 0.379767
-17.4661321198 0.435738
-16.9671044372 0.493967
-16.4680764805 0.540468
-15.9690482497 0.545408
-15.4700197448 0.562104
-14.9709909658 0.585565
-14.4719619126 0.575495
-13.9729325852 0.523897
-13.4739029836 0.456591
-12.9748731077 0.390439
-12.4758429576 0.354383
-11.9768125332 0.347062
-11.4777818345 0.342563
-10.9787508615 0.319325
-10.4797196141 0.283705
-9.98068809234 0.26131
-9.48165629616 0.265869
-8.98262422555 0.273065
-8.4835918805 0.289405
-7.98455926096 0.283723
-7.48552636692 0.249219
-6.98649319836 0.225605
-6.48745975525 0.232301
-5.98842603757 0.249273
-5.48939204529 0.266446
-4.99035777839 0.276457
-4.49132323685 0.277845
-3.99228842063 0.285021
-3.49325332973 0.301315
-2.99421796411 0.325314
-2.49518232375 0.357839
-1.99614640862 0.403438
-1.49711021871 0.441862
-0.998073753983 0.477086
-0.499037014422 0.517225
0 0.529274
0.499037289304 0.521659
0.998074853515 0.511187
1.49711269266 0.50975
1.99615080676 0.51512
2.49518919583 0.520024
2.99422785991 0.5218
3.49326679902 0.535274
3.99230601317 0.570248
4.4913455024 0.616259
4.99038526673 0.667555
5.48942530618 0.718261
5.98846562077 0.763351
6.48750621054 0.795932
6.9865470755 0.828609
7.48558821567 0.868239
7.98462963108 0.906203
8.48367132176 0.936996
8.98271328773 0.882389
9.48175552901 0.715401
9.98079804562 0.572284
10.4798408376 0.526135
10.978883905 0.579207
11.4779272477 0.684175
11.9769708659 0.815647
12.4760147596 0.868367
12.9750589287 0.855562
13.4741033733 0.848307
13.9731480935 0.851095
14.4721930892 0.849028
14.9712383604 0.835039
15.4702839073 0.831354
15.9693297298 0.83801
16.4683758279 0.847406
16.9674222017 0.849647
17.4664688512 0.826487
17.9655157764 0.792516
18.4645629774 0.773323
18.9636104541 0.760716
19.4626582065 0.743878
19.9617062348 0.717308
20.460754539 0.672664
20.959803119 0.63089
21.4588519748 0.609216
21.9579011066 0.596508
22.4569505143 0.584971
22.9560001979 0.570079
23.4550501575 0.55142
23.9541003932 0.525472
24.4531509048 0.504166
24.9522016925 0.476486
