-24.9951704146 0.539443
-24.4952714429 0.533921
-23.9953722901 0.529405
-23.4954729563 0.525338
-22.9955734415 0.521494
-22.4956737456 0.517336
-21.9957738687 0.512772
-21.4958738106 0.507593
-20.9959735716 0.501126
-20.4960731514 0.494483
-19.9961725503 0.486431
-19.496271768 0.478614
-18.9963708047 0.470785
-18.4964696602 0.462262
-17.9965683348 0.45379
-17.4966668282 0.445056
-16.9967651406 0.435398
-16.4968632718 0.424478
-15.996961222 0.413303
-15.4970589911 0.401995
-14.9971565791 0.390215
-14.497253986 0.378735
-13.9973512119 0.366694
-13.4974482566 0.354305
-12.9975451202 0.340371
-12.4976418027 0.326675
-11.9977383041 0.31293
-11.4978346244 0.30022
-10.9979307636 0.287004
-10.4980267217 0.273354
-9.99812249868 0.260227
-9.49821809453 0.247812
-8.99831350925 0.235809
-8.49840874286 0.2242
-7.99850379534 0.213087
-7.49859866669 0.201769
-6.99869335691 0.188967
-6.498787866 0.177329
-5.99888219395 0.16479
-5.49897634077 0.152002
-4.99907030644 0.136637
-4.49916409098 0.118865
-3.99925769437 0.100178
-3.49935111661 0.0794579
-2.99944435771 0.0562187
-2.49953741765 0.0346313
-1.99963029643 0.0141663
-1.49972299407 0
-0.999815510539 0.0139115
-0.499907845851 0.0636805
0 0.123287
0.499908027018 0.183193
0.999816235204 0.241843
1.49972462456 0.293961
1.99963319509 0.337122
2.49954194679 0.368399
2.99945087968 0.38877
3.49935999374 0.398167
3.99926928898 0.402358
4.49917876541 0.403919
4.99908842303 0.40392
5.49899826183 0.404058
5.99890828183 0.402783
6.49881848302 0.401488
6.9987288654 0.399528
7.49863942899 0.397219
7.99855017377 0.393226
8.49846109976 0.386107
8.99837220695 0.373144
9.49828349535 0.362688
9.99819496496 0.36686
10.4981066158 0.387473
10.9980184478 0.418393
11.4979304611 0.457311
11.9978426555 0.502602
12.4977550312 0.552808
12.9976675881 0.605654
13.4975803263 0.65045
13.9974932457 0.675371
14.4974063463 0.683182
14.9973196281 0.682078
15.4972330912 0.737115
15.9971467355 0.776233
16.497060561 0.773022
16.9969745678 0.748047
17.4968887558 0.722098
17.9968031251 0.706083
18.4967176756 0.697226
18.9966324074 0.694495
19.4965473204 0.696457
19.9964624147 0.700197
20.4963776902 0.705251
20.996293147 0.720823
21.496208785 0.768657
21.9961246043 0.810992
22.4960406049 0.847566
22.9959567868 0.864053
23.4958731499 0.87198
23.9957896943 0.859315
24.4957064199 0.842972
24.9956233268 0.823275
