-24.9416574472 0.170235
-24.4428314799 0.172221
-23.9440052199 0.173524
-23.4451786672 0.173782
-22.9463518219 0.175923
-22.4475246837 0.178157
-21.9486972528 0.181221
-21.4498695291 0.192097
-20.9510415125 0.205074
-20.452213203 0.218385
-19.9533846007 0.23382
-19.4545557055 0.250583
-18.9557265172 0.267039
-18.456897036 0.285603
-17.9580672618 0.30879
-17.4592371946 0.336467
-16.9604068342 0.37135
-16.4615761808 0.415625
-15.9627452343 0.468125
-15.4639139946 0.522018
-14.9650824617 0.574829
-14.4662506356 0.622865
-13.9674185162 0.665685
-13.4685861036 0.704662
-12.9697533976 0.74548
-12.4709203984 0.777494
-11.9720871058 0.778874
-11.4732535198 0.726362
-10.9744196403 0.66041
-10.4755854675 0.608843
-9.97675100112 0.586494
-9.47791624127 0.534745
-8.97908118788 0.450781
-8.48024584093 0.373394
-7.9814102004 0.30051
-7.48257426624 0.246097
-6.98373803844 0.226096
-6.48490151696 0.225052
-5.98606470177 0.230385
-5.48722759285 0.2298
-4.98839019016 0.230208
-4.48955249369 0.229123
-3.99071450339 0.227905
-3.49187621924 0.229824
-2.99303764121 0.231171
-2.49419876928 0.230617
-1.99535960341 0.22908
-1.49652014358 0.224896
-0.99768038975 0.222418
-0.498840341901 0.221795
0 0.224483
0.49884063598 0.216261
0.997681566068 0.19946
1.49652279029 0.158859
1.99536430868 0.116085
2.49420612127 0.0778079
2.99304822808 0.0419605
3.49189062914 0.0170554
3.99073332448 0.00446757
4.48957631412 0.00010718
4.98841959811 0
5.48726317646 0.000935114
5.98610704921 0.00218748
6.48495121638 0.00584797
6.983795678 0.0111729
7.48264043411 0.0183898
7.98148548472 0.0263276
8.48033082987 0.0355695
8.97917646959 0.0434489
9.4780224039 0.0512853
9.97686863284 0.0586165
10.4757151564 0.0662359
10.9745619747 0.0803289
11.4734090877 0.10425
11.9722564954 0.131747
12.4711041979 0.163681
12.9699521951 0.208441
13.4688004872 0.26225
13.9676490742 0.322039
14.466497956 0.390117
14.9653471328 0.465539
15.4641966044 0.549093
15.9630463711 0.638401
16.4618964327 0.733572
16.9607467894 0.831195
17.4595974411 0.922521
17.9584483879 1.00036
18.4572996298 1.04541
18.9561511668 1.03703
19.455002999 0.953025
19.9538551264 0.839794
20.4527075491 0.795572
20.9515602669 0.809479
21.4504132801 0.849121
21.9492665885 0.897393
22.4481201923 0.944079
22.9469740915 0.981903
23.445828286 1.00286
23.944682776 1.00185
24.4435375614 0.971964
24.9423926423 0.91862
