-24.9771369963 0.408133
-24.4775998074 0.434547
-23.9780623921 0.455533
-23.4785247503 0.47301
-22.9789868822 0.473232
-22.4794487877 0.439186
-21.9799104667 0.438292
-21.4803719193 0.454695
-20.9808331454 0.452504
-20.481294145 0.436988
-19.9817549182 0.411897
-19.4822154649 0.381696
-18.982675785 0.35367
-18.4831358787 0.331824
-17.9835957458 0.314767
-17.4840553864 0.303691
-16.9845148004 0.298552
-16.4849739879 0.296472
-15.9854329488 0.296089
-15.4858916832 0.298622
-14.9863501909 0.298679
-14.486808472 0.295946
-13.9872665265 0.291651
-13.4877243544 0.285209
-12.9881819557 0.276837
-12.4886393302 0.267626
-11.9890964782 0.257768
-11.4895533994 0.247095
-10.990010094 0.236908
-10.4904665619 0.226658
-9.99092280301 0.226733
-9.49137881745 0.228559
-8.99183460516 0.232883
-8.49229016613 0.230891
-7.99274550034 0.222289
-7.49320060779 0.205204
-6.99365548846 0.182959
-6.49411014235 0.159558
-5.99456456943 0.136218
-5.49501876971 0.110416
-4.99547274316 0.0844477
-4.49592648978 0.058975
-3.99638000955 0.0337532
-3.49683330247 0.0114389
-2.99728636852 0.000328215
-2.4977392077 0
-1.99819181998 0.00305378
-1.49864420537 0.0251121
-0.999096363838 0.0906429
-0.499548295387 0.150136
0 0.207437
0.499548522332 0.265459
0.999097271621 0.321309
1.49864624788 0.365741
1.99819545112 0.400642
2.49774488134 0.42578
2.99729453857 0.441292
3.49684442282 0.447937
3.99639453408 0.44878
4.49594487239 0.448665
4.99549543774 0.447101
5.49504623014 0.446277
5.99459724962 0.444553
6.49414849618 0.441493
6.99369996983 0.435194
7.49325167058 0.425975
7.99280359844 0.415491
8.49235575343 0.405867
8.99190813556 0.413651
9.49146074483 0.440892
9.99101358126 0.471029
10.4905666449 0.496889
10.9901199356 0.522121
11.4896734536 0.543886
11.9892271988 0.560454
12.4887811712 0.573347
12.9883353708 0.585532
13.4878897977 0.594292
13.9874444518 0.603079
14.4869993331 0.622586
14.9865544417 0.659777
15.4861097777 0.695272
15.9856653409 0.677813
16.4852211314 0.653385
16.9847771492 0.632133
17.4843333943 0.618793
17.9838898668 0.609991
18.4834465666 0.606938
18.9830034938 0.607319
19.4825606484 0.608006
19.9821180303 0.609136
20.4816756396 0.616877
20.9812334763 0.627
21.4807915405 0.632276
21.980349832 0.64309
22.479908351 0.670713
22.9794670975 0.687525
23.4790260714 0.710496
23.9785852728 0.736782
24.4781447016 0.739113
24.9777043579 0.723265
