-45.7236392251	28.8534353404	-24.9459427497	14.6314134376	-3442.88564285
-45.7223423366	28.8577861161	-24.4470309215	14.6314134376	-3528.86329254
-45.7210453395	28.8621368793	-23.9481188069	14.6320393211	-3686.43977472
-45.7197482338	28.8664876301	-23.4492064059	14.6326653434	-3844.00606987
-45.7184510196	28.8708383685	-22.9502937185	14.6332915043	-3900.71474482
-45.7171536967	28.8751890944	-22.4513807446	14.6339178038	-3862.29760141
-45.7158562651	28.879539808	-21.9524674843	14.634544242	-3827.57468156
-45.7145587249	28.8838905091	-21.4535539374	14.6351708192	-3803.43942502
-45.713261076	28.8882411978	-20.954640104	14.6357975348	-3786.98609879
-45.7119633183	28.8925918741	-20.455725984	14.6364243894	-3779.10963928
-45.7106654519	28.8969425379	-19.9568115774	14.6370513829	-3778.86856786
-45.7093674766	28.9012931893	-19.4578968842	14.637678515	-3783.83114228
-45.7080693926	28.9056438282	-18.9589819043	14.6383057863	-3792.80628112
-45.7067711997	28.9099944547	-18.4600666378	14.6389331959	-3804.86905336
-45.7054728978	28.9143450688	-17.9611510846	14.6395607449	-3820.18541993
-45.7041744871	28.9186956704	-17.4622352446	14.6401884328	-3835.82602852
-45.7028759675	28.9230462595	-16.9633191179	14.6408162594	-3852.8958033
-45.7015773389	28.9273968362	-16.4644027044	14.6414442252	-3871.5568789
-45.7002786013	28.9317474004	-15.9654860042	14.64207233	-3890.69263178
-45.6989797546	28.9360979521	-15.466569017	14.6427005737	-3910.63800139
-45.6976807989	28.9404484914	-14.967651743	14.6433289565	-3929.58461401
-45.6963817341	28.9447990182	-14.4687341822	14.6439574785	-3946.12225056
-45.6950825603	28.9491495326	-13.9698163344	14.6445861394	-3959.42655211
-45.6937832772	28.9535000344	-13.4708981996	14.6452149394	-3970.33034883
-45.6924838851	28.9578505238	-12.9719797779	14.645843879	-3977.94184891
-45.6911843837	28.9622010007	-12.4730610692	14.6464729574	-3982.60799722
-45.6898847731	28.9665514651	-11.9741420735	14.6471021749	-3986.24228023
-45.6885850532	28.970901917	-11.4752227907	14.6477315319	-3989.18339671
-45.6872852241	28.9752523565	-10.9763032209	14.6483610279	-3992.85681879
-45.6859852856	28.9796027834	-10.4773833639	14.6489906634	-3996.59419924
-45.6846852379	28.9839531978	-9.97846321986	14.649620438	-4001.0941713
-45.6833850807	28.9883035997	-9.47954278862	14.6502503521	-4007.13451356
-45.6820848142	28.9926539891	-8.98062207021	14.6508804055	-4015.2672768
-45.6807844382	28.997004366	-8.48170106458	14.6515105982	-4026.06805755
-45.6794839528	29.0013547304	-7.98277977172	14.6521409303	-4040.55430011
-45.6781833579	29.0057050823	-7.48385819159	14.6527714019	-4055.30797575
-45.6768826535	29.0100554216	-6.98493632417	14.6534020128	-4063.07168439
-45.6755818396	29.0144057484	-6.48601416944	14.6540327633	-4073.14286174
-45.6742809161	29.0187560627	-5.98709172737	14.6546636534	-4080.181311
-45.672979883	29.0231063645	-5.48816899792	14.6552946828	-4090.68047841
-45.6716787402	29.0274566537	-4.98924598108	14.6559258518	-4105.09365287
-45.6703774879	29.0318069304	-4.49032267682	14.6565571603	-4121.85065518
-45.6690761258	29.0361571946	-3.9913990851	14.6571886086	-4137.3290504
-45.6677746541	29.0405074462	-3.49247520591	14.6578201963	-4152.99203784
-45.6664730726	29.0448576852	-2.99355103922	14.6584519238	-4165.31300789
-45.6651713813	29.0492079117	-2.49462658499	14.6590837909	-4171.99611122
-45.6638695803	29.0535581257	-1.99570184322	14.6597157976	-4178.57390903
-45.6625676694	29.0579083271	-1.49677681385	14.6603479441	-4185.61653731
-45.6612656487	29.0622585159	-0.997851496881	14.6609802305	-4192.13787041
-45.6599635181	29.0666086922	-0.498925892272	14.6616126563	-4199.23084266
-45.6586612776	29.0709588559	0	14.6622452223	-4202.66345143
-45.6573589271	29.075309007	0.498926179961	14.6628779278	-4197.69731546
-45.6560564667	29.0796591456	0.997852647638	14.6635107733	-4197.42197148
-45.6547538963	29.0840092715	1.49677940306	14.6641437584	-4205.837636
-45.6534512159	29.0883593849	1.99570644625	14.6647768838	-4212.29612661
-45.6521484254	29.0927094857	2.49463377723	14.6654101488	-4215.46187549
-45.6508455249	29.097059574	2.99356139604	14.666043554	-4212.80381683
-45.6495425142	29.1014096496	3.49248930269	14.6666770987	-4204.98404939
-45.6482393934	29.1057597127	3.99141749722	14.6673107838	-4197.12664038
-45.6469361624	29.1101097631	4.49034597966	14.6679446089	-4189.06343243
-45.6456328213	29.1144598009	4.98927475002	14.6685785738	-4188.52929202
-45.6443293699	29.1188098262	5.48820380834	14.669212679	-4178.8065657
-45.6430258082	29.1231598388	5.98713315463	14.669846924	-4140.60646882
-45.6417221363	29.1275098389	6.48606278894	14.6704813093	-4084.20112258
-45.6404183541	29.1318598263	6.98499271128	14.6711158348	-4016.82647307
-45.6391144615	29.1362098011	7.48392292168	14.6717505003	-3965.72926988
-45.6378104586	29.1405597632	7.98285342017	14.6723853062	-3909.58171402
-45.6365063453	29.1449097128	8.48178420678	14.6730202519	-3857.13132622
-45.6352021215	29.1492596497	8.98071528152	14.6736553382	-3818.56195239
-45.6338977873	29.153609574	9.47964664443	14.6742905646	-3779.85790919
-45.6325933427	29.1579594857	9.97857829554	14.6749259314	-3737.12359109
-45.6312887875	29.1623093847	10.4775102349	14.6755614385	-3677.73489397
-45.6299841217	29.1666592711	10.9764424624	14.6761970857	-3631.89265404
-45.6286793454	29.1710091448	11.4753749783	14.6768328735	-3601.63046173
-45.6273744585	29.1753590059	11.9743077824	14.6774688016	-3569.12063833
-45.626069461	29.1797088543	12.4732408749	14.6781048699	-3549.41228767
-45.6247643528	29.1840586901	12.9721742557	14.678741079	-3522.44367925
-45.623459134	29.1884085132	13.4711079249	14.6793774283	-3487.44307319
-45.6221538044	29.1927583237	13.9700418825	14.6800139182	-3453.35345344
-45.6208483641	29.1971081215	14.4689761286	14.6806505486	-3410.80262555
-45.619542813	29.2014579067	14.9679106631	14.6812873194	-3370.74749361
-45.6182371512	29.2058076791	15.466845486	14.6819242309	-3376.33336391
-45.6169313785	29.2101574389	15.9657805975	14.6825612829	-3439.95137839
-45.6156254949	29.214507186	16.4647159975	14.6831984755	-3548.40644533
-45.6143195005	29.2188569205	16.9636516861	14.6838358087	-3645.43573697
-45.6130133951	29.2232066422	17.4625876633	14.6844732827	-3672.34078157
-45.6117071788	29.2275563513	17.9615239291	14.6851108973	-3660.91058689
-45.6104008515	29.2319060477	18.4604604835	14.6857486526	-3576.47407467
-45.6090944133	29.2362557314	18.9593973267	14.6863865486	-3488.52001318
-45.607787864	29.2406054024	19.4583344585	14.6870245853	-3440.19803842
-45.6064812036	29.2449550606	19.957271879	14.687662763	-3391.87038683
-45.6051744322	29.2493047062	20.4562095883	14.6883010811	-3353.30877828
-45.6038675496	29.2536543391	20.9551475863	14.6889395403	-3306.92561472
-45.6025605559	29.2580039593	21.4540858731	14.6895781406	-3258.27387103
-45.601253451	29.2623535667	21.9530244488	14.6902168812	-3225.32634695
-45.5999462349	29.2667031615	22.4519633133	14.6908557632	-3211.13171097
-45.5986389076	29.2710527435	22.9509024667	14.6914947858	-3201.22071388
-45.597331469	29.2754023128	23.4498419091	14.6921339495	-3199.08568158
-45.5960239192	29.2797518693	23.9487816403	14.6927732541	-3211.97109967
-45.594716258	29.2841014132	24.4477216605	14.6934126999	-3231.73814579
-45.5934084855	29.2884509443	24.9466619697	14.6940522865	-3248.67616034
