-24.9416612636 0.143463
-24.4428352205 0.143688
-23.9440088847 0.144163
-23.4451822562 0.146742
-22.9463553349 0.150614
-22.4475281209 0.15696
-21.9487006141 0.16612
-21.4498728144 0.177633
-20.9510447219 0.189002
-20.4522163365 0.200908
-19.9533876582 0.215081
-19.4545586869 0.231834
-18.9557294227 0.252895
-18.4568998654 0.282301
-17.9580700151 0.315366
-17.4592398718 0.351519
-16.9604094353 0.393879
-16.4615787058 0.442984
-15.9627476831 0.494017
-15.4639163672 0.54367
-14.9650847581 0.588603
-14.4662528557 0.626319
-13.9674206601 0.654899
-13.4685881712 0.669132
-12.969755389 0.678043
-12.4709223134 0.680302
-11.9720889445 0.66645
-11.4732552821 0.634436
-10.9744213263 0.585667
-10.475587077 0.526645
-9.97675253424 0.463113
-9.47791769794 0.398254
-8.97908256808 0.344264
-8.48024714464 0.314254
-7.98141142759 0.287398
-7.4825754169 0.262679
-6.98373911254 0.268473
-6.48490251448 0.289408
-5.98606562269 0.311613
-5.48722843715 0.367771
-4.98839095782 0.421977
-4.48955318467 0.426674
-3.99071511769 0.417377
-3.49187675683 0.370914
-2.99303810207 0.323917
-2.49419915338 0.267531
-1.99535991073 0.250637
-1.4965203741 0.273861
-0.997680543456 0.293417
-0.498840418765 0.301055
0 0.297802
0.498840712865 0.288887
0.99768171986 0.240255
1.49652302102 0.173924
1.99536461636 0.0956572
2.49420650591 0.03965
2.99304868972 0.0132026
3.49189116779 0.00376042
3.99073394017 0.00198172
4.48957700688 0.00233968
4.98842036795 0.00232243
5.4872640234 0
5.98610797328 0.000450513
6.48495221759 0.00578609
6.98379675639 0.0140283
7.48264158968 0.0259743
7.98148671751 0.0410304
8.48033213989 0.057353
8.97917785687 0.074754
9.47802386846 0.0953738
9.97687017469 0.116251
10.4757167756 0.134559
10.9745636712 0.147921
11.4734108616 0.16704
11.9722583467 0.194591
12.4711061266 0.235713
12.9699542013 0.290657
13.4688025708 0.349812
13.9676512352 0.406297
14.4665001946 0.457406
14.9653494488 0.505514
15.464198998 0.550975
15.9630488423 0.590481
16.4618989815 0.625683
16.9607494157 0.657909
17.4596001451 0.681563
17.9584511695 0.689594
18.4573024891 0.674202
18.9561541038 0.617047
19.4550060137 0.511077
19.9538582189 0.403715
20.4527107193 0.351455
20.9515635149 0.362314
21.4504166059 0.403902
21.9492699921 0.454303
22.4481236738 0.506655
22.9469776508 0.556706
23.4458319232 0.596176
23.9446864911 0.619418
24.4435413544 0.62848
24.9423965133 0.621617
