-44.5002800056	28.5643097854	-24.942892646	11.4097768007	-3640.58300558
-44.4992671452	28.5687175202	-24.4440418657	11.4097768007	-3598.22936649
-44.4982542	28.5731252475	-23.9451907972	11.4102611288	-3540.65143916
-44.4972411699	28.5775329672	-23.4463394404	11.4107455662	-3484.94758724
-44.496228055	28.5819406794	-22.9474877954	11.4112301123	-3412.31853444
-44.4952148551	28.5863483841	-22.448635862	11.4117147676	-3390.30762024
-44.4942015702	28.5907560813	-21.9497836403	11.4121995318	-3427.5592357
-44.4931882004	28.5951637709	-21.4509311303	11.4126844055	-3462.88283108
-44.4921747456	28.599571453	-20.9520783318	11.4131693879	-3464.33198169
-44.4911612057	28.6039791276	-20.4532252449	11.4136544796	-3478.89006628
-44.4901475808	28.6083867946	-19.9543718696	11.4141396805	-3468.55118223
-44.4891338709	28.6127944541	-19.4555182058	11.4146249905	-3430.57155674
-44.4881200759	28.617202106	-18.9566642534	11.4151104096	-3382.02798965
-44.4871061958	28.6216097504	-18.4578100126	11.415595938	-3364.36769247
-44.4860922305	28.6260173873	-17.9589554832	11.4160815758	-3351.90343763
-44.4850781801	28.6304250166	-17.4601006651	11.4165673225	-3306.38652999
-44.4840640445	28.6348326384	-16.9612455585	11.4170531788	-3270.7012083
-44.4830498237	28.6392402526	-16.4623901632	11.4175391442	-3276.86808633
-44.4820355177	28.6436478592	-15.9635344792	11.4180252189	-3289.10230559
-44.4810211265	28.6480554584	-15.4646785065	11.4185114029	-3317.30582954
-44.48000665	28.6524630499	-14.9658222451	11.4189976963	-3335.47433704
-44.4789920882	28.6568706339	-14.4669656949	11.4194840992	-3342.76009749
-44.4779774411	28.6612782103	-13.9681088559	11.4199706112	-3345.54985991
-44.4769627086	28.6656857792	-13.4692517281	11.4204572329	-3357.3712221
-44.4759478909	28.6700933405	-12.9703943115	11.4209439638	-3370.2637983
-44.4749329877	28.6745008942	-12.471536606	11.4214308042	-3360.66255907
-44.4739179991	28.6789084404	-11.9726786115	11.4219177541	-3333.35335079
-44.4729029251	28.683315979	-11.4738203282	11.4224048134	-3318.24331241
-44.4718877657	28.68772351	-10.9749617558	11.4228919824	-3327.44465636
-44.4708725208	28.6921310335	-10.4761028945	11.4233792605	-3343.72328147
-44.4698571904	28.6965385493	-9.97724374417	11.4238666485	-3381.32748819
-44.4688417745	28.7009460576	-9.47838430478	11.4243541458	-3418.23635185
-44.467826273	28.7053535583	-8.97952457632	11.4248417531	-3442.94993646
-44.466810686	28.7097610514	-8.48066455875	11.4253294696	-3449.58300573
-44.4657950134	28.714168537	-7.98180425206	11.4258172958	-3459.67193367
-44.4647792552	28.7185760149	-7.4829436562	11.4263052318	-3464.37254318
-44.4637634114	28.7229834853	-6.98408277116	11.4267932773	-3475.38762121
-44.462747482	28.7273909481	-6.4852215969	11.4272814323	-3497.07728994
-44.4617314668	28.7317984033	-5.98636013339	11.4277696973	-3487.04770919
-44.460715366	28.7362058509	-5.48749838061	11.4282580719	-3485.70659613
-44.4596991794	28.7406132908	-4.98863633853	11.4287465562	-3484.11945734
-44.4586829071	28.7450207232	-4.48977400713	11.4292351503	-3492.77579671
-44.4576665491	28.749428148	-3.99091138636	11.4297238543	-3506.49263131
-44.4566501052	28.7538355652	-3.49204847621	11.4302126678	-3529.53173023
-44.4556335756	28.7582429748	-2.99318527665	11.4307015914	-3533.60007554
-44.4546169601	28.7626503768	-2.49432178764	11.4311906246	-3509.121691
-44.4536002587	28.7670577711	-1.99545800916	11.4316797677	-3490.36517703
-44.4525834715	28.7714651579	-1.49659394119	11.4321690209	-3485.30412778
-44.4515665984	28.775872537	-0.99772958369	11.4326583835	-3515.47338438
-44.4505496394	28.7802799085	-0.498864936636	11.4331478564	-3560.22450233
-44.4495325944	28.7846872724	0	11.4336374392	-3600.78793012
-44.4485154634	28.7890946287	0.498865226246	11.4341271317	-3628.18925622
-44.4474982465	28.7935019774	0.99773074213	11.4346169344	-3641.46425883
-44.4464809435	28.7979093184	1.49659654768	11.4351068471	-3652.3450185
-44.4454635545	28.8023166518	1.99546264293	11.4355968696	-3658.49138923
-44.4444460795	28.8067239776	2.4943290279	11.4360870023	-3662.11440895
-44.4434285183	28.8111312958	2.99319570262	11.436577245	-3669.15692519
-44.4424108711	28.8155386063	3.49206266712	11.4370675978	-3686.18357222
-44.4413931377	28.8199459092	3.99092992142	11.4375580606	-3701.88304879
-44.4403753182	28.8243532045	4.48979746556	11.4380486334	-3714.23681784
-44.4393574125	28.8287604921	4.98866529956	11.4385393167	-3721.77145247
-44.4383394206	28.8331677721	5.48753342346	11.4390301098	-3722.43731233
-44.4373213425	28.8375750444	5.98640183727	11.4395210132	-3719.44235028
-44.4363031781	28.8419823091	6.48527054103	11.4400120268	-3711.94212256
-44.4352849275	28.8463895661	6.98413953477	11.4405031504	-3701.53545907
-44.4342665906	28.8507968155	7.48300881851	11.4409943844	-3686.78706298
-44.4332481674	28.8552040573	7.98187839227	11.4414857286	-3683.20564136
-44.4322296579	28.8596112914	8.4807482561	11.441977183	-3667.74642689
-44.4312110619	28.8640185178	8.97961841002	11.4424687478	-3655.56396196
-44.4301923797	28.8684257366	9.47848885405	11.4429604229	-3640.05358453
-44.429173611	28.8728329477	9.97735958822	11.4434522081	-3647.29662488
-44.4281547559	28.8772401512	10.4762306126	11.4439441039	-3637.59695898
-44.4271358143	28.881647347	10.9751019271	11.4444361101	-3620.42335143
-44.4261167863	28.8860545352	11.4739735319	11.4449282263	-3615.28556336
-44.4250976717	28.8904617156	11.9728454269	11.4454204533	-3624.00612495
-44.4240784707	28.8948688884	12.4717176122	11.4459127904	-3650.61185873
-44.4230591831	28.8992760536	12.9705900878	11.4464052381	-3648.02961664
-44.422039809	28.903683211	13.4694628538	11.4468977963	-3560.46972363
-44.4210203482	28.9080903608	13.9683359101	11.4473904649	-3444.81212969
-44.4200008009	28.9124975029	14.4672092568	11.4478832439	-3290.64989563
-44.4189811669	28.9169046374	14.966082894	11.4483761337	-3156.82899706
-44.4179614463	28.9213117641	15.4649568215	11.4488691338	-3021.40812677
-44.416941639	28.9257188832	15.9638310396	11.4493622445	-2935.77655899
-44.415921745	28.9301259946	16.4627055482	11.4498554657	-2928.66790612
-44.4149017643	28.9345330983	16.9615803473	11.4503487977	-2971.4763323
-44.4138816968	28.9389401943	17.460455437	11.4508422401	-2997.06395326
-44.4128615425	28.9433472826	17.9593308172	11.4513357933	-2975.92830301
-44.4118413015	28.9477543632	18.4582064881	11.4518294572	-3010.20449949
-44.4108209737	28.9521614362	18.9570824496	11.4523232315	-3077.28987021
-44.409800559	28.9565685014	19.4559587018	11.4528171167	-3140.91421909
-44.4087800574	28.9609755589	19.9548352447	11.4533111126	-3134.3037886
-44.407759469	28.9653826088	20.4537120783	11.4538052192	-3148.98205652
-44.4067387936	28.9697896509	20.9525892027	11.4542994364	-3176.30988214
-44.4057180314	28.9741966853	21.4514666178	11.4547937647	-3190.18552584
-44.4046971821	28.978603712	21.9503443238	11.4552882035	-3218.35602953
-44.4036762459	28.983010731	22.4492223206	11.4557827533	-3247.54381647
-44.4026552227	28.9874177423	22.9481006083	11.4562774138	-3255.82509861
-44.4016341125	28.9918247459	23.4469791869	11.4567721852	-3245.33956086
-44.4006129152	28.9962317418	23.9458580564	11.4572670674	-3243.5621096
-44.3995916309	29.0006387299	24.4447372168	11.4577620609	-3252.34255725
-44.3985702595	29.0050457104	24.9436166683	11.4582571646	-3269.0463234
