-24.9458386665 0.831438
-24.4469289057 0.818972
-23.9480188592 0.822409
-23.4491085267 0.802235
-22.9501979085 0.78477
-22.4512870044 0.765517
-21.9523758143 0.744384
-21.4534643383 0.723459
-20.9545525764 0.708074
-20.4556405285 0.676152
-19.9567281946 0.604216
-19.4578155746 0.522715
-18.9589026686 0.430949
-18.4599894765 0.331406
-17.9610759983 0.22612
-17.4621622339 0.13068
-16.9632481833 0.0903484
-16.4643338466 0.100286
-15.9654192236 0.125763
-15.4665043143 0.177499
-14.9675891188 0.237568
-14.468673637 0.296519
-13.9697578689 0.354432
-13.4708418143 0.41038
-12.9719254734 0.459977
-12.4730088461 0.498426
-11.9740919323 0.509916
-11.4751747321 0.499197
-10.9762572454 0.481432
-10.4773394721 0.457562
-9.97842141235 0.426321
-9.47950306598 0.393027
-8.98058443301 0.357024
-8.4816655134 0.319224
-7.98274630715 0.279441
-7.4838268142 0.236999
-6.98490703455 0.192664
-6.48598696817 0.147044
-5.98706661502 0.100131
-5.48814597508 0.0670056
-4.98922504832 0.0396702
-4.49030383473 0.00986915
-3.99138233426 0.0108296
-3.49246054689 0.0391797
-2.99353847261 0.0609319
-2.49461611137 0.0736036
-1.99569346316 0.0776148
-1.49677052794 0.074414
-0.997847305691 0.0635013
-0.498923796387 0.0452453
0 0.0240052
0.498924083497 0.00678852
0.99784845413 0
1.49677311193 0.00811505
1.99569805691 0.0161964
2.49462328911 0.0205687
2.99354880856 0.0226986
3.49247461528 0.0244864
3.99140070929 0.0178395
4.49032709062 0.0301235
4.98925375931 0.0503229
5.48818071537 0.0680639
5.98710795883 0.0813845
6.48603548972 0.111255
6.98496330807 0.130312
7.4838914139 0.140975
7.98281980724 0.15837
8.48174848811 0.171691
8.98067745654 0.192386
9.47960671257 0.213518
9.97853625621 0.237312
10.4774660875 0.243145
10.9763962064 0.253228
11.4753266131 0.271064
11.9742573074 0.311235
12.4731882896 0.367073
12.9721195594 0.416607
13.4710511171 0.460465
13.9699829626 0.502536
14.468915096 0.542761
14.9678475172 0.584526
15.4667802264 0.638834
15.9657132235 0.705404
16.4646465085 0.774946
16.9635800816 0.838898
17.4625139426 0.852134
17.9614480917 0.820443
18.4603825288 0.771332
18.9593172541 0.724787
19.4582522674 0.687224
19.9571875689 0.674822
20.4561231586 0.657957
20.9550590364 0.656579
21.4539952025 0.666299
21.9529316569 0.67999
22.4518683995 0.694341
22.9508054304 0.706188
23.4497427496 0.714491
23.9486803572 0.719372
24.4476182532 0.718955
24.9465564376 0.714799
