-44.2446200026	28.4568012097	-24.9636739233	32.1704802132	-2528.77097866
-44.2418967062	28.4606074113	-24.4644065386	32.1704802132	-2512.77954552
-44.2391732136	28.4644135586	-23.9651389055	32.1717779327	-2522.17178168
-44.2364495249	28.4682196518	-23.465871024	32.1730759047	-2538.80851144
-44.23372564	28.4720256906	-22.966602894	32.1743741293	-2508.14353266
-44.2310015588	28.4758316752	-22.4673345155	32.1756726063	-2477.16428061
-44.2282772813	28.4796376055	-21.9680658885	32.1769713361	-2446.80092036
-44.2255528074	28.4834434816	-21.4687970129	32.1782703185	-2432.21477395
-44.2228281372	28.4872493033	-20.9695278888	32.1795695535	-2464.04090069
-44.2201032705	28.4910550707	-20.4702585162	32.1808690416	-2538.55962665
-44.2173782073	28.4948607837	-19.9709888949	32.1821687819	-2601.23273558
-44.2146529477	28.4986664424	-19.4717190251	32.1834687755	-2626.04705619
-44.2119274914	28.5024720468	-18.9724489066	32.1847690217	-2635.94718756
-44.2092018386	28.5062775967	-18.4731785395	32.1860695208	-2646.69557817
-44.2064759891	28.5100830923	-17.9739079238	32.1873702728	-2698.91599867
-44.2037499429	28.5138885335	-17.4746370593	32.1886712778	-2757.5477199
-44.2010237	28.5176939203	-16.9753659462	32.1899725357	-2765.51456957
-44.1982972603	28.5214992527	-16.4760945844	32.1912740467	-2722.54612339
-44.1955706238	28.5253045306	-15.9768229738	32.1925758108	-2757.42167081
-44.1928437905	28.5291097541	-15.4775511145	32.1938778277	-2800.56382265
-44.1901167602	28.5329149231	-14.9782790065	32.1951800981	-2837.13409692
-44.187389533	28.5367200376	-14.4790066496	32.1964826213	-2900.91142759
-44.1846621088	28.5405250977	-13.979734044	32.1977853979	-2975.22289201
-44.1819344876	28.5443301033	-13.4804611895	32.1990884277	-2978.62654933
-44.1792066693	28.5481350543	-12.9811880862	32.2003917107	-2946.25211595
-44.1764786539	28.5519399509	-12.4819147341	32.2016952471	-2914.43381281
-44.1737504413	28.5557447929	-11.982641133	32.2029990368	-2877.1775859
-44.1710220316	28.5595495803	-11.4833672831	32.2043030799	-2922.04557767
-44.1682934246	28.5633543132	-10.9840931843	32.2056073762	-2973.77940191
-44.1655646203	28.5671589915	-10.4848188366	32.2069119261	-2999.97493743
-44.1628356187	28.5709636153	-9.98554423986	32.2082167295	-2949.7648603
-44.1601064197	28.5747681844	-9.4862693942	32.2095217863	-2850.05999579
-44.1573770233	28.5785726989	-8.98699429956	32.2108270966	-2773.60310913
-44.1546474294	28.5823771588	-8.48771895592	32.2121326607	-2753.15616292
-44.1519176381	28.5861815641	-7.98844336327	32.2134384784	-2751.3558973
-44.1491876492	28.5899859147	-7.48916752159	32.2147445494	-2769.0627193
-44.1464574627	28.5937902107	-6.98989143085	32.2160508747	-2796.56132154
-44.1437270786	28.597594452	-6.49061509104	32.2173574531	-2839.82658832
-44.1409964968	28.6013986386	-5.99133850214	32.2186642855	-2895.51825913
-44.1382657173	28.6052027705	-5.49206166414	32.2199713717	-2957.99655112
-44.1355347401	28.6090068477	-4.99278457702	32.2212787118	-3013.4365046
-44.132803565	28.6128108702	-4.49350724075	32.2225863057	-3063.41017088
-44.1300721922	28.6166148379	-3.99422965532	32.2238941534	-3118.07740388
-44.1273406214	28.6204187509	-3.49495182071	32.2252022552	-3169.46121461
-44.1246088527	28.6242226091	-2.99567373691	32.2265106109	-3219.23341508
-44.1218768861	28.6280264125	-2.4963954039	32.2278192205	-3254.1478838
-44.1191447214	28.6318301612	-1.99711682165	32.2291280841	-3266.96644934
-44.1164123587	28.6356338551	-1.49783799016	32.2304372021	-3285.12837934
-44.1136797979	28.6394374941	-0.998558909398	32.231746574	-3290.83265913
-44.1109470389	28.6432410783	-0.49927957935	32.2330562	-3301.61061094
-44.1082140818	28.6470446077	0	32.2343660803	-3324.0262304
-44.1054809264	28.6508480823	0.49927982867	32.2356762147	-3344.43679734
-44.1027475728	28.6546515019	0.998559906681	32.2369866035	-3359.21310736
-44.1000140209	28.6584548667	1.49784023405	32.2382972464	-3368.95108258
-44.0972802706	28.6622581767	1.99712081079	32.2396081438	-3379.01706189
-44.0945463219	28.6660614317	2.49640163692	32.2409192954	-3383.70251938
-44.0918121748	28.6698646318	2.99568271246	32.2422307016	-3350.92420068
-44.0890778292	28.6736677769	3.49496403744	32.243542362	-3344.64994231
-44.0863432851	28.6774708672	3.99424561185	32.244854277	-3364.50132472
-44.0836085424	28.6812739025	4.49352743573	32.2461664466	-3394.98655501
-44.0808736011	28.6850768828	4.99280950909	32.2474788705	-3426.60913765
-44.0781384611	28.6888798081	5.49209183195	32.2487915491	-3441.07435911
-44.0754031224	28.6926826785	5.99137440433	32.2501044823	-3444.88833043
-44.0726675851	28.6964854938	6.49065722625	32.2514176702	-3440.4662684
-44.0699318489	28.7002882542	6.98994029771	32.2527311126	-3436.65194751
-44.0671959139	28.7040909595	7.48922361875	32.2540448098	-3433.04725086
-44.06445978	28.7078936098	7.98850718937	32.2553587619	-3424.77722891
-44.0617234472	28.711696205	8.4877910096	32.2566729687	-3417.56482853
-44.0589869155	28.7154987451	8.98707507946	32.2579874301	-3407.09066302
-44.0562501848	28.7193012302	9.48635939895	32.2593021468	-3382.7972639
-44.053513255	28.7231036602	9.98564396811	32.260617118	-3324.45789713
-44.0507761262	28.7269060351	10.4849287869	32.2619323443	-3239.411768
-44.0480387982	28.7307083549	10.9842138555	32.2632478256	-3184.46831749
-44.0453012711	28.7345106195	11.4834991737	32.2645635617	-3157.76099081
-44.0425635447	28.738312829	11.9827847417	32.265879553	-3124.32677042
-44.0398256191	28.7421149833	12.4820705594	32.2671957994	-3001.61948837
-44.0370874942	28.7459170825	12.9813566269	32.268512301	-2872.64858257
-44.03434917	28.7497191265	13.4806429441	32.2698290574	-2765.9026437
-44.0316106463	28.7535211153	13.9799295112	32.2711460692	-2690.25256334
-44.0288719233	28.7573230489	14.4792163281	32.2724633363	-2631.97816731
-44.0261330008	28.7611249273	14.9785033948	32.2737808585	-2580.50320728
-44.0233938787	28.7649267505	15.4777907114	32.2750986359	-2555.32963978
-44.0206545572	28.7687285184	15.9770782778	32.276416669	-2565.25019807
-44.017915036	28.772530231	16.4763660942	32.277734957	-2603.99008342
-44.0151753151	28.7763318884	16.9756541604	32.2790535008	-2600.2311767
-44.0124353946	28.7801334905	17.4749424766	32.2803722997	-2600.83642688
-44.0096952744	28.7839350374	17.9742310427	32.2816913543	-2612.11572569
-44.0069549544	28.7877365289	18.4735198588	32.2830106642	-2632.7671976
-44.0042144346	28.7915379651	18.9728089248	32.2843302298	-2658.32976132
-44.0014737149	28.7953393459	19.4720982409	32.285650051	-2688.38551664
-43.9987327953	28.7991406714	19.971387807	32.2869701277	-2725.8096812
-43.9959916758	28.8029419416	20.470677623	32.28829046	-2775.07854702
-43.9932503563	28.8067431564	20.9699676892	32.289611048	-2828.33223243
-43.9905088368	28.8105443158	21.4692580054	32.2909318919	-2881.86796172
-43.9877671172	28.8143454198	21.9685485717	32.2922529914	-2931.80247139
-43.9850251975	28.8181464684	22.4678393881	32.2935743468	-2980.07367245
-43.9822830776	28.8219474616	22.9671304546	32.2948959579	-2988.24997712
-43.9795407575	28.8257483993	23.4664217712	32.2962178248	-3011.2186857
-43.9767982372	28.8295492816	23.965713338	32.2975399478	-3026.84395626
-43.9740555166	28.8333501084	24.465005155	32.2988623264	-3031.54854178
-43.9713125957	28.8371508798	24.9642972222	32.3001849614	-3030.31575699
