-24.9458535834 0.276333
-24.4469435264 0.438587
-23.9480331834 0.548648
-23.4491225545 0.634848
-22.9502116397 0.731603
-22.451300439 0.800435
-21.9523889522 0.799553
-21.4534771794 0.789623
-20.9545651206 0.762016
-20.4556527758 0.796023
-19.9567401448 0.801212
-19.4578272277 0.766279
-18.9589140245 0.756224
-18.4600005351 0.714333
-17.9610867594 0.65291
-17.4621726976 0.5633
-16.9632583495 0.500291
-16.4643437151 0.452957
-15.9654287944 0.434674
-15.4665135874 0.445978
-14.967598094 0.480357
-14.4686823142 0.529525
-13.969766248 0.591211
-13.4708498953 0.629229
-12.9719332562 0.561263
-12.4730163306 0.481511
-11.9740991185 0.394436
-11.4751816198 0.307983
-10.9762638345 0.238074
-10.4773457626 0.188088
-9.97842740411 0.156086
-9.47950875894 0.13859
-8.98058982709 0.131462
-8.48167060852 0.132497
-7.98275110322 0.140708
-7.48383131114 0.15551
-6.98491123228 0.174924
-6.4859908666 0.196041
-5.98707021407 0.218292
-5.48814927467 0.236795
-4.98922804837 0.245524
-4.49030653514 0.252724
-3.99138473496 0.251369
-3.4924626478 0.238693
-2.99354027363 0.199514
-2.49461761243 0.142418
-1.99569466417 0.0841349
-1.49677142882 0.04079
-0.997847906364 0.0200734
-0.498924096765 0.00391997
0 0
0.498924383958 0.0140367
0.997849055136 0.0410487
1.49677401356 0.0795574
1.99569925926 0.0987981
2.49462479225 0.0944838
2.99355061258 0.127619
3.49247672025 0.190949
3.99140311531 0.271283
4.49032979777 0.367682
4.98925676766 0.47493
5.48818402501 0.559207
5.98711156985 0.633439
6.4860394022 0.709173
6.98496752209 0.750843
7.48389592954 0.773936
7.98282462459 0.789192
8.48175360725 0.81634
8.98068287756 0.825894
9.47961243554 0.811246
9.97854228122 0.79763
10.4774724146 0.711971
10.9764028358 0.632741
11.4753335447 0.557587
11.9742645414 0.509876
12.473195826 0.478432
12.9721273984 0.442518
13.4710592587 0.392388
13.969991407 0.332269
14.4689238431 0.268269
14.9678565672 0.20426
15.4667895793 0.145042
15.9657228794 0.0958545
16.4646564676 0.0670146
16.9635903438 0.0820462
17.4625245082 0.131011
17.9614589606 0.199728
18.4603937012 0.279849
18.95932873 0.375443
19.4582640469 0.472173
19.9571996521 0.553185
20.4561355456 0.612199
20.9550717273 0.611143
21.4540081973 0.603766
21.9529449557 0.595364
22.4518820024 0.582157
22.9508193375 0.566168
23.449756961 0.549235
23.948694873 0.531854
24.4476330734 0.517174
24.9465715623 0.505479
