-24.9515037324 0
-24.4524803716 0.0838827
-23.9534567372 0.161934
-23.454432829 0.214969
-22.9554086472 0.253732
-22.4563841916 0.291796
-21.9573594623 0.311259
-21.4583344593 0.270506
-20.9593091824 0.212151
-20.4602836317 0.147524
-19.9612578072 0.124735
-19.4622317088 0.147679
-18.9632053365 0.174797
-18.4641786903 0.201128
-17.9651517702 0.217268
-17.4661245761 0.225283
-16.967097108 0.229305
-16.468069366 0.222666
-15.9690413498 0.207234
-15.4700130597 0.231627
-14.9709844954 0.2514
-14.471955657 0.242522
-13.9729265445 0.234353
-13.4738971579 0.205496
-12.974867497 0.184283
-12.475837562 0.184016
-11.9768073527 0.181434
-11.4777768692 0.181923
-10.9787461114 0.171065
-10.4797150793 0.159309
-9.98068377293 0.13916
-9.48165219218 0.110431
-8.98262033705 0.146318
-8.48358820753 0.189217
-7.98455580358 0.156205
-7.4855231252 0.0910896
-6.98649017235 0.0439398
-6.487456945 0.00967424
-5.98842344315 0.0152205
-5.48938966675 0.0399259
-4.99035561579 0.0614259
-4.49132129025 0.0757087
-3.99228669009 0.0848781
-3.4932518153 0.095484
-2.99421666585 0.11454
-2.49518124172 0.147099
-1.99614554289 0.189838
-1.49710956932 0.228822
-0.998073320998 0.265052
-0.4990367979 0.289636
0 0.303016
0.499037072726 0.308333
0.9980744203 0.304396
1.49711204275 0.302541
1.99614994009 0.297415
2.49518811236 0.290214
2.99422655957 0.284892
3.49326528175 0.284855
3.99230427892 0.296484
4.49134355111 0.335598
4.99038309833 0.382603
5.48942292063 0.433951
5.988463018 0.478242
6.48750339049 0.491812
6.98654403812 0.501978
7.4855849609 0.513051
7.98462615887 0.547178
8.48366763204 0.581833
8.98270938045 0.601221
9.4817514041 0.584112
9.98079370304 0.467272
10.4798362773 0.342123
10.9788791268 0.247294
11.4779222517 0.228771
11.976965652 0.242984
12.4760093277 0.210852
12.9750532788 0.162001
13.4740975053 0.194473
13.9731420074 0.232118
14.4721867849 0.280132
14.9712318379 0.330592
15.4702771664 0.337433
15.9693227705 0.319577
16.4683686502 0.291091
16.9674148056 0.278639
17.4664612365 0.285064
17.9655079431 0.305796
18.4645549254 0.298931
18.9636021834 0.286893
19.4626497171 0.278198
19.9616975265 0.272758
20.4607456118 0.268381
20.9597939728 0.265836
21.4588426097 0.26034
21.9578915224 0.252734
22.4569407109 0.241089
22.9559901754 0.230421
23.4550399158 0.232377
23.9540899321 0.237609
24.4531402244 0.256944
24.9521907927 0.271876
