-25.0259246643 0.457146
-24.5254071076 0.407651
-24.0248895125 0.388595
-23.5243718789 0.379662
-23.023854207 0.374507
-22.5233364966 0.372506
-22.0228187479 0.373012
-21.5223009608 0.371258
-21.0217831353 0.350029
-20.5212652715 0.318714
-20.0207473694 0.296799
-19.5202294289 0.274697
-19.0197114502 0.261158
-18.5191934331 0.271336
-18.0186753778 0.281026
-17.5181572842 0.300083
-17.0176391524 0.323474
-16.5171209823 0.329475
-16.016602774 0.324524
-15.5160845274 0.315496
-15.0155662427 0.310043
-14.5150479198 0.302021
-14.0145295587 0.298413
-13.5140111594 0.307546
-13.013492722 0.329204
-12.5129742464 0.360576
-12.0124557328 0.429341
-11.511937181 0.478672
-11.0114185911 0.489881
-10.5108999631 0.468803
-10.010381297 0.432548
-9.50986259293 0.388428
-9.00934385076 0.342656
-8.50882507056 0.300305
-8.00830625234 0.265562
-7.5077873961 0.236682
-7.00726850187 0.213045
-6.50674956965 0.193855
-6.00623059946 0.176382
-5.50571159131 0.160904
-5.00519254521 0.145442
-4.50467346118 0.130342
-4.00415433923 0.117032
-3.50363517937 0.102736
-3.00311598162 0.0894592
-2.50259674598 0.0769551
-2.00207747247 0.0632364
-1.50155816111 0.0500508
-1.0010388119 0.0370976
-0.500519424859 0.0256201
0 0.0157311
0.500519462665 0.00836602
1.00103896312 0.00361406
1.50155850136 0
2.00207807736 3.19041e-05
2.50259769112 0.00489986
3.00311734262 0.00947226
3.50363703186 0.0161321
4.0041567588 0.0273241
4.50467652345 0.0439474
5.00519632579 0.0607098
5.50571616581 0.080734
6.00623604349 0.104849
6.50675595883 0.131179
7.0072759118 0.160179
7.5077959024 0.190827
8.00831593061 0.222295
8.50883599643 0.256252
9.00935609983 0.291795
9.50987624081 0.327792
10.0103964193 0.365115
10.5109166354 0.402384
11.0114368891 0.441126
11.5119571802 0.479877
12.0124775089 0.516783
12.512997875 0.552552
13.0135182787 0.587113
13.5140387198 0.619192
14.0145591984 0.649605
14.5150797144 0.677388
15.0156002678 0.701338
15.5161208587 0.722291
16.016641487 0.739328
16.5171621527 0.751448
17.0176828557 0.757074
17.5182035962 0.760348
18.018724374 0.761268
18.5192451891 0.757717
19.0197660416 0.746276
19.5202869313 0.732709
20.0208078584 0.716239
20.5213288228 0.693174
21.0218498245 0.667688
21.5223708634 0.639187
22.0228919396 0.608443
22.523413053 0.577377
23.0239342037 0.546903
23.5244553915 0.515063
24.0249766166 0.48174
24.5254978788 0.449699
25.0260191783 0.41929
