-24.9637507275 1.29513
-24.464481816 1.28186
-23.9652126558 1.25266
-23.4659432467 1.24375
-22.9666735888 1.26671
-22.467403682 1.30304
-21.9681335263 1.32661
-21.4688631217 1.34304
-20.9695924682 1.34609
-20.4703215657 1.32481
-19.9710504143 1.27957
-19.4717790139 1.25271
-18.9725073645 1.24092
-18.473235466 1.23428
-17.9739633186 1.21836
-17.4746909221 1.17688
-16.9754182765 1.13558
-16.4761453818 1.09991
-15.976872238 1.06892
-15.4775988451 1.05453
-14.978325203 1.02981
-14.4790513118 0.983565
-13.9797771714 0.9379
-13.4805027818 0.89783
-12.981228143 0.862726
-12.4819532549 0.825728
-11.9826781176 0.761753
-11.483402731 0.686293
-10.9841270952 0.623187
-10.48485121 0.58721
-9.9855750755 0.570719
-9.48629869166 0.544677
-8.98702205847 0.530374
-8.4877451759 0.520732
-7.98846804393 0.468529
-7.48919066255 0.434561
-6.98991303173 0.388634
-6.49063515147 0.335255
-5.99135702174 0.269837
-5.49207864252 0.246688
-4.99280001381 0.241438
-4.49352113556 0.233485
-3.99424200779 0.253363
-3.49496263045 0.246358
-2.99568300354 0.227093
-2.49640312704 0.198047
-1.99712300092 0.166834
-1.49784262518 0.158714
-0.998561999789 0.161398
-0.499281124735 0.165013
0 0.161091
0.499281374435 0.148356
0.998562998587 0.126563
1.49784487248 0.141128
1.99712699612 0.164678
2.49640936953 0.159557
2.99569199273 0.120248
3.49497486574 0.0539034
3.99425798857 0.0153876
4.49354136125 0.023791
4.99282498378 0.0430534
5.4921088562 0.056217
5.99139297851 0.0523679
6.49067735073 0.0246605
6.98996197288 0
7.48924684499 0.00245064
7.98853196705 0.0366247
8.48781733911 0.0869707
8.98710296116 0.144139
9.48638883324 0.190578
9.98567495535 0.208182
10.4849613275 0.214887
10.9842479498 0.223818
11.4835348221 0.236544
11.9828219445 0.258777
12.4821093171 0.288707
12.9813969398 0.296062
13.4806848127 0.318354
13.9799729357 0.375877
14.479261309 0.442198
14.9785499324 0.508244
15.4778388061 0.554993
15.9771279301 0.558768
16.4764173043 0.555469
16.9757069288 0.568958
17.4749968036 0.60031
17.9742869287 0.667769
18.4735773042 0.760236
18.97286793 0.738795
19.4721588062 0.845206
19.9714499327 0.990209
20.4707413097 0.987728
20.9700329371 0.797298
21.469324815 0.759104
21.9686169433 0.940625
22.4679093221 1.10762
22.9672019514 1.21604
23.4664948312 1.27304
23.9657879615 1.32723
24.4650813424 1.38873
24.9643749739 1.44988
