-24.9416764832 0.275682
-24.4428501378 0.270086
-23.9440234997 0.266757
-23.4451965688 0.263557
-22.946369345 0.261114
-22.4475418284 0.260063
-21.9487140189 0.258856
-21.4498859164 0.258621
-20.951057521 0.257781
-20.4522288327 0.256168
-19.9533998513 0.24818
-19.4545705769 0.234274
-18.9557410095 0.217845
-18.4569111489 0.202541
-17.9580809952 0.195039
-17.4592505484 0.198239
-16.9604198084 0.210169
-16.4615887752 0.228297
-15.9627574487 0.251005
-15.463925829 0.276961
-14.965093916 0.304116
-14.4662617097 0.329018
-13.96742921 0.350901
-13.4685964169 0.364845
-12.9697633304 0.358762
-12.4709299505 0.349252
-11.9720962771 0.340319
-11.4732623102 0.328497
-10.9744280498 0.315172
-10.4755934958 0.297503
-9.97675864825 0.274928
-9.47792350708 0.247863
-8.97908807226 0.218748
-8.48025234378 0.190474
-7.98141632159 0.165167
-7.48258000568 0.144338
-6.98374339601 0.144184
-6.48490649255 0.16523
-5.98606929528 0.19064
-5.48723180417 0.210313
-4.98839401918 0.218466
-4.48955594029 0.208641
-3.99071756747 0.196755
-3.4918789007 0.199998
-2.99303993993 0.19275
-2.49420068515 0.176567
-1.99536113633 0.154015
-1.49652129343 0.120796
-0.997681156425 0.0952679
-0.498840725291 0.0813112
0 0.0584236
0.498841019481 0.0377869
0.997682333179 0.0219374
1.49652394112 0.0132336
1.99536584334 0.0121124
2.49420803986 0.0106238
2.99305053072 0.00891076
3.49189331593 0.00752466
3.99073639553 0.00554343
4.48957976955 0.0043943
4.98842343802 0.00265563
5.48726740096 0.000819444
5.98611165841 0
6.48495621039 0.0038216
6.98380105693 0.0163071
7.48264619805 0.0356201
7.9814916338 0.0667061
8.48033736419 0.124389
8.97918338926 0.205099
9.47802970903 0.301958
9.97687632354 0.410897
10.4757232328 0.52998
10.9745704369 0.641489
11.4734179357 0.714579
11.9722657295 0.754751
12.471113818 0.780864
12.9699622015 0.79394
13.46881088 0.805871
13.9676598534 0.826199
14.4665091217 0.851278
14.9653586851 0.871611
15.4642085436 0.89223
15.9630586971 0.912533
16.4619091457 0.928323
16.9607598895 0.944797
17.4596109284 0.961557
17.9584622625 0.974772
18.4573138918 0.982231
18.9561658164 0.983108
19.4550180362 0.970344
19.9538705513 0.944902
20.4527233618 0.919962
20.9515764676 0.878941
21.4504298689 0.841006
21.9492835655 0.809221
22.4481375576 0.78227
22.9469918451 0.757179
23.4458464282 0.734501
23.9447013067 0.712677
24.4435564809 0.690789
24.9424119506 0.665534
