-24.951643335 0.0251159
-24.4526172006 0.0165084
-23.9535907918 0.00608516
-23.4545641085 0.000618671
-22.9555371508 0.00742982
-22.4565099187 0.0182383
-21.957482412 0.0237889
-21.4584546308 0.0104484
-20.9594265751 0
-20.4603982448 0.008437
-19.9613696399 0.0156421
-19.4623407604 0.0228172
-18.9633116062 0.0263865
-18.4642821774 0.0266867
-17.9652524739 0.0250382
-17.4662224956 0.023556
-16.9671922426 0.0175099
-16.4681617149 0.0154336
-15.9691309124 0.0170524
-15.470099835 0.0172669
-14.9710684829 0.0192433
-14.4720368558 0.0216106
-13.9730049539 0.0243503
-13.4739727771 0.0255306
-12.9749403253 0.0252819
-12.4759075986 0.0260204
-11.9768745969 0.03114
-11.4778413202 0.0386922
-10.9788077685 0.0474193
-10.4797739417 0.0536951
-9.98073983982 0.0521483
-9.48170546286 0.0673772
-8.98267081078 0.0790064
-8.48363588356 0.133175
-7.98460068116 0.260376
-7.48556520356 0.495441
-6.98652945075 0.64224
-6.4874934227 0.716538
-5.98845711937 0.707438
-5.48942054076 0.642589
-4.99038368683 0.567073
-4.49134655756 0.506397
-3.99230915294 0.47359
-3.49327147292 0.459222
-2.9942335175 0.453344
-2.49519528664 0.427852
-1.99615678032 0.393702
-1.49711799852 0.362417
-0.998078941219 0.352013
-0.499039608386 0.363302
0 0.385525
0.499039883963 0.400808
0.998080043525 0.402116
1.49712047871 0.369163
1.99616118955 0.321537
2.49520217606 0.281666
2.99424343826 0.251628
3.49328497618 0.230312
3.99232678985 0.216341
4.49136887928 0.213805
4.99041124451 0.213329
5.48945388554 0.212616
5.98849680242 0.213625
6.48753999516 0.222573
6.98658346378 0.245638
7.48562720831 0.278809
7.98467122878 0.320147
8.4837155252 0.365858
8.9827600976 0.416162
9.48180494601 0.471248
9.98085007045 0.526211
10.4798954709 0.572389
10.9789411475 0.611254
11.4779871002 0.635393
11.9770333289 0.651013
12.4760798339 0.659867
12.975126615 0.64634
13.4741736722 0.601783
13.9732210058 0.544387
14.4722686155 0.489807
14.9713165015 0.441737
15.4703646638 0.401164
15.9694131024 0.367373
16.4684618174 0.340856
16.9675108087 0.326094
17.4665600764 0.320727
17.9656096204 0.324005
18.464659441 0.338378
18.9637095379 0.362097
19.4627599114 0.392597
19.9618105613 0.429724
20.4608614878 0.478012
20.9599126908 0.526629
21.4589641704 0.570838
21.9580159266 0.583538
22.4570679594 0.573012
22.9561202688 0.559263
23.4551728549 0.546144
23.9542257177 0.530942
24.4532788572 0.51336
24.9523322735 0.496734
