-25.0193882802 0.404439
-24.5190027875 0.4584
-24.0186172019 0.500821
-23.5182315234 0.481816
-23.017845752 0.46354
-22.5174598877 0.444032
-22.0170739305 0.427304
-21.5166878804 0.417184
-21.0163017375 0.415052
-20.5159155017 0.429191
-20.015529173 0.449815
-19.5151427515 0.470429
-19.0147562372 0.48916
-18.5143696301 0.473862
-18.0139829301 0.431289
-17.5135961374 0.3802
-17.0132092518 0.33828
-16.5128222735 0.312954
-16.0124352024 0.306023
-15.5120480385 0.320153
-15.0116607819 0.334062
-14.5112734325 0.343285
-14.0108859904 0.350046
-13.5104984556 0.354367
-13.0101108281 0.356053
-12.5097231078 0.356444
-12.0093352949 0.355432
-11.5089473892 0.352797
-11.0085593909 0.348851
-10.5081713 0.344264
-10.0077831163 0.338866
-9.50739484003 0.33159
-9.00700647111 0.323364
-8.50661800955 0.313065
-8.00622945538 0.301109
-7.50584080859 0.287495
-7.0054520692 0.272667
-6.50506323722 0.256337
-6.00467431266 0.239242
-5.50428529553 0.220485
-5.00389618583 0.202227
-4.50350698358 0.183002
-4.00311768879 0.164252
-3.50272830146 0.145153
-3.0023388216 0.126101
-2.50194924923 0.107769
-2.00155958436 0.0893166
-1.50116982699 0.0729031
-1.00077997713 0.0573043
-0.500390034801 0.0443513
0 0.0327758
0.500390127258 0.0220233
1.00078034696 0.0134817
1.50117065911 0.00787551
2.00156106368 0.00360006
2.50195156067 0
3.00234215008 0.000570743
3.50273283188 0.00301843
4.00312360607 0.00837797
4.50351447264 0.0178144
5.00390543159 0.030717
5.50429648289 0.0460059
6.00468762655 0.0611116
6.50507886255 0.0804678
7.00547019088 0.105268
7.50586161153 0.131135
8.0062531245 0.15869
8.50664472977 0.187683
9.00703642734 0.21916
9.50742821719 0.252142
10.0078200993 0.287454
10.5082120737 0.321513
11.0086041404 0.355704
11.5089962992 0.3893
12.0093885504 0.421112
12.5097808937 0.452337
13.0101733293 0.481401
13.5105658571 0.50837
14.0109584771 0.533023
14.5113511892 0.554576
15.0117439936 0.5731
15.5121368901 0.588112
16.0125298787 0.600418
16.5129229596 0.608823
17.0133161325 0.614677
17.5137093976 0.617063
18.0141027548 0.615551
18.5144962041 0.611124
19.0148897456 0.60248
19.5152833791 0.591254
20.0156771047 0.575822
20.5160709223 0.557667
21.0164648321 0.535879
21.5168588338 0.511048
22.0172529277 0.483918
22.5176471135 0.454467
23.0180413914 0.422974
23.5184357613 0.392247
24.0188302232 0.363579
24.5192247771 0.336834
25.0196194229 0.315102
