-46.73931233601333	26.23226419664374
-46.71849304321333	26.23043558957243
-46.69767375041332	26.22895676077961
-46.67685445761332	26.22690448685048
-46.65603516481331	26.22556161809296
-46.6352158720133	26.22514790870478
-46.6143965792133	26.2231799560284
-46.59357728641329	26.21591703318881
-46.57275799361329	26.21393406981167
-46.55193870081328	26.21384082994321
-46.53111940801328	26.21222399206675
-46.51030011521327	26.20475308382765
-46.48948082241326	26.20018472546187
-46.46866152961326	26.19920780513354
-46.44784223681325	26.19731608264718
-46.42702294401325	26.19708869740021
-46.40620365121324	26.19419598907769
-46.38538435841323	26.19146573498418
-46.36456506561323	26.18939022587788
-46.34374577281322	26.18798227075245
-46.32292648001322	26.18573811377039
-46.30210718721321	26.18299922260537
-46.2812878944132	26.17890669359404
-46.2604686016132	26.17836989330591
-46.23964930881319	26.17016626281855
-46.21883001601319	26.16640912094647
-46.19801072321318	26.15447638153607
-46.17719143041317	26.15379216396493
-46.15637213761317	26.14150100988156
-46.13555284481316	26.14136672227135
-46.11473355201316	26.13313197186573
-46.09391425921315	26.12673155582144
-46.07309496641314	26.12139883750432
-46.05227567361314	26.11401929257938
-46.03145638081313	26.09947142218786
-46.01063708801313	26.09220637104427
-45.98981779521312	26.06784627613737
-45.96899850241311	26.04594606358726
-45.94817920961311	26.02611915212363
-45.9273599168131	26.02106785387119
-45.9065406240131	26.01901476942091
-45.88572133121309	26.01901476942091
-45.86490203841308	26.01901476942091
