-25.0401891957 0.241547
-24.5393786874 0.247819
-24.0385684533 0.253981
-23.5377584934 0.260628
-23.0369488076 0.265653
-22.5361393961 0.269817
-22.0353302587 0.281943
-21.5345213957 0.306058
-21.0337128068 0.332081
-20.5329044923 0.348766
-20.0320964521 0.361887
-19.5312886862 0.38969
-19.0304811947 0.421812
-18.5296739775 0.45527
-18.0288670347 0.487836
-17.5280603663 0.518786
-17.0272539723 0.546794
-16.5264478528 0.57236
-16.0256420077 0.593121
-15.5248364371 0.609543
-15.0240311411 0.622611
-14.5232261195 0.628232
-14.0224213725 0.631246
-13.5216169 0.630757
-13.0208127022 0.626086
-12.5200087789 0.615974
-12.0192051303 0.60303
-11.5184017562 0.587746
-11.0175986569 0.570299
-10.5167958322 0.547818
-10.0159932823 0.520278
-9.51519100702 0.489652
-9.01438900651 0.456369
-8.51358728076 0.419799
-8.01278582979 0.382248
-7.51198465361 0.343893
-7.01118375226 0.304583
-6.51038312574 0.265813
-6.00958277407 0.228737
-5.50878269728 0.193511
-5.00798289539 0.160809
-4.50718336841 0.131039
-4.00638411637 0.10455
-3.50558513928 0.0793673
-3.00478643716 0.0591232
-2.50398801004 0.0418517
-2.00318985793 0.0272399
-1.50239198085 0.0150321
-1.00159437882 0.00651648
-0.500797051865 0.0013839
0 0
0.500796776754 0.00124016
1.00159327838 0.00440019
1.50238950486 0.0111891
2.00318545616 0.019703
2.50398113228 0.0290795
3.0047765332 0.0411013
3.50557165888 0.0540881
4.00636650932 0.0670732
4.5071610845 0.0811603
5.00795538439 0.0951587
5.50874940897 0.109976
6.00954315823 0.124233
6.51033663215 0.139435
7.0111298307 0.153809
7.51192275387 0.167237
8.01271540164 0.180827
8.51350777399 0.193722
9.0142998709 0.2062
9.51509169235 0.219227
10.0158832383 0.232827
10.5166745088 0.245463
11.0174655037 0.258774
11.5182562232 0.272627
12.019046667 0.286315
12.5198368353 0.300778
13.020626728 0.31474
13.5214163451 0.32775
14.0222056865 0.340425
14.5229947523 0.352511
15.0237835424 0.364518
15.5245720568 0.374234
16.0253602956 0.382994
16.5261482585 0.390043
17.0269359458 0.395356
17.5277233573 0.400696
18.0285104929 0.404097
18.5292973528 0.406435
19.0300839369 0.408847
19.5308702451 0.410161
20.0316562774 0.410128
20.5324420338 0.40969
21.0332275144 0.408975
21.534012719 0.408331
22.0347976477 0.406687
22.5355823004 0.405759
23.0363666772 0.404034
23.5371507779 0.403189
24.0379346026 0.400317
24.5387181513 0.398735
25.039501424 0.395933
