-25.0534200306 0.90493
-24.5523562229 0.90029
-24.0512922274 0.895558
-23.550228044 0.882171
-23.0491636727 0.861546
-22.5480991136 0.837119
-22.0470343668 0.81155
-21.5459694322 0.792138
-21.0449043098 0.785163
-20.5438389998 0.781873
-20.0427735021 0.758423
-19.5417078167 0.730521
-19.0406419437 0.697956
-18.5395758831 0.664102
-18.038509635 0.634981
-17.5374431993 0.622641
-17.0363765761 0.596683
-16.5353097653 0.557624
-16.0342427671 0.523764
-15.5331755815 0.507859
-15.0321082085 0.492155
-14.5310406481 0.492052
-14.0299729003 0.475144
-13.5289049651 0.462562
-13.0278368427 0.51573
-12.526768533 0.547788
-12.025700036 0.565158
-11.5246313518 0.525999
-11.0235624804 0.498811
-10.5224934218 0.486174
-10.0214241761 0.494671
-9.52035474319 0.515909
-9.01928512322 0.459119
-8.51821531619 0.396152
-8.0171453221 0.360397
-7.516075141 0.34512
-7.0150047729 0.319737
-6.51393421784 0.276615
-6.01286347583 0.263676
-5.51179254692 0.253853
-5.01072143111 0.239423
-4.50965012844 0.235675
-4.00857863893 0.239581
-3.50750696262 0.218268
-3.00643509953 0.139694
-2.50536304968 0.0752189
-2.00429081309 0.0922937
-1.50321838981 0.103412
-1.00214577985 0.130235
-0.501072983236 0.159739
0 0.179387
0.501073169834 0.191405
1.00214652624 0.198428
1.50322006919 0.203135
2.00429379866 0.210759
2.50536771462 0.221129
3.00644181705 0.232273
3.50751610591 0.249778
4.00859058119 0.270058
4.50966524285 0.293061
5.01074009088 0.319674
5.51181512523 0.351003
6.0128903459 0.385152
6.51396575284 0.421189
7.01504134604 0.45879
7.51611712547 0.500104
8.01719309109 0.542678
8.51826924289 0.586299
9.01934558084 0.626485
9.52042210491 0.663429
10.0214988151 0.696594
10.5225757113 0.723191
11.0236527936 0.746021
11.5247300619 0.763102
12.0258075162 0.76955
12.5268851564 0.773288
13.0279629826 0.772486
13.5290409947 0.763534
14.0301191926 0.747851
14.5311975765 0.723534
15.0322761461 0.693363
15.5333549016 0.660816
16.0344338428 0.625154
16.5355129698 0.582691
17.0365922825 0.538345
17.5376717809 0.491462
18.038751465 0.443024
18.5398313347 0.393536
19.04091139 0.344955
19.541991631 0.299115
20.0430720574 0.254858
20.5441526695 0.215168
21.045233467 0.17889
21.54631445 0.145542
22.0473956185 0.116628
22.5484769724 0.0911187
23.0495585117 0.0690125
23.5506402364 0.0495621
24.0517221465 0.0324924
24.5528042418 0.0154349
25.0538865225 0
