-25.0474109452 0.342168
-24.5464686305 0.336942
-24.0455260744 0.331577
-23.544583277 0.326836
-23.0436402383 0.321619
-22.5426969584 0.31638
-22.0417534371 0.312327
-21.5408096746 0.308277
-21.0398656709 0.307173
-20.538921426 0.308464
-20.0379769399 0.314362
-19.5370322126 0.326206
-19.0360872442 0.338027
-18.5351420348 0.348469
-18.0341965842 0.358591
-17.5332508926 0.366456
-17.0323049599 0.373391
-16.5313587863 0.380504
-16.0304123716 0.388967
-15.529465716 0.394406
-15.0285188195 0.397732
-14.527571682 0.399166
-14.0266243036 0.398803
-13.5256766844 0.395729
-13.0247288243 0.392126
-12.5237807233 0.38531
-12.0228323816 0.377307
-11.5218837991 0.367842
-11.0209349758 0.355932
-10.5199859119 0.344169
-10.0190366072 0.330946
-9.51808706176 0.315683
-9.01713727571 0.300634
-8.51618724902 0.284837
-8.01523698171 0.267961
-7.51428647381 0.248422
-7.01333572534 0.229116
-6.51238473632 0.208217
-6.01143350678 0.188506
-5.51048203674 0.168621
-5.00953032622 0.148967
-4.50857837525 0.128843
-4.00762618385 0.108722
-3.50667375205 0.0893372
-3.00572107986 0.0712708
-2.50476816731 0.0553087
-2.00381501443 0.0401907
-1.50286162123 0.0279669
-1.00190798775 0.0173391
-0.500954113994 0.007621
0 0.00162175
0.500954354212 0
1.00190894862 0.000563668
1.5028637832 0.00354813
2.00381885793 0.00955291
2.50477417279 0.017899
3.00572972775 0.0301435
3.50668552278 0.044923
4.00764155787 0.0624253
4.50859783299 0.081534
5.00955434812 0.103404
5.51051110324 0.125539
6.01146809832 0.149071
6.51242533333 0.172382
7.01338280826 0.196779
7.51434052307 0.221443
8.01529847776 0.246452
8.51625667229 0.270329
9.01721510664 0.293331
9.51817378078 0.31575
10.0191326947 0.336243
10.5200918484 0.354138
11.0210512418 0.370079
11.5220108749 0.384013
12.0229707476 0.395382
12.5239308601 0.404196
13.0248912121 0.411461
13.5258518038 0.416075
14.0268126351 0.418457
14.5277737059 0.418047
15.0287350162 0.416544
15.5296965661 0.413674
16.0306583555 0.409512
16.5316203843 0.40321
17.0325826525 0.396024
17.5335451602 0.38848
18.0345079073 0.380899
18.5354708938 0.372308
19.0364341196 0.363977
19.5373975847 0.355104
20.0383612891 0.345545
20.5393252328 0.335992
21.0402894158 0.327297
21.541253838 0.319189
22.0422184994 0.311755
22.5431834 0.305248
23.0441485397 0.299168
23.5451139186 0.292603
24.0460795366 0.287487
24.5470453936 0.284344
25.0480114898 0.283366
