114.350409088	-51.3896396318	-25.067176387	99.6427751807	-3346.26705493
114.357513248	-51.3903926197	-24.5658342563	99.6427751807	-3341.25560407
114.364617642	-51.391145178	-24.0644920681	99.6372239061	-3336.09603212
114.37172227	-51.3918973068	-23.5631498223	99.631672391	-3332.89516499
114.378827132	-51.3926490061	-23.061807519	99.6261206346	-3331.47850928
114.385932226	-51.3934002757	-22.5604651583	99.6205686381	-3331.25202465
114.393037554	-51.3941511157	-22.0591227402	99.6150164009	-3331.52973187
114.400143116	-51.394901526	-21.5577802647	99.6094639229	-3330.71766335
114.40724891	-51.3956515067	-21.0564377318	99.603911205	-3331.58557257
114.414354937	-51.3964010576	-20.5550951416	99.5983582468	-3335.48678402
114.421461197	-51.3971501788	-20.0537524941	99.5928050485	-3339.18370192
114.42856769	-51.3978988702	-19.5524097894	99.5872516104	-3342.01573737
114.435674415	-51.3986471319	-19.0510670274	99.5816979325	-3346.38054039
114.442781373	-51.3993949638	-18.5497242083	99.5761440148	-3349.7784098
114.449888563	-51.4001423658	-18.048381332	99.5705898576	-3354.19897208
114.456995985	-51.4008893379	-17.5470383986	99.5650354609	-3357.81048433
114.464103639	-51.4016358802	-17.0456954081	99.559480825	-3363.04195294
114.471211525	-51.4023819926	-16.5443523605	99.55392595	-3366.84281243
114.478319644	-51.403127675	-16.0430092559	99.5483708358	-3372.55741347
114.485427994	-51.4038729275	-15.5416660943	99.5428154829	-3377.95683851
114.492536575	-51.4046177499	-15.0403228758	99.5372598908	-3382.48675103
114.499645388	-51.4053621424	-14.5389796003	99.5317040604	-3387.61876096
114.506754432	-51.4061061048	-14.037636268	99.5261479913	-3392.4899106
114.513863708	-51.4068496371	-13.5362928788	99.5205916836	-3399.10476228
114.520973215	-51.4075927394	-13.0349494328	99.515035138	-3405.7643419
114.528082952	-51.4083354116	-12.5336059299	99.5094783536	-3412.54096998
114.535192921	-51.4090776536	-12.0322623704	99.5039213317	-3421.92202439
114.542303121	-51.4098194654	-11.5309187541	99.4983640717	-3431.99180393
114.549413551	-51.410560847	-11.0295750811	99.4928065739	-3443.74362456
114.556524211	-51.4113017985	-10.5282313514	99.4872488383	-3458.54324919
114.563635102	-51.4120423197	-10.0268875652	99.4816908651	-3476.67580093
114.570746224	-51.4127824106	-9.52554372232	99.4761326544	-3496.75449103
114.577857575	-51.4135220712	-9.0241998229	99.4705742067	-3520.32439961
114.584969157	-51.4142613015	-8.52285586696	99.4650155217	-3545.23268867
114.592080968	-51.4150001015	-8.02151185453	99.4594565996	-3572.04202152
114.599193009	-51.4157384711	-7.52016778565	99.4538974405	-3601.85296982
114.60630528	-51.4164764103	-7.01882366034	99.4483380448	-3632.59050572
114.613417781	-51.417213919	-6.51747947863	99.4427784121	-3663.88940395
114.620530511	-51.4179509974	-6.01613524057	99.4372185427	-3695.1642979
114.62764347	-51.4186876452	-5.51479094618	99.4316584374	-3726.38198297
114.634756659	-51.4194238626	-5.01344659551	99.4260980955	-3757.46705425
114.641870076	-51.4201596494	-4.51210218857	99.4205375174	-3788.58130932
114.648983723	-51.4208950057	-4.01075772541	99.4149767033	-3818.3339763
114.656097598	-51.4216299315	-3.50941320606	99.4094156533	-3845.42689676
114.663211702	-51.4223644266	-3.00806863054	99.4038543672	-3868.06320321
114.670326035	-51.4230984911	-2.50672399891	99.3982928457	-3888.61838702
114.677440596	-51.423832125	-2.00537931118	99.3927310886	-3906.53947977
114.684555386	-51.4245653282	-1.50403456739	99.387169096	-3919.2623468
114.691670404	-51.4252981007	-1.00268976757	99.3816068679	-3929.04695283
114.698785649	-51.4260304424	-0.501344911766	99.3760444051	-3933.43707644
114.705901123	-51.4267623535	0	99.3704817065	-3933.51927729
114.713016825	-51.4274938337	0.501344967692	99.3649187737	-3927.08162968
114.720132755	-51.4282248832	1.00268999128	99.3593556055	-3918.32713974
114.727248912	-51.4289555018	1.50403507072	99.3537922033	-3904.01404354
114.734365297	-51.4296856896	2.00538020599	99.3482285657	-3885.77034135
114.741481909	-51.4304154465	2.50672539706	99.3426646943	-3865.87251251
114.748598748	-51.4311447725	3.00807064388	99.3371005882	-3841.84396629
114.755715815	-51.4318736676	3.50941594643	99.331536248	-3814.43602899
114.762833108	-51.4326021318	4.01076130468	99.3259716738	-3783.59843425
114.769950629	-51.4333301649	4.51210671858	99.3204068657	-3752.59947254
114.777068376	-51.4340577671	5.01345218811	99.3148418237	-3720.12938947
114.78418635	-51.4347849383	5.51479771324	99.3092765482	-3684.00275625
114.791304551	-51.4355116784	6.01614329392	99.3037110388	-3647.44076141
114.798422978	-51.4362379874	6.51748893013	99.2981452963	-3609.13694069
114.805541631	-51.4369638654	7.01883462184	99.2925793202	-3568.63782544
114.81266051	-51.4376893122	7.520180369	99.2870131111	-3530.85379476
114.819779616	-51.4384143278	8.0215261716	99.2814466688	-3495.20441066
114.826898947	-51.4391389123	8.52287202958	99.2758799937	-3460.63412437
114.834018504	-51.4398630656	9.02421794293	99.2703130858	-3428.47645244
114.841138287	-51.4405867877	9.52556391161	99.264745945	-3398.10865309
114.848258296	-51.4413100785	10.0269099356	99.259178572	-3370.91645784
114.85537853	-51.4420329381	10.5282560148	99.2536109662	-3349.07471515
114.862498989	-51.4427553664	11.0296021493	99.2480431282	-3332.08187062
114.869619674	-51.4434773633	11.5309483389	99.2424750582	-3317.61623779
114.876740583	-51.4441989289	12.0322945837	99.2369067558	-3305.74656287
114.883861718	-51.4449200631	12.5336408837	99.2313382219	-3299.79519719
114.890983077	-51.445640766	13.0349872387	99.225769456	-3297.10288405
114.898104661	-51.4463610374	13.5363336488	99.2202004582	-3297.56791061
114.90522647	-51.4470808774	14.0376801139	99.214631229	-3302.226843
114.912348503	-51.4478002859	14.5390266341	99.2090617687	-3310.00456848
114.919470761	-51.4485192629	15.0403732091	99.2034920765	-3319.78209766
114.926593243	-51.4492378083	15.5417198391	99.1979221536	-3329.49856912
114.933715949	-51.4499559223	16.0430665241	99.1923519994	-3342.82644622
114.940838879	-51.4506736047	16.5444132638	99.1867816147	-3356.54808859
114.947962032	-51.4513908554	17.0457600584	99.1812109984	-3370.67978733
114.95508541	-51.4521076746	17.5471069078	99.1756401521	-3385.54686063
114.962209011	-51.4528240621	18.048453812	99.1700690751	-3399.86630413
114.969332836	-51.453540018	18.5498007708	99.1644977675	-3413.53848758
114.976456884	-51.4542555421	19.0511477844	99.1589262298	-3428.90533435
114.983581155	-51.4549706346	19.5524948527	99.153354462	-3446.31632494
114.99070565	-51.4556852953	20.0538419755	99.147782464	-3462.99586592
114.997830367	-51.4563995242	20.555189153	99.1422102361	-3483.87155878
115.004955308	-51.4571133214	21.056536385	99.1366377783	-3509.06563953
115.012080471	-51.4578266867	21.5578836716	99.131065091	-3534.67164077
115.019205857	-51.4585396202	22.0592310126	99.1254921744	-3558.56685492
115.026331465	-51.4592521219	22.5605784081	99.1199190278	-3578.07174724
115.033457296	-51.4599641916	23.0619258581	99.1143456524	-3596.64520204
115.040583349	-51.4606758294	23.5632733624	99.1087720478	-3613.36877646
115.047709624	-51.4613870353	24.0646209211	99.1031982138	-3626.75449929
115.054836121	-51.4620978093	24.5659685341	99.0976241513	-3638.69428969
115.061962841	-51.4628081512	25.0673162014	99.0920498601	-3647.54119942
