-25.0656132305 0.669885
-24.564302797 0.678022
-24.0629922881 0.683106
-23.5616817041 0.686363
-23.0603710449 0.68827
-22.5590603105 0.687299
-22.057749501 0.684893
-21.5564386164 0.679631
-21.0551276567 0.673648
-20.553816622 0.663122
-20.0525055124 0.652227
-19.5511943277 0.642296
-19.0498830681 0.628149
-18.5485717336 0.61244
-18.0472603243 0.596882
-17.5459488401 0.58149
-17.0446372811 0.567236
-16.5433256474 0.551964
-16.0420139389 0.53834
-15.5407021557 0.524371
-15.0393902978 0.511133
-14.5380783653 0.498564
-14.0367663582 0.487421
-13.5354542765 0.475897
-13.0341421203 0.466553
-12.5328298895 0.458098
-12.0315175843 0.449575
-11.5302052046 0.439874
-11.0288927506 0.430092
-10.5275802221 0.421256
-10.0262676193 0.411704
-9.52495494217 0.400528
-9.02364219076 0.388123
-8.52232936511 0.374729
-8.02101646523 0.3586
-7.51970349117 0.340703
-7.01839044295 0.321
-6.51707732062 0.301658
-6.01576412419 0.278014
-5.51445085371 0.251785
-5.01313750921 0.224975
-4.51182409071 0.195787
-4.01051059826 0.165787
-3.50919703188 0.134921
-3.0078833916 0.105037
-2.50656967746 0.07954
-2.0052558895 0.0465912
-1.50394202774 0.0171434
-1.00262809221 0
-0.501314082956 0.00734603
0 0.0222352
0.501314156622 0.0302266
1.00262838688 0.0415154
1.50394269074 0.0541632
2.00525706816 0.0684332
2.50657151913 0.0853664
3.0078860436 0.104336
3.50920064154 0.126236
4.01051531292 0.150405
4.5118300577 0.177171
5.01314487586 0.206067
5.51445976737 0.23635
6.01577473218 0.26848
6.51708977026 0.300903
7.0184048816 0.334988
7.51972006614 0.370992
8.02103532387 0.407433
8.52235065474 0.445168
9.02366605872 0.482395
9.52498153579 0.518581
10.0262970859 0.552194
10.527612709 0.581059
11.0289284052 0.608587
11.5302441742 0.634602
12.0315600162 0.655711
12.5328759311 0.674584
13.0341919188 0.689354
13.5355079794 0.700267
14.0368241127 0.708008
14.5381403188 0.712797
15.0394565976 0.714519
15.5407729491 0.711857
16.0420893733 0.708454
16.5434058701 0.701072
17.0447224395 0.689451
17.5460390815 0.676153
18.0473557959 0.660074
18.5486725829 0.644271
19.0499894424 0.626591
19.5513063742 0.606231
20.0526233785 0.585678
20.5539404552 0.563897
21.0552576041 0.541867
21.5565748254 0.519718
22.0578921189 0.497062
22.5592094847 0.4743
23.0605269227 0.451542
23.5618444329 0.428786
24.0631620152 0.405985
24.5644796696 0.383251
25.065797396 0.36203
