-25.05795657 0.601269
-24.5568012729 0.591964
-24.0556458188 0.582677
-23.5544902078 0.57217
-23.0533344399 0.561931
-22.5521785152 0.551262
-22.0510224335 0.54088
-21.5498661951 0.529825
-21.0487097999 0.521265
-20.5475532479 0.512536
-20.0463965392 0.504085
-19.5452396738 0.494488
-19.0440826517 0.484853
-18.542925473 0.476542
-18.0417681377 0.471103
-17.5406106457 0.466731
-17.0394529973 0.46262
-16.5382951922 0.460953
-16.0371372307 0.457488
-15.5359791127 0.451902
-15.0348208383 0.445636
-14.5336624074 0.436378
-14.0325038202 0.42617
-13.5313450766 0.414777
-13.0301861767 0.403489
-12.5290271204 0.391202
-12.0278679079 0.379057
-11.5267085392 0.366441
-11.0255490142 0.353906
-10.524389333 0.341422
-10.0232294957 0.328572
-9.52206950227 0.315045
-9.02090935272 0.302473
-8.5197490471 0.289015
-8.01858858543 0.275352
-7.51742796774 0.261743
-7.01626719407 0.246433
-6.51510626444 0.231435
-6.01394517888 0.215368
-5.51278393742 0.199361
-5.01162254008 0.182276
-4.5104609869 0.165725
-4.0092992779 0.14814
-3.50813741312 0.13128
-3.00697539258 0.113976
-2.50581321631 0.0977944
-2.00465088433 0.0817796
-1.50348839669 0.0658401
-1.0023257534 0.0515939
-0.501162954493 0.0374554
0 0.0243719
0.501163110049 0.0137424
1.00232637563 0.00647636
1.50348979671 0.00249422
2.00465337326 0.000611954
2.50581710525 0
3.00698099266 0.00520896
3.50814503546 0.0128044
4.00930923361 0.0234728
4.51047358709 0.0387299
5.01163809586 0.0586411
5.51280275992 0.0836143
6.01396757921 0.1115
6.51513255372 0.142812
7.0162976834 0.177975
7.51746296825 0.214592
8.01862840823 0.253733
8.5197940033 0.294737
9.02095975344 0.342245
9.52212565862 0.392375
10.0232917188 0.443355
10.524457934 0.493329
11.0256243041 0.537537
11.5267908292 0.581007
12.0279575092 0.618532
12.529124344 0.651777
13.0302913336 0.677109
13.5314584781 0.694828
14.0326257774 0.711363
14.5337932314 0.719299
15.0349608401 0.717966
15.5361286036 0.712288
16.0372965217 0.698075
16.5384645944 0.678199
17.0396328218 0.650695
17.5408012037 0.61911
18.0419697402 0.583171
18.5431384312 0.541955
19.0443072767 0.498627
19.5454762766 0.453426
20.046645431 0.406137
20.5478147398 0.35723
21.048984203 0.309957
21.5501538206 0.262933
22.0513235924 0.216495
22.5524935186 0.175946
23.053663599 0.138821
23.5548338336 0.103622
24.0560042225 0.0715779
24.5571747655 0.0409284
25.0583454627 0.0147057
