-25.0580171702 0.611613
-24.5568606629 0.604824
-24.0557039985 0.600432
-23.5545471771 0.595015
-23.0533901988 0.590198
-22.5522330635 0.585687
-22.0510757712 0.580947
-21.5499183221 0.578192
-21.0487607162 0.575679
-20.5476029534 0.574085
-20.0464450338 0.574888
-19.5452869574 0.577662
-19.0441287243 0.579933
-18.5429703345 0.584666
-18.0418117879 0.59468
-17.5406530848 0.602419
-17.039494225 0.602116
-16.5383352085 0.582731
-16.0371760356 0.550251
-15.536016706 0.523145
-15.03485722 0.497675
-14.5336975774 0.472102
-14.0325377784 0.448397
-13.531377823 0.426389
-13.0302177112 0.40545
-12.529057443 0.386466
-12.0278970184 0.368613
-11.5267364375 0.351579
-11.0255757004 0.334913
-10.524414807 0.319541
-10.0232537573 0.303595
-9.52209255147 0.288368
-9.02093118944 0.272947
-8.51976967127 0.259613
-8.01860799699 0.244928
-7.51744616662 0.230571
-7.01628418019 0.215969
-6.51512203772 0.200106
-6.01395973926 0.185683
-5.51279728482 0.169946
-5.01163467444 0.154764
-4.51047190815 0.141039
-4.00930898596 0.125939
-3.50814590792 0.110907
-3.00698267405 0.0962183
-2.50581928438 0.082222
-2.00465573893 0.0686295
-1.50349203774 0.0571119
-1.00232818084 0.0460376
-0.501164168248 0.0371002
0 0.0299995
0.501164323876 0.0242584
1.00232880335 0.020426
1.5034934384 0.0178883
2.00465822899 0.0182285
2.5058231751 0.0235026
3.00698827669 0.0319161
3.50815353373 0.0436176
4.00931894621 0.0566529
4.51048451408 0.0729162
5.01165023732 0.0935695
5.51281611591 0.118173
6.01398214981 0.144834
6.51514833899 0.174942
7.01631468343 0.207708
7.51748118309 0.242206
8.01864783796 0.277646
8.51981464799 0.316944
9.02098161316 0.35848
9.52214873344 0.401837
10.0233160088 0.443839
10.5244834392 0.484307
11.0256510247 0.520015
11.5268187651 0.550575
12.0279866605 0.579289
12.5291547109 0.602987
13.0303229161 0.620236
13.5314912763 0.632384
14.0326597913 0.639779
14.5338284611 0.640001
15.0349972857 0.63314
15.5361662651 0.621
16.0373353992 0.605091
16.538504688 0.583106
17.0396741315 0.556797
17.5408437296 0.525832
18.0420134824 0.491139
18.5431833898 0.453664
19.0443534517 0.413413
19.5455236682 0.37237
20.0466940391 0.33053
20.5478645646 0.290111
21.0490352445 0.249455
21.5502060788 0.208787
22.0513770675 0.173291
22.5525482106 0.140036
23.053719508 0.108617
23.5548909597 0.0790395
24.0560625657 0.0496574
24.5572343259 0.0233493
25.0584062404 0
