-25.0664872367 0.818409
-24.5651576395 0.830369
-24.0638280357 0.837201
-23.5624984255 0.832371
-23.0611688087 0.823646
-22.5598391856 0.850073
-22.058509556 0.864557
-21.55717992 0.808721
-21.0558502776 0.748143
-20.554520629 0.725126
-20.053190974 0.721161
-19.5518613128 0.744267
-19.0505316454 0.743655
-18.5492019718 0.733443
-18.0478722921 0.704244
-17.5465426062 0.674144
-17.0452129142 0.647533
-16.5438832162 0.620971
-16.0425535122 0.60068
-15.5412238022 0.588491
-15.0398940862 0.584325
-14.5385643643 0.5796
-14.0372346365 0.569055
-13.5359049028 0.548011
-13.0345751633 0.515489
-12.5332454181 0.488001
-12.031915667 0.461522
-11.5305859103 0.445158
-11.0292561478 0.43125
-10.5279263797 0.393068
-10.026596606 0.350877
-9.52526682664 0.331898
-9.02393704174 0.305704
-8.52260725132 0.291115
-8.02127745539 0.272769
-7.51994765401 0.255584
-7.01861784719 0.2382
-6.51728803498 0.211238
-6.0159582174 0.217632
-5.5146283945 0.220555
-5.01329856629 0.218963
-4.51196873281 0.204347
-4.01063889411 0.175608
-3.5093090502 0.128459
-3.00797920112 0.0918769
-2.50664934692 0.0430954
-2.00531948761 0
-1.50398962322 0.00573627
-1.00265975381 0.0388842
-0.50132987939 0.121357
0 0.211127
0.501329884325 0.322459
1.00265977356 0.383884
1.50398966766 0.453921
2.0053195666 0.48075
2.50664947035 0.502354
3.00797937887 0.503787
3.50930929213 0.480547
4.01063921009 0.464119
4.51196913273 0.452289
5.01329906002 0.4469
5.51462899191 0.442224
6.01595892838 0.444939
6.51728886939 0.448199
7.0186188149 0.452498
7.5199487649 0.462679
8.02127871934 0.470802
8.52260867819 0.477262
9.02393864143 0.480549
9.525268609 0.483805
10.0265985809 0.488468
10.5279285571 0.489686
11.0292585375 0.490216
11.5305885221 0.48948
12.0319185109 0.488067
12.5332485039 0.486185
13.0345785009 0.484082
13.5359085021 0.482746
14.0372385073 0.481122
14.5385685165 0.47957
15.0398985297 0.480196
15.5412285469 0.483488
16.042558568 0.489006
16.5438885929 0.495403
17.0452186218 0.50282
17.5465486544 0.510512
18.0478786908 0.519026
18.549208731 0.526649
19.0505387749 0.534188
19.5518688225 0.540504
20.0531988737 0.544677
20.5545289286 0.547935
21.055858987 0.547003
21.557189049 0.543568
22.0585191145 0.536349
22.5598491836 0.526044
23.061179256 0.510173
23.5625093319 0.490898
24.0638394112 0.467345
24.5651694939 0.440563
25.0664995799 0.410883
