-25.0473610393 0.456162
-24.5464197205 0.447066
-24.0454781605 0.428442
-23.5445363592 0.40831
-23.0435943167 0.386834
-22.542652033 0.35769
-22.0417095081 0.331777
-21.5407667421 0.325361
-21.0398237349 0.325676
-20.5388804867 0.322908
-20.0379369973 0.321347
-19.5369932669 0.317824
-19.0360492955 0.313649
-18.535105083 0.309696
-18.0341606295 0.307916
-17.5332159351 0.305921
-17.0322709997 0.304451
-16.5313258234 0.304735
-16.0303804062 0.304739
-15.5294347481 0.306212
-15.0284888492 0.308549
-14.5275427095 0.309525
-14.0265963289 0.309915
-13.5256497075 0.31062
-13.0247028454 0.310681
-12.5237557426 0.310787
-12.022808399 0.308785
-11.5218608148 0.305615
-11.0209129899 0.301836
-10.5199649243 0.296109
-10.0190166181 0.288634
-9.51806807134 0.280962
-9.01711928398 0.27285
-8.51617025608 0.260963
-8.01522098765 0.248029
-7.51427147871 0.234436
-7.01332172929 0.220743
-6.51237173942 0.206437
-6.01142150911 0.190794
-5.51047103839 0.17348
-5.00952032728 0.155822
-4.5085693758 0.138701
-4.00761818399 0.120443
-3.50666675186 0.102151
-3.00571507943 0.083907
-2.50476316673 0.0675656
-2.00381101379 0.051377
-1.50285862062 0.0373111
-1.00190598725 0.0246373
-0.500953113702 0.0141168
0 0.00615887
0.500953353832 0.00161536
1.00190694777 0
1.5028607818 0.00050173
2.00381485588 0.00346791
2.50476917 0.0088581
3.00572372414 0.0173307
3.50667851826 0.0289466
4.00763355236 0.0433328
4.50858882639 0.0601547
5.00954434035 0.0779253
5.5105000942 0.0977044
6.01145608793 0.118579
6.5124123215 0.140617
7.0133687949 0.162782
7.51432550811 0.18665
8.01528246109 0.209591
8.51623965383 0.232858
9.0171970863 0.25484
9.51815475848 0.275991
10.0191126703 0.297114
10.5200708219 0.317778
11.021029213 0.336211
11.5219878438 0.353928
12.0229467142 0.369368
12.5239058241 0.382361
13.0248651736 0.393324
13.5258247626 0.402305
14.0267845911 0.408441
14.5277446591 0.413576
15.0287049665 0.416842
15.5296655134 0.418031
16.0306262996 0.417173
16.5315873252 0.414759
17.0325485902 0.411834
17.5335100945 0.406889
18.0344718382 0.400606
18.5354338211 0.392037
19.0363960433 0.382383
19.5373585047 0.372155
20.0383212053 0.360726
20.5392841451 0.35011
21.0402473241 0.339059
21.5412107422 0.327382
22.0421743994 0.316411
22.5431382958 0.305275
23.0441024312 0.294395
23.5450668056 0.284685
24.0460314191 0.274984
24.5469962716 0.267001
25.0479613631 0.261177
