114.978433525	-50.6616815843	-25.0578352979	116.995868122	-3214.91359999
114.98475445	-50.6637225395	-24.5566824227	116.995868122	-3213.48429182
114.991075926	-50.6657631528	-24.0555293907	116.990979342	-3208.86358873
114.997397951	-50.6678034241	-23.554376202	116.986089995	-3219.886574
115.003720525	-50.6698433533	-23.0532228564	116.98120008	-3239.23651152
115.010043648	-50.6718829406	-22.5520693541	116.976309598	-3259.49322083
115.016367322	-50.6739221857	-22.0509156951	116.971418548	-3280.52536578
115.022691544	-50.6759610886	-21.5497618795	116.96652693	-3298.34642733
115.029016316	-50.6779996493	-21.0486079072	116.961634745	-3314.86343088
115.035341637	-50.6800378677	-20.5474537783	116.956741992	-3322.7313659
115.041667508	-50.6820757437	-20.0462994928	116.951848671	-3331.69739611
115.047993928	-50.6841132774	-19.5451450508	116.946954783	-3340.00468472
115.054320898	-50.6861504686	-19.0439904522	116.942060327	-3347.72630444
115.060648417	-50.6881873173	-18.5428356971	116.937165304	-3356.69154337
115.066976485	-50.6902238235	-18.0416807856	116.932269713	-3366.56713075
115.073305103	-50.6922599871	-17.5405257176	116.927373554	-3375.23212586
115.07963427	-50.6942958079	-17.0393704932	116.922476828	-3384.02783797
115.085963987	-50.6963312861	-16.5382151124	116.917579534	-3391.62196598
115.092294253	-50.6983664215	-16.0370595752	116.912681673	-3398.22987264
115.098625068	-50.700401214	-15.5359038817	116.907783244	-3405.57247146
115.104956433	-50.7024356637	-15.034748032	116.902884248	-3414.22939524
115.111288347	-50.7044697704	-14.5335920259	116.897984684	-3423.82275452
115.11762081	-50.7065035341	-14.0324358636	116.893084553	-3433.18822832
115.123953823	-50.7085369548	-13.5312795451	116.888183854	-3442.16228177
115.130287385	-50.7105700324	-13.0301230704	116.883282588	-3452.69718895
115.136621496	-50.7126027668	-12.5289664395	116.878380754	-3464.16286399
115.142956157	-50.714635158	-12.0278096525	116.873478352	-3476.34357525
115.149291367	-50.7166672059	-11.5266527094	116.868575383	-3490.55257121
115.155627127	-50.7186989106	-11.0254956103	116.863671847	-3505.92757211
115.161963435	-50.7207302718	-10.5243383551	116.858767744	-3522.18146475
115.168300294	-50.7227612896	-10.0231809438	116.853863072	-3539.67817812
115.174637701	-50.7247919639	-9.52202337664	116.848957834	-3557.8329928
115.180975658	-50.7268222947	-9.02086565346	116.844052028	-3575.67625248
115.187314163	-50.7288522819	-8.51970777436	116.839145655	-3593.12038768
115.193653219	-50.7308819254	-8.01854973936	116.834238714	-3611.61804551
115.199992823	-50.7329112252	-7.51739154849	116.829331206	-3631.6020786
115.206332977	-50.7349401813	-7.01623320177	116.82442313	-3651.77896507
115.21267368	-50.7369687936	-6.51507469923	116.819514488	-3673.16103784
115.219014932	-50.7389970619	-6.0139160409	116.814605277	-3694.95680247
115.225356734	-50.7410249864	-5.51275722682	116.809695499	-3716.64923466
115.231699085	-50.7430525669	-5.01159825701	116.804785155	-3738.06351387
115.238041985	-50.7450798033	-4.5104391315	116.799874243	-3759.79099243
115.244385434	-50.7471066957	-4.00927985031	116.794962763	-3781.3084925
115.250729433	-50.7491332439	-3.50812041347	116.790050716	-3803.03217176
115.257073981	-50.7511594479	-3.00696082102	116.785138102	-3823.49155372
115.263419078	-50.7531853077	-2.50580107299	116.78022492	-3843.65045446
115.269764724	-50.7552108232	-2.0046411694	116.775311172	-3863.25544091
115.27611092	-50.7572359943	-1.50348111027	116.770396856	-3882.8461158
115.282457664	-50.759260821	-1.00232089564	116.765481973	-3900.02225975
115.288804958	-50.7612853032	-0.501160525544	116.760566522	-3916.01369832
115.295152801	-50.7633094409	0	116.755650505	-3931.25072887
115.301501194	-50.765333234	0.501160680959	116.75073392	-3945.19484312
115.307850135	-50.7673566825	1.00232151731	116.745816768	-3956.06111515
115.314199626	-50.7693797863	1.50348250901	116.740899048	-3963.12862086
115.320549666	-50.7714025453	2.00464365605	116.735980762	-3968.69981674
115.326900254	-50.7734249596	2.50580495838	116.731061908	-3971.90298996
115.333251393	-50.775447029	3.00696641599	116.726142487	-3971.13316369
115.33960308	-50.7774687535	3.50812802885	116.721222499	-3970.34934273
115.345955316	-50.779490133	4.00928979691	116.716301944	-3965.39507196
115.352308102	-50.7815111675	4.51045172017	116.711380822	-3955.62955364
115.358661437	-50.783531857	5.01161379858	116.706459132	-3940.97081612
115.36501532	-50.7855522013	5.51277603212	116.701536876	-3920.59859668
115.371369753	-50.7875722005	6.01393842077	116.696614052	-3898.92538942
115.377724735	-50.7895918544	6.51510096448	116.691690661	-3874.65074914
115.384080266	-50.791611163	7.01626366324	116.686766704	-3844.24650922
115.390436347	-50.7936301262	7.51742651702	116.681842179	-3811.49641054
115.396792976	-50.7956487441	8.01858952578	116.676917087	-3776.30866646
115.403150154	-50.7976670165	8.5197526895	116.671991428	-3738.24565838
115.409507882	-50.7996849434	9.02091600814	116.667065202	-3696.63768158
115.415866158	-50.8017025248	9.52207948169	116.662138409	-3650.8908908
115.422224984	-50.8037197605	10.0232431101	116.657211049	-3604.84787433
115.428584358	-50.8057366506	10.5244068934	116.652283122	-3557.71601387
115.434944282	-50.8077531949	11.0255708314	116.647354628	-3509.22908649
115.441304755	-50.8097693935	11.5267349243	116.642425567	-3462.9523577
115.447665777	-50.8117852462	12.0278991719	116.637495939	-3420.72276894
115.454027347	-50.813800753	12.5290635743	116.632565744	-3382.38142926
115.460389467	-50.8158159139	13.0302281313	116.627634983	-3348.95880545
115.466752136	-50.8178307287	13.531392843	116.622703654	-3322.04164673
115.473115354	-50.8198451975	14.0325577094	116.617771758	-3299.95498054
115.479479121	-50.8218593203	14.5337227303	116.612839296	-3287.45292614
115.485843436	-50.8238730968	15.0348879059	116.607906266	-3280.96723611
115.492208301	-50.8258865271	15.536053236	116.60297267	-3277.38268776
115.498573715	-50.8278996112	16.0372187206	116.598038506	-3284.72888744
115.504939677	-50.8299123489	16.5383843598	116.593103776	-3299.89757995
115.511306189	-50.8319247402	17.0395501534	116.588168479	-3323.56048127
115.51767325	-50.8339367851	17.5407161014	116.583232616	-3351.63491908
115.524040859	-50.8359484835	18.0418822039	116.578296185	-3381.85225112
115.530409018	-50.8379598354	18.5430484607	116.573359188	-3418.8058162
115.536777725	-50.8399708406	19.0442148719	116.568421623	-3461.00015465
115.543146981	-50.8419814992	19.5453814374	116.563483493	-3505.20812387
115.549516787	-50.8439918111	20.0465481572	116.558544795	-3553.71623174
115.555887141	-50.8460017762	20.5477150313	116.55360553	-3603.21283466
115.562258044	-50.8480113945	21.0488820596	116.548665699	-3654.53143385
115.568629495	-50.8500206659	21.5500492422	116.543725301	-3706.09540488
115.575001496	-50.8520295904	22.0512165789	116.538784336	-3755.36230228
115.581374046	-50.8540381679	22.5523840697	116.533842805	-3803.92332652
115.587747144	-50.8560463984	23.0535517147	116.528900707	-3850.2560379
115.594120792	-50.8580542818	23.5547195138	116.523958042	-3891.9460469
115.600494988	-50.860061818	24.055887467	116.51901481	-3928.880701
115.606869733	-50.862069007	24.5570555742	116.514071012	-3962.20699655
115.613245027	-50.8640758487	25.0582238353	116.509126647	-3992.72426079
