-25.0670722014 0.257523
-24.5657321533 0.279928
-24.0643920477 0.299992
-23.5630518846 0.313679
-23.0617116641 0.327066
-22.5603713862 0.336629
-22.0590310509 0.346772
-21.5576906583 0.355752
-21.0563502083 0.364128
-20.5550097011 0.372012
-20.0536691367 0.379205
-19.552328515 0.384841
-19.0509878362 0.390733
-18.5496471002 0.396124
-18.0483063071 0.399593
-17.5469654569 0.403096
-17.0456245497 0.405185
-16.5442835855 0.406071
-16.0429425643 0.406918
-15.5416014861 0.406735
-15.040260351 0.406602
-14.5389191591 0.406681
-14.0375779103 0.405001
-13.5362366047 0.402748
-13.0348952424 0.398942
-12.5335538232 0.394424
-12.0322123474 0.389433
-11.5308708149 0.382175
-11.0295292257 0.372823
-10.52818758 0.361496
-10.0268458776 0.346979
-9.52550411872 0.330973
-9.02416230331 0.314136
-8.52282043143 0.294504
-8.02147850309 0.274083
-7.52013651834 0.25068
-7.01879447721 0.227632
-6.51745237973 0.204204
-6.01611022594 0.17908
-5.51476801587 0.154286
-5.01342574955 0.129436
-4.51208342701 0.105701
-4.01074104829 0.0839789
-3.50939861343 0.0633482
-3.00805612245 0.0435297
-2.50671357539 0.0278289
-2.00537097227 0.0150976
-1.50402831315 0.00567929
-1.00268559803 0.000864494
-0.501342826976 0
0 0.00115951
0.501342882859 0.00864099
1.00268582157 0.0184475
1.50402881609 0.0298415
2.0053718664 0.0455138
2.50671497246 0.0639942
3.00805813424 0.0868647
3.50940135169 0.11005
4.0107446248 0.133076
4.51208795353 0.160683
5.01343133784 0.188534
5.51477477771 0.218111
6.01611827309 0.248839
6.51746182395 0.282804
7.01880543027 0.316628
7.520149092 0.349254
8.02149280912 0.381362
8.52283658159 0.409589
9.02418040938 0.435776
9.52552429246 0.458875
10.0268682308 0.480044
10.5282122243 0.49809
11.0295562731 0.51096
11.5309003769 0.521716
12.032244536 0.529255
12.53358875 0.532246
13.0349330192 0.531338
13.5362773433 0.529057
14.0376217225 0.523377
14.5389661566 0.513171
15.0403106456 0.5015
15.5416551895 0.485618
16.0429997883 0.46875
16.5443444419 0.449937
17.0456891502 0.431329
17.5470339134 0.409028
18.0483787312 0.388864
18.5497236037 0.37148
19.0510685309 0.349461
19.5524135127 0.335568
20.0537585491 0.328619
20.5551036401 0.324088
21.0564487855 0.31778
21.5577939855 0.307859
22.0591392399 0.300051
22.5604845487 0.291231
23.0618299119 0.282329
23.5631753295 0.274311
24.0645208014 0.266564
24.5658663276 0.259488
25.067211908 0.252548
