-25.0508850837 0.569415
-24.5498725 0.564778
-24.048859707 0.561494
-23.5478467048 0.557906
-23.0468334933 0.553999
-22.5458200726 0.551052
-22.0448064426 0.548453
-21.5437926035 0.544653
-21.0427785553 0.540857
-20.5417642979 0.536711
-20.0407498315 0.531919
-19.539735156 0.527093
-19.0387202714 0.518464
-18.5377051778 0.509045
-18.0366898752 0.498642
-17.5356743636 0.485167
-17.0346586431 0.470278
-16.5336427136 0.454745
-16.0326265753 0.440923
-15.5316102281 0.427231
-15.030593672 0.414761
-14.5295769071 0.388785
-14.0285599334 0.356941
-13.527542751 0.329826
-13.0265253598 0.305622
-12.5255077598 0.285671
-12.0244899512 0.270088
-11.5234719339 0.257293
-11.022453708 0.246333
-10.5214352734 0.235462
-10.0204166302 0.225903
-9.51939777851 0.215994
-9.01837871822 0.204524
-8.51735944941 0.193625
-8.0163399721 0.181806
-7.51532028632 0.1694
-7.01430039209 0.156511
-6.51328028945 0.143254
-6.0122599784 0.130276
-5.51123945898 0.116819
-5.01021873122 0.103804
-4.50919779513 0.090029
-4.00817665074 0.0764197
-3.50715529809 0.0621882
-3.00613373719 0.0486496
-2.50511196806 0.0362389
-2.00408999074 0.0254119
-1.50306780525 0.0158099
-1.00204541161 0.00891628
-0.501022809855 0.00428382
0 0.000605151
0.501023017924 0
1.0020462439 0.0011856
1.50306967789 0.00575075
2.00409331987 0.0139614
2.50511716983 0.025403
3.00614122772 0.0402457
3.50716549354 0.0562782
4.00818996726 0.0757143
4.50921464884 0.0969638
5.01023953827 0.121277
5.51126463551 0.146629
6.01228994055 0.173714
6.51331545336 0.203365
7.01434117391 0.235277
7.51536710218 0.271165
8.01639323814 0.308125
8.51741958177 0.344474
9.01844613304 0.381617
9.51947289193 0.416586
10.0204998584 0.45073
10.5215270325 0.482027
11.022554414 0.508828
11.5235820031 0.532825
12.0246097997 0.553286
12.5256378038 0.570597
13.0266660153 0.585353
13.5276944342 0.592912
14.0287230605 0.598352
14.5297518942 0.602074
15.0307809352 0.600512
15.5318101835 0.593387
16.0328396391 0.581057
16.533869302 0.565904
17.0348991721 0.549425
17.5359292494 0.530563
18.0369595339 0.507593
18.5379900256 0.481181
19.0390207244 0.454351
19.5400516303 0.423905
20.0410827433 0.393066
20.5421140634 0.360017
21.0431455905 0.326768
21.5441773246 0.293337
22.0452092657 0.260144
22.5462414137 0.227266
23.0472737687 0.194968
23.5483063306 0.164978
24.0493390994 0.137661
24.550372075 0.111646
25.0514052574 0.0871706
