-25.0656481917 0.54929
-24.5643370594 0.554267
-24.0630258518 0.559066
-23.561714569 0.560034
-23.060403211 0.560541
-22.5590917778 0.559386
-22.0577802694 0.55593
-21.556468686 0.549887
-21.0551570274 0.542232
-20.5538452939 0.532584
-20.0525334853 0.520417
-19.5512216017 0.507524
-19.0499096431 0.494118
-18.5485976097 0.479348
-18.0472855013 0.463778
-17.5459733181 0.447392
-17.0446610601 0.431117
-16.5433487273 0.416215
-16.0420363197 0.401319
-15.5407238374 0.387606
-15.0394112804 0.374634
-14.5380986488 0.363051
-14.0367859425 0.351675
-13.5354731616 0.341454
-13.0341603062 0.332597
-12.5328473763 0.325045
-12.0315343718 0.318095
-11.5302212929 0.310599
-11.0289081395 0.303143
-10.5275949118 0.294142
-10.0262816097 0.285322
-9.5249682332 0.276684
-9.02365478244 0.266159
-8.52234125741 0.25425
-8.02102765814 0.241164
-7.51971398467 0.225856
-7.01840023702 0.208335
-6.51708641523 0.190866
-6.01577251934 0.173313
-5.51445854937 0.151497
-5.01314450536 0.130067
-4.51183038733 0.109459
-4.01051619533 0.0894698
-3.50920192938 0.0702732
-3.00788758952 0.056289
-2.50657317578 0.0450139
-2.00525868819 0.0341334
-1.50394412679 0.0388524
-1.0026294916 0.0501855
-0.501314782659 0.0636108
0 0.0447152
0.501314856343 0.0164541
1.00262978634 0.00702026
1.50394478996 0.00134522
2.00525986716 0
2.50657501793 0.00584552
3.00789024221 0.0183833
3.50920553999 0.035852
4.01052091122 0.0580909
4.51183635588 0.0837016
5.01315187394 0.111104
5.51446746535 0.1412
6.01578313009 0.17264
6.51709886813 0.205826
7.01841467944 0.241227
7.51973056397 0.278709
8.0210465217 0.317017
8.5223625526 0.356358
9.02367865663 0.393569
9.52499483376 0.430594
10.026311084 0.464613
10.5276274072 0.495329
11.0289438034 0.522624
11.5302602726 0.547622
12.0315768148 0.569996
12.5328934298 0.589211
13.0342101178 0.60582
13.5355268785 0.617447
14.0368437121 0.626342
14.5381606185 0.629009
15.0394775975 0.629954
15.5407946493 0.62679
16.0421117738 0.620744
16.543428971 0.613868
17.0447462407 0.602874
17.546063583 0.589209
18.0473809979 0.572367
18.5486984853 0.555312
19.0500160451 0.537873
19.5513336774 0.516513
20.0526513822 0.494115
20.5539691593 0.47196
21.0552870087 0.449272
21.5566049305 0.425082
22.0579229246 0.401505
22.5592409909 0.376774
23.0605591295 0.352727
23.5618773402 0.329486
24.0631956231 0.30639
24.5645139782 0.283782
25.0658324053 0.261608
