-25.0509966595 0.536217
-24.5499818486 0.541777
-24.0489668282 0.547312
-23.5479515984 0.552874
-23.0469361592 0.557295
-22.5459205106 0.558722
-22.0449046526 0.559476
-21.5438885852 0.557499
-21.0428723086 0.555572
-20.5418558226 0.552615
-20.0408391273 0.546936
-19.5398222228 0.53943
-19.0388051091 0.530191
-18.5377877862 0.520314
-18.0367702541 0.509563
-17.5357525129 0.496652
-17.0347345625 0.482569
-16.533716403 0.468491
-16.0326980345 0.454749
-15.5316794569 0.441081
-15.0306606703 0.428228
-14.5296416747 0.415945
-14.0286224701 0.404705
-13.5276030565 0.395287
-13.0265834341 0.38847
-12.5255636027 0.383167
-12.0245435625 0.381028
-11.5235233134 0.380044
-11.0225028555 0.378481
-10.5214821888 0.379886
-10.0204613133 0.374687
-9.51944022908 0.354949
-9.01841893613 0.329718
-8.51739743448 0.325898
-8.01637572416 0.318918
-7.51535380519 0.303473
-7.0143316776 0.285874
-6.51330934141 0.259029
-6.01228679664 0.231933
-5.51126404333 0.207202
-5.0102410815 0.181128
-4.50921791117 0.157402
-4.00819453237 0.133182
-3.50717094512 0.110487
-3.00614714945 0.0900105
-2.50512314539 0.0703235
-2.00409893295 0.0529644
-1.50307451217 0.0364461
-1.00204988307 0.0227596
-0.501025045669 0.0115737
0 0.00337845
0.501025253914 0.000349533
1.00205071605 0
1.50307638638 0.00171271
2.00410226488 0.00741824
2.50512835152 0.0175056
3.00615464628 0.0296422
3.50718114914 0.0455295
4.00820786006 0.0640574
4.50923477903 0.0861666
5.01026190602 0.111519
5.51128924099 0.139046
6.01231678394 0.167078
6.51334453483 0.197034
7.01437249363 0.228715
7.51540066033 0.262753
8.01642903489 0.29985
8.5174576173 0.338298
9.01848640752 0.374317
9.51951540553 0.408366
10.0205446113 0.441671
10.5215740248 0.471578
11.022603646 0.497662
11.523633475 0.521362
12.0246635116 0.542111
12.5256937558 0.559575
13.0267242076 0.573425
13.527754867 0.581783
14.028785734 0.587395
14.5298168085 0.58936
15.0308480906 0.589424
15.5318795801 0.584906
16.0329112771 0.578116
16.5339431815 0.567835
17.0349752933 0.555615
17.5360076125 0.540612
18.0370401391 0.523968
18.538072873 0.505995
19.0391058142 0.487038
19.5401389627 0.466983
20.0411723185 0.446083
20.5422058815 0.42444
21.0432396517 0.401539
21.5442736291 0.37851
22.0453078136 0.355925
22.5463422053 0.333114
23.047376804 0.309891
23.5484116099 0.286859
24.0494466228 0.263808
24.5504818427 0.241833
25.0515172697 0.219288
