-25.0474358837 0.341269
-24.5464930713 0.340708
-24.0455500175 0.341109
-23.5446067224 0.341181
-23.0436631858 0.341892
-22.542719408 0.342455
-22.0417753888 0.346029
-21.5408311284 0.351181
-21.0398866267 0.357793
-20.5389418837 0.366282
-20.0379968995 0.376868
-19.5370516742 0.389157
-19.0361062076 0.401419
-18.5351604999 0.414311
-18.0342145511 0.429371
-17.5332683612 0.448602
-17.0323219302 0.470883
-16.5313752581 0.488725
-16.0304283451 0.504138
-15.529481191 0.513785
-15.0285337959 0.511567
-14.5275861598 0.502834
-14.0266382828 0.488372
-13.5256901649 0.474069
-13.0247418061 0.460506
-12.5237932065 0.446139
-12.0228443659 0.42723
-11.5218952846 0.408343
-11.0209459625 0.390656
-10.5199963995 0.372456
-10.0190465959 0.353523
-9.51809655146 0.333501
-9.01714626635 0.312705
-8.51619574055 0.292092
-8.01524497409 0.269468
-7.514293967 0.24674
-7.01334271929 0.224817
-6.512391231 0.202794
-6.01143950213 0.180919
-5.51048753272 0.160277
-5.00953532279 0.1388
-4.50858287236 0.118647
-4.00763018146 0.0981158
-3.50667725011 0.0797856
-3.00572407833 0.061545
-2.50477066615 0.0468368
-2.00381701359 0.0328686
-1.50286312067 0.0203052
-1.00190898741 0.0103774
-0.500954613851 0.00422743
0 0
0.500954854112 0.00116604
1.00190994847 0.00481922
1.50286528304 0.010482
2.0038208578 0.0182499
2.50477667273 0.0297374
3.00573272781 0.043305
3.50668902301 0.0591803
4.0076455583 0.0783534
4.50860233368 0.0996203
5.0095593491 0.123127
5.51051660456 0.147166
6.01147410002 0.171804
6.51243183546 0.197205
7.01338981086 0.222732
7.5143480262 0.247938
8.01530648144 0.273991
8.51626517658 0.299233
9.01722411157 0.322214
9.51818328641 0.343604
10.0191427011 0.362856
10.5201023555 0.380262
11.0210622497 0.395629
11.5220223837 0.410164
12.0229827574 0.419656
12.5239433708 0.426919
13.0249042238 0.432104
13.5258653165 0.435169
14.0268266489 0.437049
14.5277882208 0.436796
15.0287500324 0.432506
15.5297120834 0.428146
16.0306743741 0.422205
16.5316369042 0.41479
17.0325996738 0.406837
17.5335626829 0.398184
18.0345259314 0.390174
18.5354894193 0.380671
19.0364531467 0.370927
19.5374171134 0.361582
20.0383813194 0.352004
20.5393457648 0.342585
21.0403104494 0.333181
21.5412753734 0.325953
22.0422405365 0.320011
22.5432059389 0.314183
23.0441715806 0.309321
23.5451374613 0.305909
24.0461035813 0.30416
24.5470699404 0.303318
25.0480365386 0.303977
