-25.0659903794 0.890976
-24.5646708548 0.89572
-24.0633513182 0.881889
-23.5620317696 0.864643
-23.0607122089 0.82157
-22.5593926363 0.787268
-22.0580730517 0.788885
-21.5567534552 0.772439
-21.0554338468 0.771593
-20.5541142266 0.759108
-20.0527945946 0.748032
-19.5514749508 0.725501
-19.0501552952 0.713118
-18.5488356279 0.709176
-18.047515949 0.699947
-17.5461962583 0.696175
-17.0448765561 0.680717
-16.5435568423 0.679055
-16.0422371169 0.689662
-15.54091738 0.709956
-15.0395976316 0.723599
-14.5382778718 0.750596
-14.0369581005 0.767978
-13.5356383179 0.807454
-13.0343185239 0.815358
-12.5329987185 0.840787
-12.0316789019 0.841041
-11.530359074 0.802877
-11.0290392349 0.781709
-10.5277193846 0.730763
-10.0263995231 0.631729
-9.52507965053 0.535525
-9.02375976684 0.452756
-8.52243987208 0.402077
-8.02111996629 0.377941
-7.5198000495 0.355489
-7.01848012174 0.34571
-6.51716018305 0.348761
-6.01584023346 0.342051
-5.51452027301 0.33113
-5.01320030171 0.316101
-4.51188031962 0.299592
-4.01056032675 0.282523
-3.50924032315 0.259826
-3.00792030884 0.220161
-2.50660028385 0.202666
-2.00528024823 0.191954
-1.503960202 0.161241
-1.0026401452 0.135793
-0.501320077853 0.0992721
0 0.066451
0.501320088332 0.0383278
1.00264018711 0
1.50396029629 0.000886935
2.00528041586 0.0112239
2.50660054577 0.0319063
3.007920686 0.0493346
3.5092408365 0.0912672
4.01056099726 0.146754
4.51188116822 0.214149
5.01320134938 0.279251
5.51452154068 0.353654
6.0158417421 0.475423
6.51716195361 0.642184
7.01848217517 0.777531
7.51980240674 0.888663
8.02112264831 1.01433
8.52244289983 1.06083
9.02376316127 1.14752
9.5250834326 1.20301
10.0264037138 1.08788
10.5277240048 1.05033
11.0290443056 0.914468
11.5303646162 0.812703
12.0316849364 0.761821
12.5330052664 0.696807
13.0343256061 0.602041
13.5356459553 0.481612
14.0369663142 0.402298
14.5382866826 0.340922
15.0396070606 0.291889
15.540927448 0.267638
16.042247845 0.233337
16.5435682513 0.168647
17.0448886671 0.115257
17.5462090922 0.0948793
18.0475295266 0.117793
18.5488499704 0.168311
19.0501704234 0.195765
19.5514908857 0.198065
20.0528113572 0.220803
20.5541318378 0.289799
21.0554523276 0.323242
21.5567728264 0.333907
22.0580933344 0.359128
22.5594138514 0.39023
23.0607343774 0.432867
23.5620549124 0.470581
24.0633754563 0.526364
24.5646960091 0.595506
25.0660165708 0.677693
