114.253371269	-51.4834698025	-25.0473110948	134.632389874	-3387.6410859
114.258510063	-51.4866288032	-24.5463707728	134.632389874	-3390.77884272
114.263649569	-51.4897875793	-24.0454302096	134.628369046	-3400.33070249
114.268789788	-51.4929461307	-23.5444894052	134.624347485	-3413.86731197
114.273930718	-51.4961044574	-23.0435483596	134.620325191	-3430.57896499
114.279072362	-51.4992625593	-22.542607073	134.616302162	-3450.91984817
114.284214717	-51.5024204365	-22.0416655453	134.6122784	-3477.9779424
114.289357786	-51.5055780887	-21.5407237765	134.608253903	-3505.39983198
114.294501567	-51.508735516	-21.0397817667	134.604228672	-3532.00750005
114.299646062	-51.5118927183	-20.5388395158	134.600202707	-3558.44148542
114.304791269	-51.5150496956	-20.037897024	134.596176007	-3581.99447957
114.30993719	-51.5182064478	-19.5369542911	134.592148573	-3601.67074986
114.315083824	-51.5213629748	-19.0360113174	134.588120404	-3617.6037063
114.320231171	-51.5245192766	-18.5350681027	134.5840915	-3629.36952366
114.325379232	-51.5276753531	-18.0341246471	134.580061861	-3636.74151229
114.330528007	-51.5308312043	-17.5331809506	134.576031487	-3639.81508368
114.335677496	-51.5339868301	-17.0322370133	134.572000378	-3640.95869696
114.340827699	-51.5371422304	-16.5312928351	134.567968534	-3640.55089908
114.345978615	-51.5402974053	-16.0303484161	134.563935954	-3639.23024776
114.351130246	-51.5434523545	-15.5294037564	134.559902638	-3636.60957748
114.356282592	-51.5466070782	-15.0284588558	134.555868587	-3634.24264683
114.361435652	-51.5497615762	-14.5275137146	134.5518338	-3633.73681036
114.366589426	-51.5529158485	-14.0265683326	134.547798277	-3633.24802747
114.371743916	-51.556069895	-13.5256227099	134.543762018	-3634.13407554
114.37689912	-51.5592237156	-13.0246768466	134.539725023	-3635.69838723
114.382055039	-51.5623773104	-12.5237307426	134.535687291	-3637.82401002
114.387211674	-51.5655306792	-12.0227843979	134.531648823	-3641.23303282
114.392369023	-51.5686838219	-11.5218378127	134.527609618	-3646.64942205
114.397527089	-51.5718367386	-11.0208909869	134.523569676	-3651.3626412
114.402685869	-51.5749894292	-10.5199439205	134.519528998	-3658.27549934
114.407845366	-51.5781418936	-10.0189966137	134.515487583	-3665.93470763
114.413005578	-51.5812941318	-9.51804906626	134.51144543	-3674.94461946
114.418166506	-51.5844461436	-9.01710127837	134.507402541	-3685.41022649
114.42332815	-51.5875979291	-8.51615325002	134.503358914	-3697.19037918
114.42849051	-51.5907494882	-8.01520498124	134.499314549	-3709.20335025
114.433653587	-51.5939008208	-7.51425647204	134.495269447	-3722.23164872
114.43881738	-51.5970519269	-7.01330772244	134.491223607	-3735.90866509
114.443981889	-51.6002028064	-6.51235873248	134.48717703	-3751.3660164
114.449147116	-51.6033534593	-6.01140950217	134.483129715	-3767.64836805
114.454313059	-51.6065038855	-5.51046003154	134.479081661	-3785.43693144
114.459479719	-51.6096540849	-5.00951032061	134.475032869	-3803.1424363
114.464647096	-51.6128040575	-4.50856036941	134.470983339	-3820.99560798
114.469815191	-51.6159538033	-4.00761017795	134.46693307	-3839.8360039
114.474984002	-51.6191033221	-3.50665974626	134.462882063	-3857.43853715
114.480153532	-51.6222526139	-3.00570907437	134.458830317	-3875.32748956
114.485323779	-51.6254016787	-2.5047581623	134.454777832	-3893.57990093
114.490494743	-51.6285505164	-2.00380701006	134.450724608	-3910.31835603
114.495666426	-51.6316991269	-1.50285561769	134.446670645	-3926.86645327
114.500838826	-51.6348475103	-1.00190398521	134.442615943	-3939.23468709
114.506011944	-51.6379956663	-0.500952112638	134.438560502	-3950.52189003
114.511185781	-51.6411435951	0	134.434504321	-3959.21007815
114.516360336	-51.6442912964	0.50095235268	134.4304474	-3964.48521599
114.52153561	-51.6474387703	1.00190494538	134.42638974	-3969.00240428
114.526711602	-51.6505860168	1.50285777807	134.42233134	-3970.75822068
114.531888313	-51.6537330356	2.00381085074	134.4182722	-3968.4744982
114.537065743	-51.6568798269	2.50476416335	134.41421232	-3963.70160043
114.542243892	-51.6600263905	3.00571771589	134.410151699	-3956.63077218
114.54742276	-51.6631727263	3.50667150834	134.406090339	-3945.7033416
114.552602348	-51.6663188344	4.00762554066	134.402028238	-3931.51229907
114.557782655	-51.6694647146	4.50857981284	134.397965396	-3915.35062815
114.562963681	-51.672610367	5.00953432484	134.393901813	-3895.79668312
114.568145427	-51.6757557913	5.51048907666	134.38983749	-3875.05878693
114.573327893	-51.6789009877	6.01144406826	134.385772426	-3852.04846893
114.578511078	-51.682045956	6.51239929962	134.38170662	-3826.12743629
114.583694984	-51.6851906962	7.01335477072	134.377640073	-3799.91819762
114.58887961	-51.6883352081	7.51431048154	134.373572786	-3772.0443458
114.594064956	-51.6914794919	8.01526643205	134.369504756	-3744.72262572
114.599251023	-51.6946235473	8.51622262222	134.365435985	-3716.83478319
114.60443781	-51.6977673744	9.01717905204	134.361366472	-3689.28029839
114.609625318	-51.7009109731	9.51813572148	134.357296217	-3660.75396033
114.614813547	-51.7040543432	10.0190926305	134.353225221	-3633.49248353
114.620002497	-51.7071974849	10.5200497791	134.349153482	-3606.18210743
114.625192168	-51.710340398	11.0210071673	134.345081001	-3580.47558694
114.63038256	-51.7134830824	11.521964795	134.341007778	-3557.60062607
114.635573673	-51.7166255381	12.0229226622	134.336933812	-3536.40199006
114.640765508	-51.7197677651	12.5238807688	134.332859104	-3517.7865671
114.645958065	-51.7229097632	13.024839115	134.328783653	-3502.10714322
114.651151343	-51.7260515325	13.5257977005	134.324707459	-3489.75530016
114.656345343	-51.7291930728	14.0267565255	134.320630522	-3479.64750343
114.661540065	-51.7323343842	14.5277155898	134.316552842	-3474.23670904
114.666735509	-51.7354754665	15.0286748936	134.312474419	-3470.50323397
114.671931675	-51.7386163197	15.5296344366	134.308395252	-3468.47556312
114.677128564	-51.7417569437	16.030594219	134.304315342	-3469.01112619
114.682326175	-51.7448973385	16.5315542406	134.300234689	-3474.11778628
114.687524509	-51.748037504	17.0325145016	134.296153291	-3480.80273692
114.692723566	-51.7511774402	17.5334750017	134.29207115	-3489.2891937
114.697923346	-51.754317147	18.0344357411	134.287988265	-3498.43500687
114.703123848	-51.7574566243	18.5353967197	134.283904636	-3510.27720466
114.708325074	-51.7605958722	19.0363579375	134.279820262	-3523.46446013
114.713527023	-51.7637348904	19.5373193944	134.275735144	-3539.11825766
114.718729695	-51.766873679	20.0382810905	134.271649282	-3555.80466283
114.723933091	-51.770012238	20.5392430256	134.267562675	-3572.14611005
114.729137211	-51.7731505672	21.0402051998	134.263475323	-3588.60781437
114.734342055	-51.7762886666	21.5411676131	134.259387227	-3605.10822867
114.739547622	-51.7794265362	22.0421302654	134.255298385	-3622.81341759
114.744753913	-51.7825641758	22.5430931567	134.251208799	-3639.09331995
114.749960929	-51.7857015854	23.044056287	134.247118467	-3655.10832635
114.755168669	-51.7888387651	23.5450196563	134.243027389	-3669.92274203
114.760377133	-51.7919757146	24.0459832645	134.238935567	-3683.18964149
114.765586322	-51.795112434	24.5469471116	134.234842998	-3695.61317562
114.770796236	-51.7982489232	25.0479111976	134.230749684	-3706.91150666
