114.345461815	-51.4078023695	-25.0672111051	99.6467137996	-3337.04603696
114.352568714	-51.408555662	-24.5658682804	99.6467137996	-3334.51159661
114.359675847	-51.4093085247	-24.0645253981	99.6411589798	-3333.28501659
114.366783214	-51.4100609576	-23.5631824583	99.635603919	-3331.46521069
114.373890815	-51.4108129606	-23.061839461	99.6300486164	-3328.59920846
114.38099865	-51.4115645337	-22.5604964062	99.6244930733	-3326.2024961
114.388106718	-51.412315677	-22.059153294	99.6189372891	-3325.5652157
114.39521502	-51.4130663903	-21.5578101244	99.6133812639	-3323.6738651
114.402323555	-51.4138166736	-21.0564668975	99.6078249987	-3323.90632808
114.409432324	-51.414566527	-20.5551236131	99.6022684926	-3325.69245984
114.416541325	-51.4153159504	-20.0537802715	99.596711746	-3329.09488643
114.42365056	-51.4160649438	-19.5524368726	99.5911547595	-3331.42782259
114.430760027	-51.4168135071	-19.0510934165	99.5855975327	-3335.03342573
114.437869728	-51.4175616403	-18.5497499032	99.5800400659	-3340.44108029
114.444979661	-51.4183093434	-18.0484063327	99.5744823592	-3344.65362809
114.452089826	-51.4190566164	-17.5470627051	99.5689244127	-3350.11776312
114.459200224	-51.4198034592	-17.0457190203	99.5633662266	-3356.28642957
114.466310854	-51.4205498719	-16.5443752785	99.557807801	-3362.1486364
114.473421717	-51.4212958543	-16.0430314797	99.5522491361	-3368.13351779
114.480532811	-51.4220414065	-15.5416876239	99.5466902317	-3373.97967944
114.487644138	-51.4227865285	-15.040343711	99.5411310886	-3379.00721887
114.494755696	-51.4235312201	-14.5389997413	99.5355717062	-3383.94611855
114.501867486	-51.4242754815	-14.0376557146	99.5300120849	-3389.13450491
114.508979508	-51.4250193125	-13.5363116311	99.5244522247	-3395.06644998
114.516091761	-51.4257627132	-13.0349674907	99.5188921263	-3401.7491291
114.523204245	-51.4265056834	-12.5336232936	99.513331789	-3408.27272695
114.530316961	-51.4272482233	-12.0322790396	99.5077712134	-3416.92157753
114.537429907	-51.4279903327	-11.5309347289	99.5022103996	-3425.90610469
114.544543085	-51.4287320117	-11.0295903616	99.4966493476	-3437.84479838
114.551656493	-51.4294732602	-10.5282459375	99.4910880578	-3452.67119969
114.558770133	-51.4302140781	-10.0269014568	99.48552653	-3469.67155117
114.565884003	-51.4309544655	-9.52555691951	99.4799647641	-3488.53608007
114.572998103	-51.4316944224	-9.02421232564	99.474402761	-3510.37056175
114.580112434	-51.4324339487	-8.52286767523	99.46884052	-3536.33836251
114.587226995	-51.4331730443	-8.02152296831	99.4632780419	-3563.86439298
114.594341786	-51.4339117093	-7.52017820492	99.4577153264	-3592.26121048
114.601456807	-51.4346499437	-7.01883338509	99.452152374	-3622.76405826
114.608572058	-51.4353877474	-6.51748850886	99.4465891843	-3653.52898756
114.615687539	-51.4361251203	-6.01614357625	99.4410257577	-3685.24328326
114.62280325	-51.4368620625	-5.5147985873	99.4354620946	-3717.22729104
114.62991919	-51.4375985739	-5.01345354205	99.4298981946	-3747.99268806
114.637035359	-51.4383346546	-4.51210844053	99.4243340582	-3778.08021952
114.644151758	-51.4390703044	-4.01076328276	99.4187696854	-3806.38620935
114.651268386	-51.4398055234	-3.50941806879	99.4132050763	-3833.20129678
114.658385243	-51.4405403115	-3.00807279864	99.407640231	-3856.47306738
114.665502329	-51.4412746687	-2.50672747236	99.4020751497	-3876.38895705
114.672619644	-51.442008595	-2.00538208997	99.3965098329	-3892.75850066
114.679737187	-51.4427420904	-1.5040366515	99.3909442797	-3905.78213217
114.686854959	-51.4434751548	-1.002691157	99.3853784911	-3913.32487587
114.69397296	-51.4442077882	-0.501345606486	99.3798124672	-3917.66737372
114.701091189	-51.4449399906	0	99.3742462077	-3916.05568194
114.708209646	-51.4456717619	0.501345662427	99.368679713	-3909.53159942
114.715328331	-51.4464031022	1.00269138076	99.3631129831	-3897.8516471
114.722447244	-51.4471340114	1.50403715497	99.3575460182	-3883.24805116
114.729566385	-51.4478644895	2.00538298501	99.3519788186	-3864.7219792
114.736685753	-51.4485945364	2.50672887087	99.3464113839	-3841.82252221
114.74380535	-51.4493241521	3.0080748125	99.340843715	-3816.68219606
114.750925173	-51.4500533367	3.50942080987	99.335275811	-3787.80040394
114.758045224	-51.45078209	4.01076686295	99.3297076731	-3756.59536541
114.765165503	-51.4515104121	4.5121129717	99.3241393008	-3723.68841683
114.772286008	-51.4522383029	5.01345913609	99.3185706943	-3688.70381437
114.77940674	-51.4529657625	5.51480535609	99.3130018539	-3650.43302703
114.7865277	-51.4536927907	6.01615163167	99.3074327794	-3607.82639342
114.793648886	-51.4544193876	6.51749796278	99.3018634712	-3564.52990008
114.800770298	-51.4551455531	7.01884434941	99.2962939298	-3522.8482472
114.807891938	-51.4558712872	7.5201907915	99.2907241541	-3482.85217718
114.815013803	-51.4565965898	8.02153728905	99.2851541459	-3445.82092321
114.822135895	-51.4573214611	8.52288384199	99.2795839037	-3408.98750603
114.829258213	-51.4580459009	9.02423045032	99.274013429	-3378.47215083
114.836380757	-51.4587699091	9.52557711398	99.2684427207	-3349.09507043
114.843503527	-51.4594934859	10.026923833	99.2628717798	-3319.3297334
114.850626522	-51.4602166311	10.5282706072	99.2573006063	-3296.24683221
114.857749744	-51.4609393448	11.0296174367	99.2517291996	-3277.73741996
114.864873191	-51.4616616268	11.5309643214	99.2461575613	-3266.69246765
114.871996863	-51.4623834773	12.0323112613	99.2405856898	-3256.14291323
114.879120761	-51.4631048961	12.5336582563	99.2350135866	-3248.59551796
114.886244883	-51.4638258832	13.0350053064	99.229441251	-3248.46737049
114.893369231	-51.4645464387	13.5363524116	99.2238686834	-3249.80042519
114.900493804	-51.4652665624	14.0376995718	99.2182958841	-3256.02088037
114.907618601	-51.4659862544	14.5390467871	99.2127228529	-3265.93017642
114.914743623	-51.4667055146	15.0403940573	99.2071495898	-3281.05527571
114.92186887	-51.467424343	15.5417413825	99.2015760958	-3295.13397765
114.928994341	-51.4681427396	16.0430887626	99.1960023703	-3311.98662123
114.936120037	-51.4688607044	16.5444361975	99.1904284134	-3332.0287662
114.943245957	-51.4695782373	17.0457836873	99.1848542253	-3352.8148473
114.9503721	-51.4702953383	17.5471312319	99.1792798065	-3375.63762067
114.957498468	-51.4710120074	18.0484788313	99.1737051564	-3398.02767666
114.96462506	-51.4717282445	18.5498264854	99.1681302759	-3422.32321045
114.971751875	-51.4724440497	19.0511741942	99.1625551649	-3447.13666575
114.978878914	-51.4731594229	19.5525219577	99.1569798231	-3472.9466737
114.986006176	-51.4738743641	20.0538697759	99.1514042513	-3502.24850643
114.993133662	-51.4745888733	20.5552176486	99.1458284487	-3528.02238062
115.000261371	-51.4753029504	21.056565576	99.1402524167	-3552.16483068
115.007389302	-51.4760165954	21.5579135578	99.1346761542	-3575.99781589
115.014517457	-51.4767298083	22.0592615942	99.129099662	-3596.66788061
115.021645835	-51.477442589	22.5606096851	99.1235229401	-3612.70066694
115.028774436	-51.4781549376	23.0619578304	99.1179459885	-3626.55047581
115.035903259	-51.4788668541	23.5633060301	99.1123688078	-3637.49027308
115.043032304	-51.4795783383	24.0646542842	99.1067913973	-3646.95192577
115.050161572	-51.4802893902	24.5660025926	99.1012137579	-3653.07742812
115.057291062	-51.4810000099	25.0673509553	99.0956358894	-3658.4294915
