-25.0509687774 0.568297
-24.5499545231 0.571224
-24.0489400593 0.57415
-23.5479253862 0.575114
-23.0469105036 0.574542
-22.5458954118 0.572941
-22.0448801105 0.571619
-21.5438646 0.566834
-21.0428488802 0.561564
-20.5418329512 0.553771
-20.0408168129 0.54476
-19.5398004654 0.534641
-19.0387839087 0.523061
-18.5377671429 0.509306
-18.0367501679 0.494566
-17.5357329839 0.479897
-17.0347155907 0.464122
-16.5336979885 0.448571
-16.0326801773 0.432552
-15.5316621571 0.415646
-15.0306439278 0.399256
-14.5296254897 0.384079
-14.0286068426 0.369688
-13.5275879866 0.355149
-13.0265689217 0.342004
-12.5255496479 0.329658
-12.0245301654 0.316384
-11.523510474 0.303853
-11.0224905738 0.298451
-10.5214704649 0.302294
-10.0204501473 0.327658
-9.51942962095 0.334699
-9.01840888593 0.330888
-8.51738794225 0.32699
-8.01636678995 0.299345
-7.51534542904 0.275172
-7.01432385955 0.253323
-6.51330208151 0.231802
-6.01228009494 0.210962
-5.51125789986 0.188459
-5.01023549631 0.16552
-4.5092128843 0.143566
-4.00819006387 0.121815
-3.50716703503 0.100874
-3.00614379782 0.0812174
-2.50512035225 0.0630372
-2.00409669835 0.0462247
-1.50307283616 0.0314301
-1.00204876568 0.019712
-0.501024486953 0.0108321
0 0.0036992
0.501024695154 0
1.00204959849 0.000205927
1.50307470997 0.00237379
2.00410002958 0.00887872
2.50512555729 0.0190644
3.00615129307 0.0335998
3.50717723691 0.0508165
4.00820338877 0.0708631
4.50922974863 0.0920788
5.01025631646 0.117487
5.51128309224 0.144454
6.01231007595 0.174154
6.51333726756 0.206071
7.01436466704 0.241294
7.51539227436 0.277775
8.01642008952 0.315538
8.51744811247 0.353323
9.01847634319 0.389678
9.51950478166 0.423181
10.0205334278 0.456062
10.5215622817 0.486909
11.0225913433 0.513689
11.5236206125 0.53674
12.0246500893 0.555554
12.5256797737 0.571451
13.0267096657 0.584674
13.5277397653 0.595225
14.0287700723 0.598959
14.5298005869 0.600402
15.0308313089 0.598534
15.5318622383 0.592445
16.0328933752 0.583481
16.5339247195 0.57179
17.0349562711 0.557947
17.5359880301 0.5427
18.0370199964 0.523887
18.53805217 0.503427
19.0390845508 0.482483
19.5401171389 0.45923
20.0411499342 0.43522
20.5421829367 0.410361
21.0432161464 0.385794
21.5442495632 0.359693
22.0452831871 0.332383
22.5463170181 0.305975
23.0473510562 0.279929
23.5483853013 0.253971
24.0494197534 0.228915
24.5504544125 0.203525
25.0514892785 0.180927
