-25.0534488889 1.0503
-24.5523845051 1.02076
-24.0513199333 0.990958
-23.5502551737 0.961222
-23.0491902261 0.930707
-22.5481250908 0.901241
-22.0470597675 0.877865
-21.5459942565 0.85716
-21.0449285578 0.843803
-20.5438626712 0.841772
-20.042796597 0.848732
-19.5417303351 0.833386
-19.0406638855 0.803819
-18.5395972482 0.750374
-18.0385304234 0.723814
-17.5374634109 0.698245
-17.0363962109 0.684537
-16.5353288234 0.664847
-16.0342612483 0.675896
-15.5331934858 0.682843
-15.0321255358 0.636951
-14.5310573984 0.611057
-14.0299890736 0.575907
-13.5289205614 0.521468
-13.0278518619 0.498431
-12.526782975 0.490531
-12.0257139008 0.485977
-11.5246446394 0.484552
-11.0235751907 0.468583
-10.5225055548 0.443611
-10.0214357317 0.42319
-9.52036572147 0.417641
-9.01929552407 0.420464
-8.51822513955 0.401687
-8.01715456795 0.375649
-7.51608380929 0.345775
-7.0150128636 0.302996
-6.51394173089 0.241193
-6.01287041121 0.259364
-5.51179890456 0.256091
-5.01072721099 0.269175
-4.50965533052 0.261745
-4.00858326317 0.220408
-3.50751100897 0.191825
-3.00643856795 0.196115
-2.50536594013 0.239121
-2.00429312554 0.268025
-1.50322012421 0.279564
-1.00214693615 0.275126
-0.501073561409 0.26783
0 0.265338
0.501073748047 0.26466
1.00214768271 0.267952
1.50322180395 0.272773
2.00429611176 0.279701
2.50537060609 0.290975
3.00644528694 0.304449
3.50752015426 0.323829
4.00859520804 0.345505
4.50967044824 0.3695
5.01074587484 0.397757
5.51182148782 0.428207
6.01289728715 0.460253
6.51397327279 0.493966
7.01504944473 0.530085
7.51612580294 0.569224
8.01720234739 0.610773
8.51827907806 0.651646
9.01935599491 0.690102
9.52043309793 0.724041
10.0215103871 0.755067
10.5225878623 0.782209
11.0236655237 0.803696
11.5247433711 0.81937
12.0258214045 0.827336
12.5268996239 0.830606
13.0279780293 0.826087
13.5290566207 0.814882
14.030135398 0.800601
14.5312143612 0.780914
15.0322935102 0.753177
15.5333728451 0.720293
16.0344523658 0.682094
16.5355320723 0.641102
17.0366119646 0.59735
17.5376920426 0.550984
18.0387723063 0.502818
18.5398527557 0.454223
19.0409333907 0.404442
19.5420142114 0.355894
20.0430952177 0.311528
20.5441764095 0.270495
21.0452577869 0.230306
21.5463393499 0.192496
22.0474210983 0.158052
22.5485030322 0.124287
23.0495851516 0.0930823
23.5506674563 0.0655984
24.0517499465 0.0411398
24.552832622 0.0191596
25.0539154829 0
