-42.8585639911	25.4473969231	-24.9303706791	355.002669529	-3981.29041065
-42.8589977887	25.4518764328	-24.4317699047	355.002669529	-3979.29513055
-42.8594316186	25.4563559411	-23.9331688599	355.002483118	-3994.99270937
-42.8598654808	25.4608354482	-23.4345675446	355.002296663	-4015.89665162
-42.8602993753	25.465314954	-22.9359659588	355.002110164	-4017.08876629
-42.8607333021	25.4697944586	-22.4373641025	355.00192362	-4023.12421219
-42.8611672613	25.4742739619	-21.9387619756	355.001737031	-4040.6220606
-42.8616012527	25.4787534639	-21.4401595781	355.001550398	-4047.87893666
-42.8620352765	25.4832329646	-20.9415569099	355.001363721	-4039.69991964
-42.8624693326	25.487712464	-20.442953971	355.001176999	-4046.68336346
-42.8629034211	25.4921919622	-19.9443507615	355.000990232	-4069.49692197
-42.863337542	25.4966714591	-19.4457472812	355.000803421	-4083.2724969
-42.8637716952	25.5011509547	-18.9471435301	355.000616565	-4090.63389656
-42.8642058808	25.505630449	-18.4485395082	355.000429665	-4067.77328425
-42.8646400989	25.5101099421	-17.9499352155	355.00024272	-4065.19068265
-42.8650743493	25.5145894338	-17.4513306518	355.00005573	-4064.06876734
-42.8655086321	25.5190689243	-16.9527258173	354.999868696	-4072.80173555
-42.8659429473	25.5235484135	-16.4541207118	354.999681617	-4072.15037078
-42.866377295	25.5280279015	-15.9555153353	354.999494494	-4075.48913795
-42.8668116751	25.5325073881	-15.4569096878	354.999307326	-4078.96832138
-42.8672460876	25.5369868735	-14.9583037692	354.999120114	-4076.98208324
-42.8676805326	25.5414663576	-14.4596975795	354.998932857	-4068.56692907
-42.8681150101	25.5459458404	-13.9610911187	354.998745555	-4041.21094727
-42.86854952	25.5504253219	-13.4624843868	354.998558208	-3996.28666933
-42.8689840625	25.5549048021	-12.9638773836	354.998370817	-3939.08750916
-42.8694186374	25.5593842811	-12.4652701093	354.998183381	-3883.32013562
-42.8698532448	25.5638637588	-11.9666625636	354.997995901	-3814.32686089
-42.8702878847	25.5683432352	-11.4680547467	354.997808376	-3792.0167539
-42.8707225571	25.5728227103	-10.9694466584	354.997620806	-3831.1728992
-42.8711572621	25.5773021841	-10.4708382988	354.997433191	-3892.76180707
-42.8715919996	25.5817816566	-9.97222966776	354.997245532	-3967.33212766
-42.8720267696	25.5862611279	-9.47362076529	354.997057829	-4017.70407952
-42.8724615722	25.5907405979	-8.97501159134	354.99687008	-4050.42993009
-42.8728964073	25.5952200666	-8.4764021459	354.996682287	-4087.69113567
-42.8733312751	25.599699534	-7.97779242892	354.996494449	-4159.42009679
-42.8737661754	25.6041790001	-7.47918244036	354.996306566	-4228.07064234
-42.8742011083	25.6086584649	-6.9805721802	354.996118638	-4286.87598939
-42.8746360737	25.6131379284	-6.48196164839	354.995930666	-4311.75353933
-42.8750710718	25.6176173907	-5.98335084491	354.995742649	-4316.11753485
-42.8755061025	25.6220968517	-5.48473976973	354.995554587	-4319.33552311
-42.8759411659	25.6265763113	-4.98612842279	354.995366481	-4322.55517383
-42.8763762618	25.6310557697	-4.48751680408	354.995178329	-4323.42113686
-42.8768113904	25.6355352268	-3.98890491356	354.994990134	-4325.2782639
-42.8772465517	25.6400146826	-3.49029275119	354.994801893	-4327.12030773
-42.8776817456	25.6444941372	-2.99168031693	354.994613607	-4331.11827287
-42.8781169722	25.6489735904	-2.49306761077	354.994425276	-4336.4319607
-42.8785522315	25.6534530423	-1.99445463265	354.994236901	-4339.63404559
-42.8789875234	25.657932493	-1.49584138255	354.994048481	-4341.37165577
-42.8794228481	25.6624119424	-0.99722786043	354.993860016	-4342.4831461
-42.8798582054	25.6668913904	-0.498614066258	354.993671506	-4344.713226
-42.8802935955	25.6713708372	0	354.993482952	-4346.55995847
-42.8807290183	25.6758502827	0.498614338379	354.993294352	-4347.2417105
-42.8811644738	25.6803297269	0.997228948912	354.993105708	-4345.34732959
-42.8815999621	25.6848091698	1.49584383164	354.992917019	-4358.01683014
-42.8820354831	25.6892886114	1.99445898658	354.992728285	-4344.75695533
-42.8824710369	25.6937680517	2.49307441379	354.992539506	-4317.04160671
-42.8829066234	25.6982474907	2.99169011328	354.992350682	-4236.94259772
-42.8833422428	25.7027269284	3.4903060851	354.992161813	-4161.88838686
-42.8837778949	25.7072063649	3.98892232929	354.9919729	-4092.12092766
-42.8842135798	25.7116858	4.48753884586	354.991783941	-4022.14101032
-42.8846492975	25.7161652339	4.98615563487	354.991594938	-3949.60392158
-42.885085048	25.7206446664	5.48477269633	354.991405889	-3914.74270136
-42.8855208314	25.7251240977	5.9833900303	354.991216796	-3917.74808288
-42.8859566475	25.7296035276	6.48200763679	354.991027658	-3912.91370632
-42.8863924966	25.7340829563	6.98062551585	354.990838475	-3902.25251149
-42.8868283784	25.7385623836	7.47924366751	354.990649246	-3914.22536532
-42.8872642932	25.7430418097	7.9778620918	354.990459973	-3938.89037953
-42.8877002407	25.7475212345	8.47648078876	354.990270655	-3956.36122464
-42.8881362212	25.7520006579	8.97509975842	354.990081292	-3981.09265271
-42.8885722346	25.7564800801	9.47371900081	354.989891884	-4055.94484637
-42.8890082808	25.760959501	9.97233851598	354.989702431	-4109.06262315
-42.88944436	25.7654389206	10.470958304	354.989512933	-4140.57823531
-42.889880472	25.7699183388	10.9695783648	354.98932339	-4144.52500761
-42.890316617	25.7743977558	11.4681986984	354.989133802	-4145.46834194
-42.890752795	25.7788771715	11.966819305	354.988944169	-4131.13894222
-42.8911890058	25.7833565859	12.4654401845	354.988754491	-4098.72046964
-42.8916252496	25.7878359989	12.964061337	354.988564768	-4056.94728133
-42.8920615264	25.7923154107	13.4626827626	354.988375	-4023.50210876
-42.8924978361	25.7967948212	13.9613044611	354.988185187	-3991.11454794
-42.8929341788	25.8012742303	14.4599264327	354.987995329	-3969.20649211
-42.8933705545	25.8057536382	14.9585486775	354.987805425	-3953.23288395
-42.8938069632	25.8102330448	15.4571711953	354.987615477	-3950.2966638
-42.8942434049	25.81471245	15.9557939864	354.987425484	-3948.25855746
-42.8946798796	25.819191854	16.4544170507	354.987235445	-3941.64992454
-42.8951163874	25.8236712566	16.9530403882	354.987045361	-3915.99263521
-42.8955529281	25.828150658	17.451663999	354.986855232	-3895.65736075
-42.8959895019	25.832630058	17.9502878831	354.986665059	-3882.0953704
-42.8964261088	25.8371094568	18.4489120405	354.98647484	-3861.99590156
-42.8968627487	25.8415888542	18.9475364714	354.986284576	-3827.58873424
-42.8972994216	25.8460682503	19.4461611756	354.986094266	-3789.5642978
-42.8977361277	25.8505476452	19.9447861533	354.985903912	-3744.37699057
-42.8981728668	25.8550270387	20.4434114045	354.985713513	-3716.04977215
-42.898609639	25.8595064309	20.9420369292	354.985523068	-3692.46594342
-42.8990464444	25.8639858218	21.4406627275	354.985332578	-3681.89686915
-42.8994832828	25.8684652114	21.9392887993	354.985142043	-3666.49969551
-42.8999201544	25.8729445997	22.4379151448	354.984951463	-3638.46049639
-42.9003570591	25.8774239866	22.9365417639	354.984760838	-3605.28941995
-42.9007939969	25.8819033723	23.4351686567	354.984570167	-3570.74577231
-42.9012309679	25.8863827567	23.9337958233	354.984379452	-3536.71248378
-42.901667972	25.8908621397	24.4324232635	354.984188691	-3513.71231221
-42.9021050093	25.8953415215	24.9310509776	354.983997884	-3503.39466086
