-43.3419011032	25.574299551	-24.935313264	346.106762703	-3466.9464903
-43.343098113	25.5786646002	-24.4366134919	346.106762703	-3558.11367406
-43.3442952101	25.5830296396	-23.9379134553	346.106245936	-3694.23690041
-43.3454923946	25.5873946694	-23.4392131542	346.105729048	-3864.000452
-43.3466896664	25.5917596893	-22.9405125884	346.10521204	-4053.58695545
-43.3478870256	25.5961246996	-22.4418117581	346.104694913	-4197.56509692
-43.3490844722	25.6004897001	-21.9431106631	346.104177665	-4274.14393628
-43.3502820062	25.6048546908	-21.4444093034	346.103660297	-4304.37611063
-43.3514796277	25.6092196718	-20.945707679	346.10314281	-4310.70664747
-43.3526773366	25.613584643	-20.4470057899	346.102625202	-4266.15675936
-43.353875133	25.6179496044	-19.948303636	346.102107474	-4231.48311673
-43.3550730169	25.6223145561	-19.4496012173	346.101589626	-4209.77093504
-43.3562709884	25.626679498	-18.9508985338	346.101071658	-4187.27701238
-43.3574690474	25.6310444302	-18.4521955854	346.100553569	-4223.11200521
-43.358667194	25.6354093526	-17.9534923721	346.100035361	-4264.71711288
-43.3598654282	25.6397742652	-17.4547888939	346.099517032	-4282.31339984
-43.3610637501	25.644139168	-16.9560851507	346.098998584	-4288.2362698
-43.3622621596	25.6485040611	-16.4573811425	346.098480014	-4283.95880183
-43.3634606568	25.6528689444	-15.9586768693	346.097961325	-4272.50490353
-43.3646592416	25.6572338179	-15.459972331	346.097442516	-4257.86329091
-43.3658579142	25.6615986816	-14.9612675276	346.096923586	-4230.68176909
-43.3670566746	25.6659635355	-14.4625624591	346.096404536	-4167.00444601
-43.3682555227	25.6703283796	-13.9638571255	346.095885365	-4095.89996126
-43.3694544586	25.6746932139	-13.4651515266	346.095366075	-4042.53316382
-43.3706534824	25.6790580385	-12.9664456625	346.094846664	-4027.14239939
-43.371852594	25.6834228532	-12.4677395332	346.094327132	-4008.19529327
-43.3730517934	25.6877876581	-11.9690331386	346.09380748	-4005.49511718
-43.3742510807	25.6921524533	-11.4703264787	346.093287708	-4028.6999364
-43.375450456	25.6965172386	-10.9716195535	346.092767816	-4020.61611833
-43.3766499191	25.7008820141	-10.4729123628	346.092247802	-3999.60040057
-43.3778494703	25.7052467798	-9.97420490675	346.091727669	-3995.35454687
-43.3790491094	25.7096115356	-9.47549718525	346.091207415	-4014.7690647
-43.3802488365	25.7139762817	-8.97678919828	346.09068704	-4049.97421767
-43.3814486516	25.7183410179	-8.47808094579	346.090166545	-4107.41419753
-43.3826485548	25.7227057444	-7.97937242777	346.089645929	-4207.13614609
-43.3838485461	25.7270704609	-7.48066364418	346.089125194	-4299.16493958
-43.3850486255	25.7314351677	-6.98195459498	346.088604337	-4354.40993399
-43.386248793	25.7357998646	-6.48324528014	346.088083359	-4375.85302243
-43.3874490486	25.7401645517	-5.98453569964	346.087562261	-4372.74876672
-43.3886493924	25.744529229	-5.48582585344	346.087041043	-4363.71484421
-43.3898498244	25.7488938964	-4.98711574151	346.086519703	-4355.11655898
-43.3910503446	25.753258554	-4.48840536382	346.085998243	-4347.66631506
-43.3922509531	25.7576232017	-3.98969472033	346.085476663	-4343.36443509
-43.3934516498	25.7619878396	-3.49098381102	346.084954962	-4342.23934978
-43.3946524348	25.7663524676	-2.99227263584	346.084433139	-4344.22855436
-43.3958533081	25.7707170858	-2.49356119478	346.083911197	-4345.37927115
-43.3970542698	25.7750816941	-1.99484948779	346.083389133	-4335.95876873
-43.3982553198	25.7794462926	-1.49613751486	346.082866949	-4300.19710624
-43.3994564582	25.7838108812	-0.997425275932	346.082344644	-4237.13458688
-43.400657685	25.78817546	-0.49871277099	346.081822217	-4204.4250579
-43.4018590002	25.7925400288	0	346.081299671	-4209.59583688
-43.4030604038	25.7969045878	0.498713037072	346.080777003	-4238.05172548
-43.404261896	25.801269137	0.997426340256	346.080254214	-4260.26517138
-43.4054634766	25.8056336762	1.49613990959	346.079731305	-4274.60087563
-43.4066651458	25.8099982056	1.99485374509	346.079208274	-4281.3999893
-43.4078669035	25.8143627251	2.4935678468	346.078685123	-4283.94068701
-43.4090687497	25.8187272348	2.99228221476	346.078161851	-4284.5228716
-43.4102706846	25.8230917345	3.49099684898	346.077638457	-4278.58752263
-43.4114727081	25.8274562244	3.98971174951	346.077114943	-4276.88181733
-43.4126748202	25.8318207043	4.48842691637	346.076591308	-4272.34424781
-43.413877021	25.8361851744	4.9871423496	346.076067551	-4268.59443571
-43.4150793104	25.8405496346	5.48585804923	346.075543674	-4263.73344155
-43.4162816886	25.8449140849	5.98457401529	346.075019675	-4255.7747292
-43.4174841555	25.8492785253	6.48329024781	346.074495556	-4243.96130006
-43.4186867112	25.8536429557	6.98200674682	346.073971315	-4228.90374712
-43.4198893556	25.8580073763	7.48072351236	346.073446953	-4220.31972275
-43.4210920889	25.862371787	7.97944054446	346.07292247	-4205.29502647
-43.4222949109	25.8667361877	8.47815784314	346.072397866	-4181.25742587
-43.4234978219	25.8711005786	8.97687540845	346.071873141	-4137.43321389
-43.4247008217	25.8754649595	9.47559324041	346.071348294	-4081.60641426
-43.4259039104	25.8798293305	9.97431133905	346.070823327	-4037.33303448
-43.427107088	25.8841936916	10.4730297044	346.070298237	-3961.12155148
-43.4283103545	25.8885580427	10.9717483365	346.069773027	-3874.54302361
-43.4295137101	25.892922384	11.4704672354	346.069247696	-3788.17413754
-43.4307171546	25.8972867153	11.9691864011	346.068722243	-3684.73505063
-43.4319206881	25.9016510367	12.4679058336	346.068196669	-3634.63757393
-43.4331243107	25.9060153481	12.966625533	346.067670973	-3597.47975746
-43.4343280224	25.9103796496	13.4653454993	346.067145156	-3604.35879294
-43.4355318231	25.9147439411	13.9640657326	346.066619218	-3612.27989822
-43.436735713	25.9191082228	14.4627862328	346.066093158	-3612.95423504
-43.4379396919	25.9234724944	14.961507	346.065566977	-3596.96674487
-43.4391437601	25.9278367562	15.4602280343	346.065040674	-3576.19307417
-43.4403479174	25.9322010079	15.9589493356	346.06451425	-3547.24267462
-43.4415521639	25.9365652497	16.457670904	346.063987705	-3525.9703306
-43.4427564997	25.9409294816	16.9563927395	346.063461038	-3492.62800539
-43.4439609247	25.9452937035	17.4551148422	346.062934249	-3453.06025361
-43.445165439	25.9496579155	17.9538372121	346.062407339	-3418.95282374
-43.4463700425	25.9540221174	18.4525598492	346.061880307	-3391.24499568
-43.4475747355	25.9583863094	18.9512827536	346.061353154	-3386.07642474
-43.4487795177	25.9627504915	19.4500059252	346.060825879	-3402.14717217
-43.4499843893	25.9671146636	19.9487293642	346.060298483	-3422.33806222
-43.4511893504	25.9714788257	20.4474530705	346.059770965	-3453.48416647
-43.4523944008	25.9758429778	20.9461770442	346.059243325	-3460.01671144
-43.4535995407	25.9802071199	21.4449012852	346.058715564	-3452.55390652
-43.45480477	25.9845712521	21.9436257938	346.058187681	-3438.02946385
-43.4560100889	25.9889353742	22.4423505698	346.057659676	-3471.84116648
-43.4572154972	25.9932994864	22.9410756133	346.057131549	-3538.94240249
-43.4584209951	25.9976635886	23.4398009243	346.056603301	-3628.58791493
-43.4596265826	26.0020276808	23.938526503	346.056074931	-3737.19296158
-43.4608322596	26.006391763	24.4372523492	346.055546439	-3791.88316601
-43.4620380263	26.0107558352	24.935978463	346.055017825	-3819.88180654
