-43.7867394885	25.5601149922	-24.9428384145	337.964669554	-3798.18358664
-43.7886095966	25.5642831185	-24.4439878445	337.964669554	-3797.89860259
-43.7904798348	25.5684512211	-23.9451370219	337.96386262	-3796.05587775
-43.7923502031	25.5726192999	-23.4462859468	337.963055507	-3798.35677575
-43.7942207018	25.5767873548	-22.9474346192	337.962248215	-3800.42223893
-43.7960913306	25.5809553861	-22.4485830388	337.961440744	-3792.71803983
-43.7979620898	25.5851233935	-21.9497312059	337.960633094	-3759.19552693
-43.7998329793	25.5892913771	-21.4508791202	337.959825265	-3729.14005986
-43.8017039991	25.593459337	-20.9520267819	337.959017258	-3681.36490394
-43.8035751494	25.597627273	-20.4531741908	337.95820907	-3595.81682626
-43.80544643	25.6017951852	-19.9543213469	337.957400704	-3493.65081493
-43.8073178411	25.6059630736	-19.4554682502	337.956592159	-3382.90068602
-43.8091893827	25.6101309382	-18.9566149008	337.955783435	-3301.74094541
-43.8110610548	25.6142987789	-18.4577612984	337.954974531	-3291.58957412
-43.8129328575	25.6184665958	-17.9589074432	337.954165449	-3276.61886635
-43.8148047907	25.6226343889	-17.4600533351	337.953356187	-3279.64889969
-43.8166768546	25.6268021581	-16.9611989741	337.952546746	-3305.83883779
-43.8185490491	25.6309699035	-16.46234436	337.951737125	-3378.96275899
-43.8204213743	25.635137625	-15.963489493	337.950927325	-3448.34241948
-43.8222938303	25.6393053226	-15.464634373	337.950117347	-3504.45346071
-43.8241664169	25.6434729964	-14.9657789999	337.949307188	-3544.12743107
-43.8260391344	25.6476406463	-14.4669233738	337.948496851	-3608.43148055
-43.8279119826	25.6518082723	-13.9680674945	337.947686333	-3647.86730426
-43.8297849617	25.6559758744	-13.4692113621	337.946875637	-3648.44814786
-43.8316580717	25.6601434526	-12.9703549766	337.946064761	-3588.58212233
-43.8335313126	25.6643110069	-12.4714983378	337.945253705	-3555.60280658
-43.8354046845	25.6684785373	-11.9726414459	337.94444247	-3543.00539553
-43.8372781873	25.6726460438	-11.4737843007	337.943631056	-3588.70433671
-43.8391518211	25.6768135263	-10.9749269022	337.942819462	-3612.71411524
-43.841025586	25.680980985	-10.4760692504	337.942007688	-3630.42935744
-43.842899482	25.6851484196	-9.97721134529	337.941195735	-3619.07695282
-43.844773509	25.6893158304	-9.47835318681	337.940383602	-3627.85226611
-43.8466476673	25.6934832172	-8.97949477495	337.93957129	-3675.19826785
-43.8485219566	25.6976505801	-8.48063610967	337.938758797	-3816.03316129
-43.8503963772	25.701817919	-7.98177719095	337.937946125	-3985.52399893
-43.8522709291	25.7059852339	-7.48291801875	337.937133274	-4118.70564738
-43.8541456122	25.7101525249	-6.98405859306	337.936320242	-4213.18993236
-43.8560204266	25.7143197919	-6.48519891383	337.935507031	-4264.98487582
-43.8578953723	25.7184870349	-5.98633898105	337.93469364	-4269.55840598
-43.8597704495	25.7226542539	-5.48747879468	337.933880069	-4274.01737981
-43.861645658	25.7268214489	-4.9886183547	337.933066318	-4280.11340657
-43.863520998	25.7309886199	-4.48975766108	337.932252388	-4284.07279775
-43.8653964694	25.7351557669	-3.99089671379	337.931438277	-4284.11551837
-43.8672720723	25.7393228899	-3.49203551281	337.930623986	-4288.64376941
-43.8691478068	25.7434899889	-2.99317405809	337.929809516	-4291.82617992
-43.8710236729	25.7476570638	-2.49431234963	337.928994865	-4294.19486863
-43.8728996705	25.7518241147	-1.99545038738	337.928180035	-4290.48402153
-43.8747757998	25.7559911416	-1.49658817132	337.927365024	-4267.21646804
-43.8766520608	25.7601581445	-0.997725701421	337.926549833	-4234.48054128
-43.8785284534	25.7643251232	-0.498862977658	337.925734462	-4157.39627904
-43.8804049778	25.768492078	0	337.924918912	-4053.81662425
-43.882281634	25.7726590086	0.498863231581	337.92410318	-3900.2296347
-43.8841584219	25.7768259152	0.997726717112	337.923287269	-3813.60897155
-43.8860353417	25.7809927977	1.49659045662	337.922471178	-3819.23504925
-43.8879123934	25.7851596562	1.99545445014	337.921654906	-3937.5235792
-43.889789577	25.7893264905	2.49431869769	337.920838454	-4085.29776289
-43.8916668924	25.7934933008	2.9931831993	337.920021821	-4160.2216381
-43.8935443399	25.7976600869	3.49204795501	337.919205009	-4168.06738063
-43.8954219194	25.801826849	3.99091296483	337.918388016	-4162.43985156
-43.8972996308	25.8059935869	4.4897782288	337.917570842	-4133.71518103
-43.8991774744	25.8101603007	4.98864374695	337.916753488	-4038.74543938
-43.90105545	25.8143269904	5.4875095193	337.915935954	-3896.47854047
-43.9029335578	25.818493656	5.98637554588	337.91511824	-3762.70236391
-43.9048117978	25.8226602974	6.48524182672	337.914300344	-3660.77230824
-43.9066901699	25.8268269147	6.98410836185	337.913482269	-3618.17800445
-43.9085686743	25.8309935078	7.48297515129	337.912664012	-3685.41912261
-43.9104473109	25.8351600768	7.98184219507	337.911845576	-3841.14367716
-43.9123260798	25.8393266216	8.48070949323	337.911026958	-3913.80546658
-43.9142049811	25.8434931422	8.97957704579	337.91020816	-3939.82790824
-43.9160840147	25.8476596387	9.47844485277	337.909389182	-3960.49883334
-43.9179631807	25.851826111	9.97731291421	337.908570022	-3973.8990081
-43.9198424792	25.8559925591	10.4761812301	337.907750682	-3965.50922356
-43.9217219101	25.860158983	10.9750498006	337.906931162	-3943.76224935
-43.9236014735	25.8643253827	11.4739186255	337.90611146	-3890.31175465
-43.9254811694	25.8684917582	11.9727877051	337.905291578	-3781.31221854
-43.9273609979	25.8726581095	12.4716570392	337.904471515	-3673.69192536
-43.929240959	25.8768244366	12.970526628	337.903651271	-3558.76072474
-43.9311210527	25.8809907394	13.4693964714	337.902830846	-3511.74118713
-43.933001279	25.885157018	13.9682665695	337.90201024	-3523.97712413
-43.9348816381	25.8893232724	14.4671369222	337.901189454	-3519.7120351
-43.9367621299	25.8934895026	14.9660075298	337.900368486	-3460.14010028
-43.9386427544	25.8976557085	15.4648783921	337.899547338	-3285.61370283
-43.9405235118	25.9018218901	15.9637495091	337.898726009	-3129.45765203
-43.9424044019	25.9059880475	16.462620881	337.897904498	-3008.15930391
-43.944285425	25.9101541806	16.9614925078	337.897082807	-2931.70205282
-43.9461665809	25.9143202894	17.4603643894	337.896260934	-2971.94916305
-43.9480478697	25.918486374	17.9592365259	337.89543888	-3055.19803733
-43.9499292915	25.9226524343	18.4581089174	337.894616646	-3199.78563735
-43.9518108463	25.9268184702	18.9569815638	337.89379423	-3302.20383938
-43.9536925341	25.9309844819	19.4558544652	337.892971633	-3380.00171719
-43.955574355	25.9351504693	19.9547276216	337.892148854	-3426.25430462
-43.957456309	25.9393164324	20.453601033	337.891325894	-3527.42297968
-43.9593383961	25.9434823711	20.9524746996	337.890502754	-3662.79870783
-43.9612206163	25.9476482856	21.4513486212	337.889679432	-3735.93476171
-43.9631029698	25.9518141756	21.9502227979	337.888855928	-3780.11179144
-43.9649854564	25.9559800414	22.4490972298	337.888032243	-3799.62213397
-43.9668680764	25.9601458828	22.9479719169	337.887208377	-3803.78399257
-43.9687508296	25.9643116999	23.4468468592	337.88638433	-3817.77915208
-43.9706337161	25.9684774926	23.9457220567	337.885560101	-3839.22007394
-43.972516736	25.972643261	24.4445975094	337.88473569	-3838.79975899
-43.9743998893	25.976809005	24.9434732175	337.883911099	-3835.01119022
