-44.5160772969	25.6784125753	-25.0024612506	63.0463866258	-2723.11951998
-44.5116298456	25.6804506786	-24.5024150659	63.0463866258	-2744.56559411
-44.5071822422	25.6824886471	-24.0023687572	63.0483138648	-2787.54097719
-44.5027344866	25.6845264807	-23.5023223243	63.0502413121	-2797.85258057
-44.4982865789	25.6865641794	-23.0022757673	63.052168968	-2820.26217394
-44.493838519	25.6886017433	-22.5022290862	63.0540968325	-2978.51155017
-44.4893903069	25.6906391723	-22.002182281	63.0560249054	-3098.67420209
-44.4849419426	25.6926764663	-21.5021353517	63.0579531869	-3123.38726661
-44.4804934262	25.6947136254	-21.0020882983	63.0598816768	-3057.21064999
-44.4760447575	25.6967506496	-20.5020411208	63.0618103753	-3002.75051871
-44.4715959366	25.6987875388	-20.0019938192	63.0637392822	-2977.58220837
-44.4671469635	25.700824293	-19.5019463934	63.0656683977	-2949.47122303
-44.4626978382	25.7028609122	-19.0018988436	63.0675977217	-2899.52025664
-44.4582485606	25.7048973964	-18.5018511696	63.0695272544	-2945.62970881
-44.4537991308	25.7069337456	-18.0018033716	63.0714569953	-3019.11621405
-44.4493495487	25.7089699597	-17.5017554494	63.0733869449	-3010.72803442
-44.4448998144	25.7110060388	-17.0017074032	63.0753171032	-2941.44549684
-44.4404499278	25.7130419827	-16.5016592329	63.0772474697	-2861.94059716
-44.4359998889	25.7150777916	-16.0016109384	63.0791780449	-2772.40440577
-44.4315496977	25.7171134654	-15.5015625199	63.0811088287	-2701.61893745
-44.4270993542	25.719149004	-15.0015139772	63.0830398209	-2644.13788558
-44.4226488584	25.7211844074	-14.5014653105	63.0849710217	-2628.33681681
-44.4181982103	25.7232196757	-14.0014165197	63.086902431	-2676.45753349
-44.4137474098	25.7252548089	-13.5013676048	63.0888340488	-2718.44741276
-44.409296457	25.7272898068	-13.0013185658	63.0907658753	-2789.39680833
-44.4048453519	25.7293246694	-12.5012694027	63.0926979102	-2867.7494276
-44.4003940944	25.7313593969	-12.0012201155	63.0946301538	-2953.53719866
-44.3959426845	25.7333939891	-11.5011707043	63.0965626057	-3043.61149607
-44.3914911223	25.735428446	-11.0011211689	63.0984952664	-3132.77493271
-44.3870394077	25.7374627677	-10.5010715095	63.1004281354	-3239.60632229
-44.3825875407	25.739496954	-10.001021726	63.1023612132	-3350.37630216
-44.3781355213	25.741531005	-9.50097181835	63.1042944994	-3438.09145955
-44.3736833495	25.7435649207	-9.00092178667	63.1062279942	-3519.68589311
-44.3692310252	25.745598701	-8.50087163091	63.1081616975	-3632.91351572
-44.3647785486	25.747632346	-8.00082135108	63.1100956095	-3750.04773612
-44.3603259195	25.7496658556	-7.50077094716	63.1120297299	-3820.44058781
-44.3558731379	25.7516992297	-7.00072041917	63.113964059	-3929.59282467
-44.3514202039	25.7537324685	-6.5006697671	63.1158985965	-4021.23933591
-44.3469671175	25.7557655718	-6.00061899096	63.1178333428	-4081.01298005
-44.3425138786	25.7577985396	-5.50056809075	63.1197682975	-4130.71136786
-44.3380604872	25.759831372	-5.00051706647	63.1217034608	-4151.89770927
-44.3336069433	25.7618640689	-4.50046591812	63.1236388326	-4159.30859361
-44.3291532469	25.7638966302	-4.0004146457	63.1255744131	-4166.457951
-44.324699398	25.7659290561	-3.50036324921	63.1275102021	-4169.7097225
-44.3202453965	25.7679613464	-3.00031172865	63.1294461998	-4167.04765718
-44.3157912426	25.7699935011	-2.50026008403	63.1313824058	-4157.62219118
-44.3113369361	25.7720255203	-2.00020831535	63.1333188207	-4150.88280985
-44.3068824771	25.7740574039	-1.5001564226	63.1352554439	-4138.71637407
-44.3024278655	25.7760891519	-1.00010440579	63.1371922759	-4090.06300416
-44.2979731014	25.7781207642	-0.500052264927	63.1391293163	-4035.15163456
-44.2935181847	25.7801522409	0	63.1410665655	-3995.79847953
-44.2890631154	25.782183582	0.500052388984	63.1430040231	-3974.17199221
-44.2846078936	25.7842147874	1.00010490202	63.1449416894	-3950.23586428
-44.2801525191	25.786245857	1.50015753912	63.1468795642	-3932.91975981
-44.2756969921	25.788276791	2.00021030027	63.1488176477	-3950.60391452
-44.2712413124	25.7903075893	2.50026318547	63.1507559397	-3904.53599675
-44.2667854801	25.7923382518	3.00031619473	63.1526944403	-3857.49576479
-44.2623294952	25.7943687785	3.50036932803	63.1546331495	-3781.52153961
-44.2578733576	25.7963991695	4.00042258538	63.1565720673	-3651.63313089
-44.2534170674	25.7984294246	4.50047596678	63.1585111938	-3582.28524233
-44.2489606245	25.800459544	5.00052947223	63.1604505289	-3540.11368763
-44.244504029	25.8024895275	5.50058310172	63.1623900724	-3545.91007629
-44.2400472807	25.8045193752	6.00063685525	63.1643298247	-3578.76459196
-44.2355903799	25.806549087	6.50069073283	63.1662697856	-3605.59879329
-44.2311333263	25.808578663	7.00074473445	63.1682099549	-3584.63355735
-44.22667612	25.810608103	7.5007988601	63.170150333	-3568.47382689
-44.222218761	25.8126374072	8.0008531098	63.1720909197	-3546.84683761
-44.2177612492	25.8146665754	8.50090748353	63.174031715	-3536.66368862
-44.2133035848	25.8166956076	9.0009619813	63.175972719	-3532.33219786
-44.2088457676	25.8187245039	9.50101660311	63.1779139315	-3508.39906692
-44.2043877977	25.8207532642	10.0010713489	63.1798553525	-3461.20721317
-44.199929675	25.8227818885	10.5011262188	63.1817969823	-3428.83739221
-44.1954713995	25.8248103768	11.0011812127	63.1837388208	-3442.72406743
-44.1910129713	25.8268387291	11.5012363306	63.1856808677	-3514.45082881
-44.1865543903	25.8288669453	12.0012915726	63.1876231233	-3510.85211816
-44.1820956565	25.8308950255	12.5013469386	63.1895655877	-3483.8814058
-44.1776367699	25.8329229695	13.0014024286	63.1915082604	-3463.00339334
-44.1731777305	25.8349507775	13.5014580426	63.193451142	-3419.23644153
-44.1687185383	25.8369784494	14.0015137807	63.1953942321	-3387.6003376
-44.1642591933	25.8390059851	14.5015696428	63.197337531	-3338.88200729
-44.1597996954	25.8410333846	15.0016256289	63.1992810383	-3255.26868946
-44.1553400447	25.843060648	15.501681739	63.2012247543	-3200.3319904
-44.1508802412	25.8450877753	16.0017379731	63.203168679	-3211.90328606
-44.1464202847	25.8471147663	16.5017943312	63.2051128124	-3209.8026384
-44.1419601755	25.8491416211	17.0018508134	63.2070571544	-3215.1298217
-44.1374999133	25.8511683396	17.5019074196	63.2090017049	-3250.91554853
-44.1330394982	25.853194922	18.0019641498	63.2109464642	-3285.91935234
-44.1285789303	25.855221368	18.502021004	63.212891432	-3329.53401189
-44.1241182094	25.8572476778	19.0020779822	63.2148366085	-3392.01916332
-44.1196573357	25.8592738512	19.5021350844	63.2167819938	-3439.72441525
-44.115196309	25.8612998884	20.0021923106	63.2187275877	-3469.68426311
-44.1107351294	25.8633257892	20.5022496609	63.2206733901	-3510.86652158
-44.1062737968	25.8653515536	21.0023071351	63.2226194012	-3581.52623848
-44.1018123114	25.8673771817	21.5023647333	63.2245656211	-3648.74637935
-44.0973506729	25.8694026734	22.0024224556	63.2265120495	-3681.11918244
-44.0928888815	25.8714280286	22.5024803018	63.2284586867	-3670.04819436
-44.0884269371	25.8734532475	23.002538272	63.2304055324	-3629.96883895
-44.0839648397	25.8754783299	23.5025963663	63.2323525868	-3599.92077948
-44.0795025894	25.8775032759	24.0026545845	63.23429985	-3561.95173377
-44.075040186	25.8795280854	24.5027129267	63.2362473216	-3557.82495773
-44.0705776296	25.8815527584	25.0027713929	63.2381950021	-3592.69021808
