-24.9343847885 0.552679
-24.4357035975 0.61531
-23.9370221416 0.685908
-23.4383404206 0.722236
-22.9396584346 0.725509
-22.4409761835 0.707031
-21.9422936673 0.670137
-21.4436108859 0.609007
-20.9449278394 0.544349
-20.4462445277 0.513288
-19.9475609507 0.534556
-19.4488771084 0.565869
-18.9501930009 0.589394
-18.451508628 0.630982
-17.9528239897 0.690339
-17.454139086 0.726195
-16.9554539169 0.781365
-16.4567684823 0.837646
-15.9580827822 0.905459
-15.4593968166 0.951431
-14.9607105854 0.957804
-14.4620240886 0.906044
-13.9633373262 0.825327
-13.4646502981 0.767194
-12.9659630043 0.735177
-12.4672754448 0.677733
-11.9685876195 0.598764
-11.4698995284 0.535231
-10.9712111715 0.484205
-10.4725225487 0.459483
-9.97383366008 0.433803
-9.47514450551 0.381414
-8.97645508497 0.332063
-8.47776539845 0.274795
-7.97907544591 0.246791
-7.48038522731 0.159869
-6.98169474263 0.0742409
-6.48300399183 0.0248138
-5.98431297488 0.0169655
-5.48562169175 0
-4.9869301424 0.00258493
-4.48823832681 0.0347293
-3.98954624493 0.0857519
-3.49085389675 0.123312
-2.99216128222 0.163606
-2.49346840131 0.193932
-1.994775254 0.156369
-1.49608184024 0.0883336
-0.997388160009 0.0454157
-0.498694213274 0.0279686
0 0.0213878
0.498694479842 0.0210111
0.997389226289 0.0163424
1.49608423937 0.0151298
1.99477951912 0.0240974
2.49347506556 0.0258329
2.99217087874 0.012041
3.49086695868 0.0041585
3.98956330541 0.020251
4.48825991898 0.0414749
4.9869567994 0.119744
5.48565394672 0.279879
5.98435136096 0.393257
6.48304904215 0.436841
6.98174699034 0.527756
7.48044520554 0.673049
7.9791436878 0.788139
8.47784243715 0.91397
8.97654145361 0.99177
9.47524073722 1.03145
9.97394028801 1.0671
10.472640106 1.1024
10.9713401913 1.12602
11.4700405438 1.17108
11.9687411636 1.21133
12.4674420508 1.22327
12.9661432054 1.19096
13.4648446273 1.09097
13.9635463167 0.970644
14.4622482736 0.847429
14.960950498 0.763375
15.4596529899 0.731172
15.9583557494 0.699487
16.4570587764 0.685464
16.9557620711 0.686492
17.4544656335 0.724613
17.9531694635 0.771042
18.4518735613 0.82769
18.9505779269 0.953239
19.4492825602 0.969354
19.9479874614 0.943447
20.4466926304 0.895878
20.9453980673 0.877138
21.4441037721 0.863988
21.9428097449 0.852057
22.4415159856 0.838276
22.9402224944 0.83409
23.4389292712 0.831259
23.9376363161 0.827255
24.4363436291 0.830104
24.9350512102 0.834756
