-24.9352937811 0.763206
-24.4365943953 0.736648
-23.9378947451 0.713692
-23.4391948305 0.663451
-22.9404946515 0.64093
-22.441794208 0.665423
-21.9430934999 0.690012
-21.4443925274 0.694213
-20.9456912903 0.666838
-20.4469897885 0.585594
-19.9482880222 0.508632
-19.4495859911 0.436212
-18.9508836954 0.340124
-18.4521811349 0.226934
-17.9534783097 0.152193
-17.4547752197 0.124598
-16.9560718649 0.131189
-16.4573682452 0.149552
-15.9586643606 0.181109
-15.459960211 0.248633
-14.9612557966 0.311587
-14.4625511171 0.358431
-13.9638461726 0.379944
-13.4651409631 0.376085
-12.9664354885 0.369499
-12.4677297488 0.354112
-11.9690237439 0.330761
-11.4703174739 0.300175
-10.9716109386 0.270167
-10.4729041381 0.233447
-9.97419707231 0.189293
-9.47548974123 0.131232
-8.9767821448 0.0684634
-8.47807428301 0.0337839
-7.97936615582 0.0232575
-7.48065776319 0.0165614
-6.98194910509 0.00973508
-6.4832401815 0.00580814
-5.98453099238 0.00500118
-5.4858215377 0
-4.98711181742 0.0268766
-4.48840183151 0.0975513
-3.98969157996 0.187285
-3.49098106271 0.286372
-2.99227027974 0.387058
-2.49355923101 0.484906
-1.99484791651 0.545287
-1.49613633619 0.578804
-0.997424490015 0.599435
-0.498712377963 0.588842
0 0.56053
0.498712643907 0.513812
0.997425553789 0.4574
1.49613872968 0.400566
1.99485217161 0.376497
2.4935658796 0.346482
2.99227985371 0.287847
3.49099409394 0.219222
3.98970860034 0.162762
4.48842337294 0.142528
4.98713841177 0.170183
5.48585371686 0.223166
5.98456928824 0.282791
6.48328512595 0.334143
6.98200123002 0.355204
7.48071760047 0.372754
7.97943423734 0.401148
8.47815114066 0.438445
8.97686831047 0.490669
9.47558574679 0.538686
9.97430344966 0.600111
10.4730214191 0.650468
10.9717396552 0.707383
11.4704581579 0.767137
11.9691769272 0.824655
12.4678959633 0.87432
12.9666152661 0.918325
13.4653348357 0.852804
13.9640546721 0.743353
14.4627747753 0.656647
14.9614951454 0.548187
15.4602157823 0.465928
15.9589366862 0.414832
16.4576578571 0.39891
16.9563792949 0.402171
17.4551009998 0.429077
17.9538229717 0.456958
18.4525452107 0.503221
18.9512677168 0.555702
19.4499904901 0.623524
19.9487135305 0.698867
20.4474368382 0.784349
20.9461604131 0.856297
21.4448842552 0.911551
21.9436083647 0.959138
22.4423327415 1.00223
22.9410573857 1.02065
23.4397822973 0.992867
23.9385074763 0.973064
24.4372329227 0.961396
24.9359586367 0.945378
