-42.6433352601	25.4790917497	-24.9343606132	347.041612705	-3607.7349871
-42.6444522676	25.4834738343	-24.4356799019	347.041612705	-3594.41564769
-42.6455693566	25.4878559104	-23.9369989258	347.04113215	-3563.11878712
-42.646686527	25.4922379781	-23.4383176848	347.040651484	-3494.693726
-42.647803779	25.4966200373	-22.9396361789	347.040170704	-3492.88824477
-42.6489211124	25.501002088	-22.4409544081	347.039689813	-3515.31914764
-42.6500385273	25.5053841302	-21.9422723723	347.03920881	-3511.71422245
-42.6511560238	25.509766164	-21.4435900716	347.038727694	-3519.37446246
-42.6522736019	25.5141481894	-20.9449075058	347.038246466	-3534.20332216
-42.6533912616	25.5185302062	-20.446224675	347.037765125	-3593.96230961
-42.6545090028	25.5229122146	-19.9475415791	347.037283673	-3679.86212617
-42.6556268257	25.5272942145	-19.4488582181	347.036802108	-3703.76472772
-42.6567447303	25.5316762059	-18.9501745919	347.036320431	-3711.35313632
-42.6578627165	25.5360581888	-18.4514907005	347.035838642	-3687.15260297
-42.6589807845	25.5404401632	-17.952806544	347.035356739	-3687.61157872
-42.6600989342	25.5448221292	-17.4541221221	347.034874726	-3681.51674306
-42.6612171656	25.5492040866	-16.955437435	347.034392599	-3648.34565626
-42.6623354788	25.5535860356	-16.4567524826	347.03391036	-3598.5190697
-42.6634538737	25.5579679761	-15.9580672649	347.033428008	-3550.82106657
-42.6645723505	25.5623499081	-15.4593817817	347.032945544	-3527.55157481
-42.6656909091	25.5667318315	-14.9606960332	347.032462968	-3508.03267481
-42.6668095496	25.5711137465	-14.4620100192	347.031980279	-3486.03487016
-42.6679282719	25.575495653	-13.9633237397	347.031497478	-3459.25467108
-42.6690470762	25.5798775509	-13.4646371947	347.031014564	-3447.4427572
-42.6701659623	25.5842594404	-12.9659503842	347.030531538	-3452.47598869
-42.6712849304	25.5886413213	-12.4672633081	347.030048399	-3481.53751685
-42.6724039805	25.5930231938	-11.9685759664	347.029565147	-3527.72282075
-42.6735231126	25.5974050577	-11.4698883591	347.029081783	-3517.44555364
-42.6746423266	25.6017869131	-10.9712004861	347.028598306	-3498.52439045
-42.6757616227	25.60616876	-10.4725123474	347.028114717	-3503.35442395
-42.6768810009	25.6105505983	-9.97382394293	347.027631015	-3529.83539372
-42.6780004611	25.6149324281	-9.47513527273	347.0271472	-3594.72655604
-42.6791200034	25.6193142494	-8.97644633672	347.026663273	-3687.55833119
-42.6802396278	25.6236960622	-8.47775713488	347.026179233	-3778.5067778
-42.6813593344	25.6280778664	-7.97906766718	347.02569508	-3866.98662276
-42.6824791231	25.6324596622	-7.48037793358	347.025210815	-3895.75192338
-42.6835989941	25.6368414493	-6.98168793405	347.024726437	-3985.35647106
-42.6847189472	25.641223228	-6.48299766856	347.024241946	-4123.92219243
-42.6858389825	25.645604998	-5.98430713708	347.023757342	-4244.65694761
-42.6869591001	25.6499867596	-5.48561633957	347.023272625	-4298.3542267
-42.6880793	25.6543685126	-4.986925276	347.022787796	-4323.87319416
-42.6891995822	25.658750257	-4.48823394634	347.022302854	-4332.02137229
-42.6903199467	25.6631319929	-3.98954235056	347.021817799	-4342.05113187
-42.6914403935	25.6675137203	-3.49085048862	347.021332631	-4350.16153122
-42.6925609227	25.6718954391	-2.9921583605	347.02084735	-4338.64314568
-42.6936815342	25.6762771493	-2.49346596615	347.020361957	-4342.65268553
-42.6948022282	25.680658851	-1.99477330555	347.01987645	-4350.19826616
-42.6959230046	25.6850405441	-1.49608037867	347.01939083	-4351.78093051
-42.6970438634	25.6894222287	-0.997387185475	347.018905098	-4311.99973818
-42.6981648048	25.6938039047	-0.498693725928	347.018419252	-4244.81834505
-42.6992858286	25.6981855721	0	347.017933294	-4126.26548045
-42.7004069349	25.7025672309	0.498693992341	347.017447222	-3992.23540789
-42.7015281237	25.7069488812	0.997388251129	347.016961037	-3930.97508663
-42.7026493951	25.7113305229	1.49608277639	347.01647474	-3881.03566899
-42.7037707491	25.715712156	1.99477756817	347.015988329	-3833.6648536
-42.7048921857	25.7200937806	2.49347262649	347.015501805	-3762.60235372
-42.7060137049	25.7244753965	2.99216795138	347.015015168	-3657.09199799
-42.7071353068	25.7288570039	3.49086354288	347.014528418	-3571.84519377
-42.7082569913	25.7332386027	3.98955940102	347.014041555	-3553.9513326
-42.7093787586	25.7376201929	4.48825552583	347.013554579	-3550.43645063
-42.7105006085	25.7420017745	4.98695191734	347.01306749	-3527.09874077
-42.7116225412	25.7463833475	5.48564857559	347.012580287	-3516.62637228
-42.7127445566	25.7507649119	5.98434550061	347.012092971	-3523.98614402
-42.7138666548	25.7551464677	6.48304269243	347.011605542	-3552.24863771
-42.7149888358	25.759528015	6.98174015108	347.011117999	-3606.80889918
-42.7161110997	25.7639095536	7.48043787659	347.010630344	-3690.02521472
-42.7172334464	25.7682910836	7.97913586901	347.010142575	-3838.03755301
-42.7183558759	25.772672605	8.47783412835	347.009654693	-3894.62559409
-42.7194783883	25.7770541178	8.97653265465	347.009166697	-3925.78549822
-42.7206009837	25.7814356219	9.47523144794	347.008678588	-3945.89572708
-42.721723662	25.7858171175	9.97393050826	347.008190366	-3950.88829973
-42.7228464232	25.7901986044	10.4726298356	347.00770203	-3959.39728492
-42.7239692674	25.7945800828	10.9713294301	347.007213581	-3956.12368444
-42.7250921947	25.7989615525	11.4700292917	347.006725019	-3947.89865589
-42.7262152049	25.8033430135	11.9687294204	347.006236343	-3935.04972828
-42.7273382982	25.807724466	12.4674298164	347.005747553	-3911.66197802
-42.7284614745	25.8121059098	12.9661304795	347.005258651	-3858.88041003
-42.729584734	25.816487345	13.4648314099	347.004769634	-3795.89828427
-42.7307080765	25.8208687716	13.9635326076	347.004280505	-3743.74116154
-42.7318315022	25.8252501895	14.4622340726	347.003791261	-3704.61673884
-42.7329550111	25.8296315988	14.9609358049	347.003301905	-3678.41127589
-42.7340786031	25.8340129994	15.4596378046	347.002812434	-3661.88498074
-42.7352022783	25.8383943914	15.9583400717	347.00232285	-3691.53722822
-42.7363260368	25.8427757748	16.4570426063	347.001833153	-3745.45810829
-42.7374498785	25.8471571495	16.9557454083	347.001343342	-3787.74841931
-42.7385738034	25.8515385156	17.4544484779	347.000853417	-3799.71994853
-42.7396978117	25.855919873	17.953151815	347.000363378	-3782.19905829
-42.7408219032	25.8603012217	18.4518554196	346.999873226	-3751.48468541
-42.7419460781	25.8646825618	18.9505592919	346.99938296	-3723.43805529
-42.7430703364	25.8690638932	19.4492634318	346.998892581	-3691.54865602
-42.744194678	25.873445216	19.9479678394	346.998402088	-3676.57081736
-42.7453191031	25.8778265301	20.4466725146	346.997911481	-3664.2459673
-42.7464436115	25.8822078356	20.9453774576	346.99742076	-3669.64738328
-42.7475682034	25.8865891324	21.4440826684	346.996929926	-3690.30100175
-42.7486928788	25.8909704205	21.9427881469	346.996438977	-3702.65456257
-42.7498176376	25.8953516999	22.4414938933	346.995947915	-3723.86611303
-42.75094248	25.8997329707	22.9401999075	346.995456739	-3742.96539581
-42.7520674059	25.9041142327	23.4389061896	346.99496545	-3747.44296261
-42.7531924154	25.9084954861	23.9376127397	346.994474046	-3750.11480361
-42.7543175084	25.9128767309	24.4363195577	346.993982529	-3744.75169949
-42.755442685	25.9172579669	24.9350266436	346.993490897	-3732.11021614
