-24.9428070632 1.11529
-24.4439571155 1.09638
-23.9451069154 1.09749
-23.446256463 1.09315
-22.9474057582 1.07294
-22.448554801 1.04565
-21.9497035913 0.998104
-21.4508521291 0.960646
-20.9520004144 0.937051
-20.4531484471 0.926571
-19.9542962273 0.913022
-19.4554437549 0.907816
-18.9565910298 0.899204
-18.4577380521 0.893925
-17.9588848217 0.902803
-17.4600313386 0.920353
-16.9611776027 0.953363
-16.4623236141 0.972777
-15.9634693727 0.951553
-15.4646148784 0.945457
-14.9657601313 0.949501
-14.4669051313 0.94251
-13.9680498784 0.916792
-13.4691943726 0.91172
-12.9703386138 0.899861
-12.471482602 0.918243
-11.9726263371 0.983557
-11.4737698192 1.03591
-10.9749130483 1.02795
-10.4760560242 0.951059
-9.97719874695 0.915529
-9.47834121657 0.913011
-8.97948343298 0.887871
-8.48062539618 0.789384
-7.98176710612 0.652645
-7.48290856278 0.396584
-6.98404976614 0.204786
-6.48519071615 0.0591232
-5.98633141281 0.0140994
-5.48747185607 0.00598115
-4.98861204591 0
-4.48975198231 0.0190571
-3.99089166522 0.0744848
-3.49203109463 0.187902
-2.99317027051 0.27643
-2.49430919283 0.378168
-1.99544786155 0.437332
-1.49658627666 0.448275
-0.997724438124 0.439413
-0.498862345913 0.434625
0 0.456502
0.498862599643 0.486817
0.997725453044 0.54856
1.49658856023 0.646909
1.99545192123 0.752517
2.49431553608 0.861625
2.99317940479 0.868409
3.49204352741 0.784396
3.99090790395 0.641815
4.48977253445 0.503041
4.98863741892 0.415816
5.48750255741 0.393219
5.98636794994 0.389387
6.48523359654 0.319151
6.98409949723 0.259947
7.48296565204 0.249571
7.98183206101 0.295937
8.48069872415 0.360673
8.9795656415 0.436657
9.47843281309 0.510738
9.97730023893 0.603844
10.4761679191 0.751688
10.9750358535 0.910868
11.4739040423 1.07919
11.9727724855 1.26286
12.4716411831 1.43605
12.9705101351 1.42862
13.4693793416 1.28226
13.9682488026 1.10388
14.467118518 0.845082
14.965988488 0.560933
15.4648587126 0.313403
15.9637291918 0.158376
16.4625999256 0.0807538
16.9614709141 0.0494466
17.4603421573 0.0455834
17.9592136551 0.0699161
18.4580854077 0.131159
18.9569574151 0.188667
19.4558296772 0.205591
19.9547021942 0.209698
20.4535749661 0.21729
20.9524479928 0.305928
21.4513212744 0.358714
21.9501948109 0.402634
22.4490686024 0.439473
22.9479426489 0.530032
23.4468169504 0.648607
23.945691507 0.77521
24.4445663186 0.897726
24.9434413853 0.976986
