-24.9427756969 1.27391
-24.4439263718 1.30417
-23.9450767946 1.31019
-23.4462269652 1.29948
-22.9473768835 1.26064
-22.4485265496 1.23211
-21.9496759635 1.21131
-21.4508251251 1.1979
-20.9519740343 1.17929
-20.4531226912 1.15984
-19.9542710957 1.14339
-19.4554192478 1.13145
-18.9565671475 1.12581
-18.4577147947 1.12124
-17.9588621894 1.11793
-17.4600093316 1.11363
-16.9611562212 1.10737
-16.4623028583 1.09592
-15.9634492427 1.08491
-15.4645953745 1.08275
-14.9657412537 1.0779
-14.4668868802 1.03933
-13.9680322539 0.999278
-13.4691773749 0.986037
-12.9703222431 0.98618
-12.4714668585 0.980659
-11.9726112211 0.93277
-11.4737553309 0.818608
-10.9748991877 0.764615
-10.4760427916 0.711011
-9.97718614258 0.682304
-9.47832924058 0.59538
-8.97947208558 0.497035
-8.48061467755 0.404692
-7.98175701645 0.351835
-7.48289910227 0.337261
-6.98404093498 0.333072
-6.48518251454 0.349531
-5.98632384094 0.364967
-5.48746491413 0.358731
-4.98860573409 0.291324
-4.4897463008 0.230916
-3.99088661422 0.186339
-3.49202667433 0.168996
-2.9931664811 0.159403
-2.49430603451 0.156164
-1.99544533451 0.151932
-1.49658438109 0.146503
-0.997723174218 0.129098
-0.498861713864 0.0730929
0 0.0215288
0.498861967402 0
0.997724188368 0.00875093
1.49658666293 0.0113805
1.99544939111 0.0154764
2.49431237294 0.0174336
2.99317560846 0.022298
3.49203909767 0.0204858
3.99090284062 0.0395032
4.48976683734 0.126828
4.98863108784 0.215247
5.48749559216 0.302076
5.98636035033 0.430182
6.48522536238 0.577167
6.98409062832 0.734732
7.4829561482 0.892511
7.98182192204 1.00402
8.48068794986 1.06281
8.9795542317 1.06973
9.47842076758 1.01949
9.97728755753 0.900369
10.4761546016 0.760165
10.9750218998 0.623513
11.4738894521 0.482458
11.9727572586 0.365832
12.4716253193 0.278481
12.9704936343 0.215892
13.4693622035 0.150553
13.968231027 0.0963256
14.4671001049 0.0546345
14.9659694371 0.0307234
15.4648390237 0.0474307
15.9637088647 0.0936143
16.4625789601 0.159733
16.9614493099 0.282325
17.4603199143 0.44146
17.9591907732 0.567195
18.4580618866 0.65057
18.9569332546 0.759672
19.4558048773 0.872431
19.9546767545 0.965838
20.4535488864 0.996615
20.952421273 0.981398
21.4512939143 0.96153
21.9501668103 0.959084
22.4490399611 0.994966
22.9479133667 1.03781
23.4467870271 1.08458
23.9456609424 1.14432
24.4445351126 1.21364
24.9434095377 1.31293
