-24.9379974508 0.519197
-24.439243863 0.508352
-23.9404900159 0.472273
-23.4417359097 0.415677
-22.9429815443 0.357461
-22.4442269197 0.314322
-21.9454720358 0.300112
-21.4467168925 0.296403
-20.94796149 0.307538
-20.4492058281 0.367786
-19.9504499068 0.463024
-19.451693726 0.554857
-18.9529372859 0.571574
-18.4541805862 0.578876
-17.955423627 0.599155
-17.4566664083 0.667791
-16.95790893 0.793778
-16.459151192 0.925039
-15.9603931945 1.06303
-15.4616349372 1.15736
-14.9628764203 1.1991
-14.4641176437 1.19643
-13.9653586072 1.19243
-13.466599311 1.19119
-12.967839755 1.20044
-12.4690799391 1.1887
-11.9703198633 1.149
-11.4715595276 1.11475
-10.972798932 1.10585
-10.4740380764 1.12491
-9.97527696078 1.16535
-9.47651558513 1.2054
-8.97775394941 1.2202
-8.47899205359 1.11969
-7.98022989764 0.956591
-7.48146748153 0.777526
-6.98270480523 0.596182
-6.48394186871 0.464846
-5.98517867194 0.377701
-5.48641521489 0.285017
-4.98765149753 0.231605
-4.48888751982 0.146713
-3.99012328174 0.0706237
-3.49135878326 0.0170232
-2.99259402434 0.0111982
-2.49382900496 0.0111088
-1.99506372508 0.0127647
-1.49629818467 0.00907023
-0.997532383713 0.00488211
-0.498766322165 0.00201618
0 0
0.498766582813 0.000927663
0.997533426305 0.00326789
1.4963005305 0.00566581
1.99506789544 0.00743869
2.49383552115 0.00682182
2.99260340766 0.00755008
3.491371555 0.0169199
3.9901399632 0.0602905
4.48890863229 0.149021
4.98767756231 0.227844
5.48644675327 0.289767
5.98521620522 0.350729
6.48398591818 0.416672
6.98275589219 0.460529
7.48152612727 0.496206
7.98029662345 0.501742
8.47906738077 0.563162
8.97783839925 0.667753
9.47660967893 0.77033
9.97538121983 0.902192
10.474153022 1.03353
10.9729250854 1.12192
11.4716974102 1.13931
11.9704699963 1.05165
12.4692428438 0.764166
12.9680159527 0.537539
13.466789323 0.424401
13.9655629548 0.350875
14.4643368481 0.307137
14.9631110029 0.267156
15.4618854193 0.236096
15.9606600973 0.214788
16.4594350369 0.204408
16.9582102381 0.192818
17.4569857011 0.182755
17.9557614257 0.190737
18.4545374121 0.20608
18.9533136602 0.249692
19.4520901702 0.295623
19.9508669419 0.346547
20.4496439756 0.415755
20.9484212711 0.512433
21.4471988286 0.616601
21.945976648 0.68712
22.4447547294 0.738355
22.9435330728 0.818131
23.4423116782 0.89808
23.9410905457 0.979773
24.4398696753 1.08335
24.9386490671 1.1739
