-24.9504804615 0.687052
-24.4514768085 0.750414
-23.9524729129 0.805593
-23.4534687744 0.808455
-22.9544643933 0.787327
-22.4554597693 0.796117
-21.9564549025 0.824325
-21.4574497929 0.854934
-20.9584444404 0.867272
-20.459438845 0.877673
-19.9604330067 0.88502
-19.4614269254 0.873863
-18.9624206012 0.864134
-18.463414034 0.859627
-17.9644072237 0.836729
-17.4654001705 0.791363
-16.9663928741 0.745063
-16.4673853347 0.737198
-15.9683775522 0.728259
-15.4693695265 0.704516
-14.9703612576 0.69169
-14.4713527456 0.681851
-13.9723439904 0.665815
-13.4733349919 0.640526
-12.9743257501 0.635715
-12.4753162651 0.630663
-11.9763065368 0.596744
-11.4772965651 0.507281
-10.9782863501 0.441776
-10.4792758917 0.42094
-9.98026518983 0.393515
-9.48125424457 0.361055
-8.98224305586 0.342958
-8.48323162367 0.340677
-7.98421994797 0.345374
-7.48520802873 0.381671
-6.98619586595 0.462376
-6.48718345958 0.512156
-5.98817080961 0.473101
-5.48915791601 0.419334
-4.99014477876 0.359591
-4.49113139784 0.297836
-3.99211777321 0.221367
-3.49310390485 0.143023
-2.99408979275 0.103827
-2.49507543687 0.107647
-1.99606083719 0.114682
-1.49704599369 0.117586
-0.998030906339 0.132837
-0.499015575118 0.202486
0 0.188689
0.499015819038 0.085308
0.998031882022 0.0193066
1.49704818898 0
1.99606473992 0.00916909
2.49508153489 0.0459735
2.99409857389 0.137266
3.49311585697 0.2266
3.99213338413 0.285821
4.49115115541 0.308617
4.99016917083 0.31814
5.48918743041 0.359941
5.98820593419 0.43116
6.48722468217 0.539692
6.98624367439 0.66283
7.48526291087 0.753535
7.98428239164 0.819642
8.48330211671 0.870589
8.98232208612 0.96591
9.48134229989 1.06028
9.98036275804 1.11846
10.4793834606 1.16918
10.9784044076 1.22696
11.477425599 1.29753
11.9764470349 1.40911
12.4754687154 1.49651
12.9744906403 1.60309
13.4735128098 1.62371
13.9725352239 1.56098
14.4715578826 1.49332
14.9705807859 1.45681
15.4696039338 1.43288
15.9686273265 1.35792
16.4676509638 1.26244
16.9666748458 1.16203
17.4656989726 1.05401
17.9647233442 0.954125
18.4637479605 0.917701
18.9627728217 0.972998
19.4617979277 1.08108
19.9608232785 1.18476
20.4598488743 1.30011
20.958874715 1.41914
21.4579008006 1.49254
21.9569271312 1.556
22.4559537067 1.62177
22.9549805273 1.67338
23.4540075929 1.7005
23.9530349036 1.68645
24.4520624593 1.54651
24.9510902602 1.32408
