-47.1982863792	26.222835748	-24.9335336683	7.36978877161	-3938.64493127
-47.1976433909	26.2272952028	-24.4348697477	7.36978877161	-3943.05744097
-47.1970003532	26.2317546547	-23.9362055521	7.37007290724	-3950.13387466
-47.1963572663	26.2362141038	-23.4375410813	7.37035710925	-3950.69796759
-47.19571413	26.24067355	-22.9388763354	7.37064137814	-3936.60986558
-47.1950709444	26.2451329934	-22.4402113143	7.37092571377	-3961.26221594
-47.1944277094	26.2495924339	-21.9415460179	7.37121011598	-3986.73667556
-47.193784425	26.2540518715	-21.4428804463	7.37149458504	-4006.47876157
-47.1931410912	26.2585113063	-20.9442145993	7.37177912087	-4029.18780133
-47.1924977081	26.2629707382	-20.4455484771	7.37206372311	-4055.4133523
-47.1918542755	26.2674301672	-19.9468820795	7.37234839255	-4083.29650997
-47.1912107934	26.2718895934	-19.4482154064	7.37263312866	-4099.41171225
-47.190567262	26.2763490167	-18.949548458	7.37291793142	-4105.62125391
-47.189923681	26.2808084371	-18.4508812341	7.37320280098	-4117.22115573
-47.1892800506	26.2852678547	-17.9522137347	7.37348773748	-4129.81095438
-47.1886363707	26.2897272693	-17.4535459598	7.37377274087	-4137.96548592
-47.1879926413	26.2941866812	-16.9548779093	7.37405781082	-4139.93355869
-47.1873488624	26.2986460901	-16.4562095832	7.37434294777	-4143.79671458
-47.186705034	26.3031054962	-15.9575409815	7.37462815162	-4146.22568743
-47.186061156	26.3075648994	-15.4588721042	7.37491342207	-4153.65434308
-47.1854172285	26.3120242997	-14.9602029511	7.37519875989	-4162.11255179
-47.1847732514	26.3164836971	-14.4615335223	7.37548416415	-4168.26444236
-47.1841292247	26.3209430917	-13.9628638178	7.37576963555	-4172.12208623
-47.1834851485	26.3254024834	-13.4641938375	7.37605517373	-4167.72989992
-47.1828410226	26.3298618722	-12.9655235813	7.37634077881	-4168.62366798
-47.1821968471	26.3343212581	-12.4668530493	7.37662645084	-4169.73187589
-47.1815526219	26.3387806412	-11.9681822414	7.37691219001	-4172.37224824
-47.1809083472	26.3432400214	-11.4695111576	7.37719799599	-4173.6174318
-47.1802640227	26.3476993987	-10.9708397978	7.37748386887	-4192.19414695
-47.1796196486	26.3521587731	-10.4721681621	7.37776980869	-4207.29507924
-47.1789752248	26.3566181446	-9.97349625028	7.37805581568	-4223.21252525
-47.1783307513	26.3610775132	-9.47482406244	7.37834188971	-4235.84750788
-47.177686228	26.365536879	-8.97615159853	7.3786280303	-4255.95539123
-47.1770416551	26.3699962419	-8.47747885849	7.37891423852	-4269.43680929
-47.1763970324	26.3744556019	-7.9788058423	7.37920051332	-4284.1579836
-47.1757523599	26.378914959	-7.48013254993	7.37948685542	-4327.67343373
-47.1751076377	26.3833743132	-6.98145898134	7.37977326449	-4372.34585279
-47.1744628657	26.3878336645	-6.4827851365	7.38005974058	-4391.22952138
-47.1738180439	26.3922930129	-5.98411101538	7.38034628373	-4475.36827218
-47.1731731722	26.3967523585	-5.48543661795	7.38063289394	-4608.22562496
-47.1725282508	26.4012117011	-4.98676194417	7.38091957151	-4639.93738854
-47.1718832795	26.4056710409	-4.488086994	7.38120631597	-4627.91624751
-47.1712382584	26.4101303778	-3.98941176742	7.38149312751	-4618.35768512
-47.1705931874	26.4145897118	-3.4907362644	7.38178000637	-4614.30503714
-47.1699480665	26.4190490428	-2.9920604849	7.38206695218	-4611.00979595
-47.1693028957	26.423508371	-2.49338442889	7.38235396518	-4605.69275062
-47.1686576751	26.4279676963	-1.99470809633	7.38264104556	-4607.29445063
-47.1680124045	26.4324270187	-1.49603148719	7.38292819297	-4598.79742073
-47.1673670839	26.4368863382	-0.997354601448	7.38321540744	-4588.85753708
-47.1667217135	26.4413456548	-0.498677439062	7.38350268919	-4582.51708657
-47.166076293	26.4458049685	0	7.38379003823	-4576.87032604
-47.1654308226	26.4502642794	0.498677715769	7.38407745439	-4575.12464225
-47.1647853022	26.4547235873	0.997355708278	7.38436493801	-4575.709191
-47.1641397318	26.4591828923	1.49603397756	7.3846524886	-4577.19910829
-47.1634941114	26.4636421944	1.99471252365	7.38494010661	-4580.2222396
-47.162848441	26.4681014936	2.49339134657	7.3852277918	-4585.50510445
-47.1622027205	26.4725607899	2.99207044637	7.38551554427	-4587.38540884
-47.16155695	26.4770200833	3.49074982307	7.38580336408	-4582.5955011
-47.1609111293	26.4814793738	3.98942947671	7.3860912513	-4553.70303309
-47.1602652587	26.4859386613	4.48810940731	7.38637920558	-4497.42132765
-47.1596193379	26.490397946	4.98678961492	7.38666722736	-4378.44405531
-47.158973367	26.4948572278	5.48547009956	7.3869553163	-4289.16248674
-47.158327346	26.4993165067	5.98415086127	7.38724347286	-4303.1177756
-47.1576812748	26.5037757826	6.48283190008	7.38753169664	-4295.62118036
-47.1570351535	26.5082350557	6.98151321601	7.3878199877	-4283.05539451
-47.156388982	26.5126943258	7.48019480912	7.38810834618	-4335.44422477
-47.1557427604	26.517153593	7.97887667941	7.38839677223	-4418.73792036
-47.1550964885	26.5216128573	8.47755882694	7.38868526539	-4513.9998095
-47.1544501665	26.5260721187	8.97624125173	7.38897382613	-4565.08620782
-47.1538037942	26.5305313772	9.47492395382	7.38926245435	-4606.26836389
-47.1531573717	26.5349906328	9.97360693323	7.38955114996	-4660.0015168
-47.152510899	26.5394498854	10.47229019	7.38983991296	-4689.37785937
-47.151864376	26.5439091352	10.9709737242	7.39012874349	-4682.38099542
-47.1512178027	26.548368382	11.4696575358	7.3904176415	-4667.51378861
-47.1505711792	26.5528276259	11.9683416248	7.39070660691	-4659.4348243
-47.1499245053	26.5572868669	12.4670259913	7.39099563981	-4654.34594463
-47.1492777811	26.561746105	12.9657106354	7.39128474033	-4653.71884793
-47.1486310066	26.5662053401	13.464395557	7.3915739082	-4656.83756579
-47.1479841818	26.5706645723	13.9630807562	7.39186314369	-4656.1811611
-47.1473373066	26.5751238016	14.461766233	7.39215244676	-4650.08094556
-47.146690381	26.579583028	14.9604519875	7.39244181746	-4645.04938641
-47.146043405	26.5840422515	15.4591380196	7.39273125543	-4636.38092199
-47.1453963787	26.588501472	15.9578243295	7.39302076132	-4631.95279765
-47.1447493019	26.5929606896	16.4565109171	7.39331033443	-4628.97035754
-47.1441021747	26.5974199043	16.9551977825	7.39359997555	-4649.20964746
-47.1434549971	26.6018791161	17.4538849258	7.39388968401	-4648.23200545
-47.142807769	26.6063383249	17.9525723468	7.39417945987	-4635.43886475
-47.1421604905	26.6107975308	18.4512600458	7.3944693038	-4623.67986633
-47.1415131615	26.6152567338	18.9499480226	7.39475921519	-4592.14515948
-47.140865782	26.6197159338	19.4486362774	7.3950491941	-4505.06119789
-47.140218352	26.6241751309	19.9473248102	7.39533924111	-4394.67353248
-47.1395708714	26.6286343251	20.446013621	7.39562935539	-4319.19407059
-47.1389233403	26.6330935164	20.9447027098	7.39591953747	-4329.36871315
-47.1382757587	26.6375527047	21.4433920767	7.39620978715	-4316.64434029
-47.1376281265	26.6420118901	21.9420817217	7.39650010459	-4269.8168519
-47.1369804438	26.6464710725	22.4407716449	7.39679048989	-4209.58112591
-47.1363327104	26.6509302521	22.9394618462	7.39708094275	-4201.03599853
-47.1356849265	26.6553894286	23.4381523257	7.39737146348	-4237.17211949
-47.1350370919	26.6598486023	23.9368430835	7.39766205188	-4317.06468892
-47.1343892067	26.664307773	24.4355341195	7.39795270819	-4367.62120717
-47.1337412709	26.6687669408	24.9342254338	7.39824343198	-4413.57132021
