-47.1904221005	26.2897942765	-24.9961317259	57.4940329761	-4151.00448572
-47.1861923766	26.2922106325	-24.4962127577	57.4940329761	-4122.25501449
-47.1819624764	26.2946268644	-23.9962936398	57.4959064495	-4092.35137366
-47.1777324	26.2970429723	-23.4963743722	57.4977801606	-4049.99289653
-47.1735021472	26.2994589562	-22.9964549551	57.49965411	-4000.59191639
-47.1692717182	26.301874816	-22.4965353884	57.5015282974	-3957.56192017
-47.1650411128	26.3042905518	-21.996615672	57.5034027228	-3917.23429399
-47.160810331	26.3067061634	-21.496695806	57.5052773862	-3892.3048246
-47.1565793729	26.3091216509	-20.9967757904	57.5071522877	-3896.72118875
-47.1523482384	26.3115370143	-20.4968556252	57.5090274272	-3875.59778093
-47.1481169276	26.3139522535	-19.9969353104	57.5109028049	-3860.41924121
-47.1438854403	26.3163673686	-19.4970148459	57.5127784204	-3909.36811018
-47.1396537765	26.3187823595	-18.9970942318	57.5146542742	-4026.40691419
-47.1354219363	26.3211972261	-18.497173468	57.516530366	-4081.79537708
-47.1311899197	26.3236119686	-17.9972525547	57.5184066961	-4140.33112804
-47.1269577266	26.3260265868	-17.4973314916	57.5202832642	-4212.80096766
-47.1227253569	26.3284410807	-16.997410279	57.5221600703	-4284.72766429
-47.1184928108	26.3308554503	-16.4974889167	57.5240371145	-4314.98514496
-47.1142600881	26.3332696957	-15.9975674048	57.5259143972	-4321.77716027
-47.1100271889	26.3356838167	-15.4976457432	57.5277919179	-4313.17300879
-47.1057941131	26.3380978134	-14.997723932	57.5296696765	-4319.48159129
-47.1015608607	26.3405116857	-14.4978019711	57.5315476735	-4339.14352437
-47.0973274317	26.3429254336	-13.9978798606	57.5334259087	-4384.99200201
-47.0930938261	26.3453390572	-13.4979576004	57.535304382	-4433.32483704
-47.0888600438	26.3477525564	-12.9980351906	57.5371830935	-4453.25877832
-47.0846260849	26.3501659311	-12.4981126311	57.5390620431	-4487.77807468
-47.0803919494	26.3525791814	-11.9981899219	57.5409412311	-4503.6275936
-47.0761576371	26.3549923072	-11.4982670631	57.5428206574	-4490.81233845
-47.0719231481	26.3574053085	-10.9983440547	57.5447003218	-4454.91072487
-47.0676884825	26.3598181853	-10.4984208965	57.5465802243	-4414.91292259
-47.06345364	26.3622309376	-9.99849758875	57.5484603652	-4366.41262813
-47.0592186209	26.3646435654	-9.49857413128	57.5503407444	-4336.91773335
-47.0549834249	26.3670560686	-8.99865052415	57.5522213618	-4346.49885088
-47.0507480522	26.3694684472	-8.49872676734	57.5541022177	-4375.92980872
-47.0465125026	26.3718807012	-7.99880286086	57.5559833115	-4392.06720007
-47.0422767763	26.3742928307	-7.49887880471	57.5578646438	-4419.3030414
-47.0380408731	26.3767048354	-6.99895459888	57.5597462145	-4465.44681377
-47.033804793	26.3791167156	-6.49903024336	57.5616280234	-4477.51081831
-47.0295685361	26.3815284711	-5.99910573817	57.5635100707	-4496.12990701
-47.0253321022	26.3839401018	-5.49918108329	57.5653923562	-4569.00290612
-47.0210954915	26.3863516079	-4.99925627873	57.5672748802	-4642.66819819
-47.0168587039	26.3887629893	-4.49933132448	57.5691576425	-4690.84306668
-47.0126217393	26.3911742459	-3.99940622054	57.5710406432	-4717.32090297
-47.0083845977	26.3935853777	-3.49948096691	57.5729238821	-4715.30854154
-47.0041472792	26.3959963848	-2.99955556359	57.5748073596	-4699.03419153
-46.9999097836	26.3984072671	-2.49963001057	57.5766910754	-4683.56532355
-46.9956721111	26.4008180246	-1.99970430786	57.5785750297	-4690.22487956
-46.9914342616	26.4032286572	-1.49977845545	57.5804592223	-4705.19609954
-46.987196235	26.405639165	-0.999852453334	57.5823436534	-4717.15761462
-46.9829580313	26.4080495479	-0.499926301519	57.5842283228	-4725.91949166
-46.9787196505	26.4104598059	0	57.5861132307	-4732.33016681
-46.9744810927	26.412869939	0.499926451225	57.5879983771	-4731.50687709
-46.9702423578	26.4152799472	0.999853052159	57.5898837619	-4718.02832485
-46.9660034457	26.4176898304	1.4997798028	57.5917693852	-4698.30883055
-46.9617643565	26.4200995887	1.99970670316	57.593655247	-4679.52004592
-46.9575250901	26.422509222	2.49963375323	57.5955413472	-4682.10593951
-46.9532856466	26.4249187303	2.99956095301	57.5974276859	-4681.87357752
-46.9490460258	26.4273281136	3.49948830251	57.5993142632	-4629.37703349
-46.9448062278	26.4297373718	3.99941580173	57.6012010789	-4585.70757526
-46.9405662527	26.432146505	4.49934345067	57.6030881333	-4559.58434739
-46.9363261002	26.4345555131	4.99927124934	57.604975426	-4567.39411315
-46.9320857705	26.4369643961	5.49919919772	57.6068629573	-4545.90156296
-46.9278452635	26.4393731541	5.99912729584	57.6087507274	-4524.3162551
-46.9236045793	26.4417817869	6.49905554368	57.6106387358	-4485.85780527
-46.9193637177	26.4441902945	6.99898394126	57.6125269827	-4461.78191443
-46.9151226787	26.446598677	7.49891248856	57.6144154684	-4459.3346595
-46.9108814625	26.4490069343	7.9988411856	57.6163041926	-4446.22665832
-46.9066400688	26.4514150663	8.49877003237	57.6181931555	-4414.07113162
-46.9023984978	26.4538230732	8.99869902889	57.6200823566	-4366.89279386
-46.8981567494	26.4562309548	9.49862817514	57.6219717968	-4325.54390948
-46.8939148236	26.4586387112	9.99855747113	57.6238614754	-4308.39156198
-46.8896727203	26.4610463423	10.4984869169	57.6257513927	-4308.53245777
-46.8854304396	26.4634538481	10.9984165123	57.6276415487	-4336.38637344
-46.8811879814	26.4658612286	11.4983462576	57.6295319432	-4367.05404683
-46.8769453458	26.4682684838	11.9982761525	57.6314225763	-4386.2624691
-46.8727025326	26.4706756136	12.4982061973	57.6333134482	-4401.20494336
-46.868459542	26.473082618	12.9981363917	57.6352045588	-4414.53887771
-46.8642163738	26.4754894971	13.498066736	57.6370959082	-4419.9721201
-46.859973028	26.4778962507	13.99799723	57.638987496	-4435.05733165
-46.8557295047	26.4803028789	14.4979278737	57.6408793227	-4431.01395273
-46.8514858038	26.4827093817	14.9978586672	57.6427713881	-4417.81282272
-46.8472419253	26.4851157591	15.4977896105	57.6446636923	-4414.82722395
-46.8429978692	26.4875220109	15.9977207035	57.6465562351	-4413.39406266
-46.8387536354	26.4899281372	16.4976519463	57.6484490165	-4410.61413694
-46.834509224	26.4923341381	16.9975833388	57.6503420371	-4406.63277099
-46.8302646349	26.4947400134	17.4975148811	57.652235296	-4416.75891204
-46.8260198682	26.4971457631	17.9974465732	57.654128794	-4408.90023194
-46.8217749237	26.4995513873	18.4973784151	57.6560225306	-4385.7330131
-46.8175298015	26.5019568859	18.9973104067	57.657916506	-4355.10092068
-46.8132845016	26.5043622589	19.4972425481	57.6598107203	-4325.71649675
-46.8090390239	26.5067675062	19.9971748393	57.6617051733	-4263.57171321
-46.8047933685	26.5091726279	20.4971072803	57.6635998652	-4156.12233622
-46.8005475353	26.511577624	20.997039871	57.6654947959	-4012.2697697
-46.7963015242	26.5139824943	21.4969726115	57.6673899654	-3873.96501143
-46.7920553354	26.516387239	21.9969055018	57.6692853737	-3730.71336441
-46.7878089687	26.5187918579	22.4968385419	57.671181021	-3606.68318197
-46.7835624242	26.5211963511	22.9967717318	57.673076907	-3538.27882712
-46.7793157018	26.5236007186	23.4967050715	57.6749730321	-3514.31896682
-46.7750688015	26.5260049603	23.9966385609	57.6768693959	-3604.58855602
-46.7708217233	26.5284090762	24.4965722002	57.6787659986	-3722.41546815
-46.7665744672	26.5308130662	24.9965059892	57.6806628403	-3820.10431248
