-24.9634019504 0.998014
-24.4641390165 1.00324
-23.9648758745 0.993169
-23.4656125245 0.969524
-22.9663489663 0.952517
-22.4670852 0.933761
-21.9678212255 0.913143
-21.4685570428 0.90919
-20.969292652 0.907767
-20.4700280529 0.936683
-19.9707632457 0.958688
-19.4714982301 0.983883
-18.9722330063 1.0245
-18.4729675743 1.06045
-17.9737019339 1.06065
-17.4744360852 1.06102
-16.9751700282 1.07954
-16.4759037628 1.12424
-15.9766372891 1.17585
-15.4773706069 1.23183
-14.9781037164 1.30279
-14.4788366174 1.37448
-13.97956931 1.42361
-13.4803017941 1.45543
-12.9810340697 1.48218
-12.4817661368 1.49179
-11.9824979955 1.49022
-11.4832296455 1.38926
-10.9839610871 1.22917
-10.48469232 1.04859
-9.98542334439 0.921503
-9.48615416015 0.807034
-8.98688476728 0.663967
-8.48761516577 0.464714
-7.9883453556 0.349618
-7.48907533674 0.284959
-6.98980510919 0.208776
-6.49053467292 0.180006
-5.99126402791 0.110064
-5.49199317415 0.0476538
-4.99272211163 0.0194027
-4.49345084031 0.0129213
-3.99417936019 0.00740387
-3.49490767124 0.00432184
-2.99563577345 0
-2.4963636668 0.0084272
-1.99709135127 0.0372763
-1.49781882684 0.0600073
-0.998546093499 0.0557426
-0.499273151224 0.0824351
0 0.141804
0.499273360194 0.146011
0.998546929373 0.171787
1.49782070756 0.168741
1.99709469477 0.171447
2.49636889101 0.185156
2.99564329632 0.191361
3.4949179107 0.192799
3.99419273418 0.207257
4.49346776677 0.22449
4.99274300849 0.242613
5.49201845936 0.258807
5.99129411939 0.26853
6.49056998861 0.319652
6.98984606703 0.368463
7.48912235467 0.413751
7.98839885155 0.459439
8.48767555769 0.512338
8.9869524731 0.561257
9.48622959779 0.631467
9.9855069318 0.739187
10.4847844751 0.843658
10.9840622278 0.909944
11.4833401899 0.952348
11.9826183613 0.988728
12.4818967421 0.962465
12.9811753324 0.93863
13.480454132 1.00149
13.9797331412 1.09258
14.4790123598 1.15843
14.9782917878 1.19545
15.4775714254 1.20104
15.9768512726 1.20427
16.4761313292 1.18743
16.9754115954 1.1684
17.4746920712 1.14956
17.9739727566 1.14783
18.4732536516 1.13599
18.9725347562 1.13742
19.4718160705 1.16412
19.9710975945 1.18665
20.4703793281 1.21496
20.9696612714 1.24548
21.4689434245 1.26088
21.9682257873 1.25797
22.4675083598 1.26353
22.9667911421 1.28162
23.4660741342 1.29326
23.9653573362 1.30607
24.4646407479 1.33109
24.9639243695 1.34283
