-24.9578977119 1.14118
-24.45874521 1.21699
-23.9595924858 1.25589
-23.4604395395 1.26228
-22.9612863709 1.2553
-22.46213298 1.25984
-21.9629793668 1.26614
-21.4638255313 1.27862
-20.9646714735 1.30711
-20.4655171933 1.34112
-19.9663626908 1.35794
-19.4672079658 1.36823
-18.9680530185 1.34963
-18.4688978487 1.32526
-17.9697424564 1.28204
-17.4705868416 1.23918
-16.9714310044 1.19483
-16.4722749446 1.16678
-15.9731186623 1.18395
-15.4739621574 1.16449
-14.9748054299 1.12459
-14.4756484798 1.06021
-13.9764913071 0.959107
-13.4773339118 0.834474
-12.9781762937 0.718721
-12.479018453 0.651723
-11.9798603896 0.599342
-11.4807021034 0.541238
-10.9815435945 0.482166
-10.4823848628 0.413344
-9.98322590836 0.344137
-9.48406673107 0.287512
-8.98490733094 0.225707
-8.48574770795 0.136699
-7.98658786209 0.0510856
-7.48742779332 0.0165276
-6.98826750164 0.0129835
-6.48910698702 0.00851153
-5.98994624944 0.00397635
-5.49078528888 0.0369351
-4.99162410531 0.0521365
-4.49246269873 0.0282716
-3.9933010691 0.021314
-3.4941392164 0.00750745
-2.99497714062 0.00364904
-2.49581484174 0
-1.99665231972 0.00718879
-1.49748957457 0.0124852
-0.99832660624 0.0249497
-0.499163414724 0.0362238
0 0.050428
0.499163637954 0.0452676
0.998327499159 0.0473455
1.49749158364 0.0552057
1.9966558914 0.0628063
2.49582042248 0.0661951
2.9949851769 0.0831486
3.49415015467 0.0993341
3.99331535581 0.114927
4.49248078035 0.135055
4.9916464283 0.185891
5.49081229969 0.238297
5.98997839454 0.275367
6.48914471287 0.313879
6.98831125469 0.338789
7.48747802003 0.36338
7.98664500892 0.395806
8.48581222136 0.417835
8.98497965738 0.431722
9.48414731701 0.452247
9.98331520026 0.454694
10.4824833071 0.475491
10.9816516377 0.498469
11.4808201919 0.527562
11.9799889699 0.551922
12.4791579715 0.58501
12.978327197 0.602351
13.4774966461 0.628937
13.9766663191 0.675753
14.4758362159 0.707904
14.9750063365 0.720844
15.4741766809 0.726405
15.9733472492 0.740535
16.4725180414 0.757692
16.9716890576 0.771283
17.4708602976 0.787159
17.9700317616 0.825174
18.4692034496 0.854045
18.9683753615 0.874342
19.4675474975 0.901706
19.9667198575 0.942196
20.4658924416 0.993225
20.9650652497 1.0533
21.4642382819 1.12115
21.9634115383 1.0951
22.4625850187 1.06895
22.9617587234 1.05992
23.4609326522 1.06512
23.9601068052 1.07968
24.4592811824 1.09565
24.9584557838 1.10352
