-24.9500335977 0.746027
-24.4510387468 0.654784
-23.9520436587 0.60864
-23.4530483334 0.56762
-22.9540527709 0.532271
-22.455056971 0.480398
-21.9560609339 0.436505
-21.4570646595 0.388403
-20.9580681477 0.357798
-20.4590713985 0.360784
-19.960074412 0.368632
-19.461077188 0.384736
-18.9620797266 0.473008
-18.4630820277 0.543976
-17.9640840913 0.606369
-17.4650859174 0.673115
-16.9660875059 0.724551
-16.4670888569 0.763567
-15.9680899702 0.778346
-15.469090846 0.747321
-14.9700914841 0.736319
-14.4710918845 0.723674
-13.9720920473 0.695682
-13.4730919723 0.675994
-12.9740916596 0.657476
-12.4750911091 0.617543
-11.9760903208 0.554773
-11.4770892947 0.47969
-10.9780880308 0.394069
-10.479086529 0.331166
-9.98008478927 0.294902
-9.48108281165 0.265938
-8.9820805961 0.249913
-8.48307814257 0.225734
-7.98407545106 0.185921
-7.48507252153 0.156921
-6.98606935396 0.143834
-6.48706594832 0.0847983
-5.9880623046 0.0390104
-5.48905842276 0
-4.99005430278 0.00121907
-4.49104994465 0.0222688
-3.99204534832 0.0471326
-3.49304051378 0.0729114
-2.994035441 0.104918
-2.49503012997 0.141654
-1.99602458064 0.157271
-1.49701879301 0.158247
-0.998012767042 0.156015
-0.499006502713 0.179268
0 0.205965
0.499006741122 0.218468
0.998013720677 0.236469
1.49702093869 0.252564
1.99602839519 0.263519
2.49503609019 0.274914
2.99404402372 0.318913
3.49305219582 0.343183
3.99206060649 0.347756
4.49106925576 0.351152
4.99007814367 0.36178
5.48908727023 0.418695
5.98809663547 0.468857
6.48710623941 0.498574
6.98611608208 0.468846
7.4851261635 0.43154
7.9841364837 0.39927
8.4831470427 0.379189
8.98215784053 0.379718
9.4811688772 0.383291
9.98018015275 0.389474
10.4791916672 0.401643
10.9782034206 0.434286
11.4772154129 0.467855
11.9762276442 0.51112
12.4752401145 0.576353
12.9742528238 0.615956
13.4732657721 0.655822
13.9722789596 0.714923
14.4712923861 0.762799
14.9703060517 0.79126
15.4693199565 0.805518
15.9683341004 0.830354
16.4673484836 0.864563
16.9663631059 0.898193
17.4653779675 0.923261
17.9643930684 0.945005
18.4634084085 0.977779
18.962423988 1.00775
19.4614398068 1.02005
19.960455865 1.03486
20.4594721625 1.05607
20.9584886995 1.08951
21.4575054759 1.1095
21.9565224917 1.09111
22.4555397471 1.0414
22.9545572419 1.00955
23.4535749763 0.993626
23.9525929502 0.97173
24.4516111638 0.936898
24.9506296169 0.867876
