-24.9736879907 0.90409
-24.4742188684 0.871883
-23.974749557 0.892272
-23.4752800565 0.945515
-22.9758103669 1.00082
-22.4763404882 0.987
-21.9768704203 0.983059
-21.4774001634 0.926824
-20.9779297172 0.887773
-20.4784590819 0.913183
-19.9789882574 0.963921
-19.4795172437 0.992509
-18.9800460409 1.02099
-18.4805746488 1.0448
-17.9811030674 1.09412
-17.4816312968 1.21993
-16.982159337 1.39618
-16.4826871879 1.55074
-15.9832148495 1.67586
-15.4837423218 1.77935
-14.9842696048 1.80753
-14.4847966984 1.77196
-13.9853236028 1.72894
-13.4858503177 1.69439
-12.9863768433 1.60866
-12.4869031796 1.49965
-11.9874293264 1.38772
-11.4879552839 1.33848
-10.9884810519 1.16449
-10.4890066305 0.967899
-9.98953201966 0.789788
-9.49005721936 0.630193
-8.9905822296 0.461299
-8.49110705035 0.283736
-7.99163168161 0.13258
-7.49215612336 0.0594882
-6.9926803756 0.0498059
-6.4932044383 0.0580327
-5.99372831145 0.0706073
-5.49425199504 0.0758498
-4.99477548907 0.0743511
-4.49529879351 0.0763088
-3.99582190835 0.0699117
-3.49634483358 0.0618083
-2.99686756918 0.0487302
-2.49739011515 0.0245467
-1.99791247147 0.0120893
-1.49843463813 0.00390302
-0.998956615114 0
-0.499478402407 0.0196459
0 0.0559658
0.499478592121 0.0862096
0.99895737397 0.162337
1.49843634556 0.252559
1.9979155069 0.32926
2.49739485801 0.400999
2.9968743989 0.456477
3.49635412958 0.47869
3.99583405006 0.472958
4.49531416036 0.44593
4.99479446049 0.406509
5.49427495046 0.367966
5.99375563029 0.316286
6.4932365 0.265695
6.99271755958 0.221727
7.49219880905 0.174453
7.99168024844 0.135517
8.49116187774 0.115949
8.99064369698 0.108807
9.49012570616 0.10452
9.9896079053 0.102901
10.4890902944 0.0996369
10.9885728735 0.0901583
11.4880556426 0.0836424
11.9875386017 0.0919701
12.4870217508 0.103032
12.98650509 0.105517
13.4859886192 0.10053
13.9854723385 0.0989124
14.4849562479 0.103765
14.9844403473 0.105319
15.4839246368 0.0984807
15.9834091165 0.120315
16.4828937863 0.15766
16.9823786462 0.198309
17.4818636962 0.233141
17.9813489365 0.240326
18.4808343669 0.253405
18.9803199875 0.264253
19.4798057983 0.279731
19.9792917993 0.303445
20.4787779905 0.356942
20.978264372 0.413435
21.4777509437 0.469561
21.9772377057 0.512972
22.476724658 0.548157
22.9762118005 0.583281
23.4756991334 0.586173
23.9751866566 0.600881
24.4746743701 0.619052
24.974162274 0.637864
