-24.9634191567 1.04214
-24.464155881 1.05681
-23.964892397 1.0791
-23.4656287049 1.06792
-22.9663648046 1.00664
-22.467100696 0.953768
-21.9678363792 0.924408
-21.4685718542 0.98457
-20.9693071208 1.06216
-20.4700421792 1.11463
-19.9707770292 1.11466
-19.4715116709 1.09039
-18.9722461042 1.08339
-18.4729803292 1.07954
-17.9737143457 1.06697
-17.4744481539 1.06904
-16.9751817536 1.0717
-16.4759151449 1.0752
-15.9766483277 1.09023
-15.477381302 1.1044
-14.9781140679 1.10345
-14.4788466252 1.07463
-13.979578974 1.03777
-13.4803111142 1.00641
-12.9810430458 1.02095
-12.4817747689 1.06061
-11.9825062833 1.11595
-11.4832375891 1.1566
-10.9839686863 1.1507
-10.4846995748 1.10742
-9.98543025463 1.03979
-9.48616072576 0.964
-8.98689098816 0.810057
-8.48762104183 0.656751
-7.98835088674 0.522686
-7.48908052288 0.415927
-6.98980995023 0.299272
-6.49053916877 0.194469
-5.99126817848 0.112507
-5.49199697935 0.0564239
-4.99272557136 0.0256033
-4.49345395448 0.0251783
-3.99418212871 0.0236938
-3.49491009402 0.0176703
-2.99563785039 0.0159852
-2.49636539782 0.0142064
-1.99709273627 0.00770225
-1.49781986573 0
-0.998546786184 0.00211563
-0.499273497613 0.00360052
0 0.0162047
0.499273706673 0.0339385
0.998547622426 0.064225
1.49782174728 0.104555
1.99709608124 0.161474
2.49637062434 0.214943
2.99564537658 0.274988
3.494920338 0.334947
3.9941955086 0.380491
4.49347088841 0.408145
4.99274647744 0.429698
5.49202227571 0.448332
5.99129828324 0.463125
6.49057450005 0.471055
6.98985092614 0.490307
7.48912756156 0.516048
7.9884044063 0.55307
8.48768146038 0.594942
8.98695872384 0.641842
9.48623619668 0.692836
9.98551387892 0.73102
10.4847917706 0.735932
10.9840698717 0.731232
11.4833481822 0.748187
11.9826267022 0.787271
12.4819054318 0.835863
12.9811843708 0.904718
13.4804635193 0.997651
13.9797428774 1.08978
14.4790224451 1.18743
14.9783022223 1.23211
15.4775822092 1.24459
15.9768624056 1.25155
16.4761428117 1.24671
16.9754234274 1.26304
17.4747042528 1.3033
17.9739852879 1.35232
18.4732665327 1.39114
18.9725479872 1.40961
19.4718296515 1.41315
19.9711115255 1.41107
20.4703936093 1.39197
20.9696759029 1.36078
21.4689584063 1.34128
21.9682411195 1.32497
22.4675240426 1.31656
22.9668071755 1.31777
23.4660905183 1.32039
23.965374071 1.32574
24.4646578337 1.34005
24.9639418063 1.3603
