-43.5996333656	24.7701364658	-24.9634535797	38.5494976012	-3472.20794592
-43.5965470969	24.7736530928	-24.46418962	38.5494976012	-3411.07502752
-43.5934606533	24.7771696565	-23.9649254519	38.5507907687	-3334.87204293
-43.5903740348	24.780686157	-23.4656610755	38.5520841814	-3293.90089435
-43.5872872415	24.7842025942	-22.9663964907	38.5533778393	-3314.47116082
-43.5842002731	24.7877189681	-22.4671316975	38.5546717426	-3348.73190592
-43.5811131298	24.7912352787	-21.9678666958	38.5559658911	-3361.43722407
-43.5780258115	24.794751526	-21.4686014857	38.5572602853	-3351.73478868
-43.5749383181	24.7982677099	-20.9693360671	38.5585549245	-3333.60472696
-43.5718506497	24.8017838305	-20.4700704401	38.5598498093	-3343.31370853
-43.5687628061	24.8052998877	-19.9708046045	38.5611449395	-3380.41561921
-43.5656747873	24.8088158815	-19.4715385604	38.5624403153	-3441.05575944
-43.5625865934	24.812331812	-18.9722723078	38.5637359365	-3532.60670582
-43.5594982242	24.815847679	-18.4730058466	38.5650318031	-3624.05693316
-43.5564096797	24.8193634826	-17.9737391768	38.5663279154	-3743.43305267
-43.55332096	24.8228792228	-17.4744722984	38.5676242734	-3795.71078066
-43.5502320649	24.8263948995	-16.9752052115	38.5689208766	-3866.0673799
-43.5471429945	24.8299105128	-16.4759379159	38.5702177257	-3905.64601657
-43.5440537486	24.8334260626	-15.9766704116	38.5715148206	-3914.75754619
-43.5409643273	24.8369415489	-15.4774026987	38.572812161	-3907.02845359
-43.5378747305	24.8404569717	-14.9781347771	38.574109747	-3907.88873079
-43.5347849582	24.843972331	-14.4788666467	38.575407579	-3910.0117353
-43.5316950104	24.8474876268	-13.9795983077	38.5767056566	-3917.8678083
-43.528604887	24.851002859	-13.4803297599	38.57800398	-3926.31197586
-43.525514588	24.8545180277	-12.9810610034	38.5793025491	-3925.16802437
-43.5224241133	24.8580331327	-12.4817920381	38.5806013643	-3887.80379527
-43.5193334629	24.8615481742	-11.982522864	38.5819004252	-3851.25673273
-43.5162426369	24.8650631521	-11.483253481	38.583199732	-3808.76700049
-43.513151635	24.8685780664	-10.9839838893	38.5844992848	-3805.14400428
-43.5100604574	24.8720929171	-10.4847140887	38.5857990833	-3899.15683442
-43.5069691039	24.8756077041	-9.98544407921	38.5870991281	-4105.54816085
-43.5038775746	24.8791224275	-9.48617386086	38.5883994188	-4337.59211327
-43.5007858694	24.8826370871	-8.9869034336	38.5896999552	-4512.30489558
-43.4976939883	24.8861516832	-8.48763279742	38.5910007382	-4607.5969901
-43.4946019312	24.8896662155	-7.98836195231	38.5923017668	-4633.64675494
-43.491509698	24.8931806841	-7.48909089823	38.5936030417	-4626.16440484
-43.4884172889	24.8966950889	-6.98981963518	38.5949045628	-4611.80901635
-43.4853247037	24.9002094301	-6.49054816314	38.5962063299	-4615.79626571
-43.4822319424	24.9037237075	-5.99127648209	38.5975083434	-4623.03302502
-43.4791390049	24.9072379211	-5.492004592	38.5988106029	-4631.81634191
-43.4760458912	24.9107520709	-4.99273249287	38.6001131086	-4633.7564837
-43.4729526014	24.914266157	-4.49346018468	38.6014158608	-4636.90564044
-43.4698591353	24.9177801792	-3.9941876674	38.6027188591	-4639.24088602
-43.4667654929	24.9212941376	-3.49491494102	38.6040221037	-4640.75553254
-43.4636716742	24.9248080322	-2.99564200551	38.6053255949	-4645.67063357
-43.4605776791	24.9283218629	-2.49636886088	38.6066293322	-4650.29283226
-43.4574835077	24.9318356298	-1.99709550708	38.6079333159	-4656.43611232
-43.4543891598	24.9353493328	-1.49782194412	38.609237546	-4652.61913277
-43.4512946355	24.9388629719	-0.998548171961	38.6105420227	-4646.51314133
-43.4481999347	24.9423765471	-0.499274190594	38.6118467458	-4652.50946774
-43.4451050573	24.9458900584	0	38.6131517153	-4655.36953468
-43.4420100034	24.9494035057	0.49927439984	38.6144569315	-4653.3938398
-43.4389147729	24.9529168891	0.998549008942	38.6157623941	-4645.69146655
-43.4358193657	24.9564302086	1.49782382733	38.6170681033	-4636.87903185
-43.4327237819	24.959943464	1.99709885501	38.6183740593	-4636.55738852
-43.4296280214	24.9634566555	2.49637409201	38.6196802618	-4633.87768836
-43.4265320841	24.966969783	2.99564953834	38.6209867108	-4624.68835295
-43.4234359701	24.9704828464	3.49492519403	38.6222934066	-4606.56711946
-43.4203396793	24.9739958458	3.99420105909	38.6236003492	-4583.67835207
-43.4172432116	24.9775087812	4.49347713353	38.6249075385	-4571.97152639
-43.414146567	24.9810216526	4.99275341739	38.6262149745	-4561.23894109
-43.4110497455	24.9845344598	5.49202991066	38.6275226572	-4520.51314611
-43.4079527471	24.988047203	5.99130661338	38.6288305867	-4449.35154882
-43.4048555717	24.991559882	6.49058352557	38.6301387635	-4404.71311788
-43.4017582192	24.995072497	6.98986064722	38.6314471867	-4366.53281476
-43.3986606897	24.9985850478	7.48913797838	38.6327558568	-4333.30039289
-43.3955629831	25.0020975345	7.98841551905	38.6340647742	-4271.83214613
-43.3924650994	25.005609957	8.48769326925	38.6353739382	-4117.11331159
-43.3893670385	25.0091223154	8.986971229	38.6366833493	-3956.95858376
-43.3862688004	25.0126346096	9.48624939832	38.6379930073	-3902.33152598
-43.3831703851	25.0161468395	9.98552777722	38.6393029124	-3854.73119596
-43.3800717926	25.0196590053	10.4848063657	38.6406130646	-3837.42988928
-43.3769730227	25.0231711068	10.9840851639	38.641923464	-3843.88916167
-43.3738740754	25.0266831441	11.4833641716	38.6432341101	-3855.68279389
-43.3707749509	25.0301951172	11.982643389	38.6445450037	-3884.61599165
-43.3676756488	25.033707026	12.4819228161	38.6458561442	-3907.88745475
-43.3645761694	25.0372188705	12.9812024529	38.6471675322	-3919.39175839
-43.3614765125	25.0407306507	13.4804822994	38.6484791671	-3938.44376433
-43.358376678	25.0442423666	13.9797623557	38.6497910494	-3954.73294468
-43.355276666	25.0477540182	14.4790426216	38.651103179	-3953.73479549
-43.3521764765	25.0512656054	14.9783230974	38.6524155557	-3900.77330999
-43.3490761093	25.0547771283	15.4776037829	38.6537281799	-3820.38769199
-43.3459755644	25.0582885868	15.9768846782	38.6550410515	-3794.80649292
-43.3428748419	25.061799981	16.4761657834	38.6563541702	-3793.77691496
-43.3397739416	25.0653113107	16.9754470983	38.6576675367	-3710.42179976
-43.3366728635	25.0688225761	17.4747286232	38.6589811503	-3639.52962384
-43.3335716077	25.072333777	17.9740103578	38.6602950114	-3579.34407422
-43.330470174	25.0758449135	18.4732923024	38.6616091201	-3509.43715466
-43.3273685625	25.0793559855	18.9725744569	38.6629234761	-3448.00196963
-43.3242667731	25.0828669931	19.4718568213	38.6642380798	-3448.76789029
-43.3211648057	25.0863779362	19.9711393957	38.6655529311	-3447.64809524
-43.3180626603	25.0898888148	20.47042218	38.66686803	-3419.53169326
-43.314960337	25.0933996289	20.9697051743	38.6681833763	-3380.14298968
-43.3118578356	25.0969103785	21.4689883786	38.6694989703	-3343.04390535
-43.3087551561	25.1004210635	21.9682717929	38.670814812	-3296.58242694
-43.3056522985	25.1039316841	22.4675554172	38.6721309016	-3268.70211798
-43.3025492627	25.10744224	22.9668392516	38.6734472387	-3277.65983079
-43.2994460488	25.1109527314	23.466123296	38.6747638234	-3293.83415529
-43.2963426566	25.1144631582	23.9654075506	38.6760806562	-3304.71185385
-43.2932390862	25.1179735203	24.4646920152	38.6773977366	-3322.54760978
-43.2901353375	25.1214838179	24.9639766899	38.678715065	-3330.30751579
