-24.9586357156 1.82937
-24.4594684803 1.83497
-23.9603010217 1.81675
-23.4611333398 1.76548
-22.9619654345 1.68747
-22.4627973059 1.58996
-21.9636289538 1.47809
-21.4644603784 1.33714
-20.9652915796 1.20378
-20.4661225572 1.06355
-19.9669533115 0.949399
-19.4677838422 0.824111
-18.9686141494 0.718436
-18.4694442331 0.61858
-17.9702740932 0.528016
-17.4711037298 0.467291
-16.9719331428 0.382272
-16.4727623321 0.286265
-15.9735912979 0.191064
-15.4744200399 0.10933
-14.9752485583 0.0451002
-14.476076853 0.00677657
-13.976904924 0
-13.4777327713 0.0198882
-12.9785603948 0.0742385
-12.4793877945 0.142988
-11.9802149704 0.175708
-11.4810419225 0.225705
-10.9818686508 0.259323
-10.4826951552 0.284026
-9.98352143568 0.298938
-9.4843474923 0.324399
-8.985173325 0.356579
-8.48599893377 0.371747
-7.98682431857 0.371539
-7.48764947939 0.339974
-6.9884744162 0.294132
-6.489299129 0.246887
-5.99012361775 0.209566
-5.49094788244 0.182935
-4.99177192304 0.167595
-4.49259573954 0.13671
-3.99341933192 0.101831
-3.49424270015 0.0748518
-2.99506584421 0.0525212
-2.49588876409 0.0420706
-1.99671145977 0.0399854
-1.49753393122 0.0394983
-0.998356178418 0.0254184
-0.499178201353 0.0239548
0 0.0427381
0.49917842566 0.0751316
0.998357075648 0.115901
1.49753594998 0.167083
1.99671504869 0.206219
2.49589437178 0.222231
2.99507391929 0.246902
3.49425369122 0.284476
3.9934336876 0.32568
4.49261390845 0.348233
4.9917943538 0.375079
5.49097502365 0.397666
5.99015591803 0.400988
6.48933703697 0.419947
6.98851838048 0.43544
7.48769994858 0.416368
7.98688174129 0.392623
8.48606375863 0.410076
8.98524600062 0.449207
9.48442846729 0.482369
9.98361115865 0.518984
10.4827940747 0.547571
10.9819772155 0.551776
11.4811605811 0.626806
11.9803441714 0.732665
12.4795279866 0.773104
12.9787120265 0.704201
13.4778962913 0.658162
13.9770807809 0.654768
14.4762654954 0.69382
14.9754504348 0.76005
15.4746355991 0.8515
15.9738209884 0.92556
16.4730066026 0.970086
16.9721924418 0.966574
17.4713785059 0.926594
17.9705647951 0.918015
18.4697513094 1.0087
18.9689380487 1.10653
19.468125013 1.2544
19.9673122025 1.3843
20.4664996171 1.4443
20.9656872568 1.46398
21.4648751216 1.47414
21.9640632117 1.41114
22.4632515269 1.39124
22.9624400674 1.41705
23.4616288331 1.44011
23.960817824 1.44337
24.4600070403 1.42291
24.9591964818 1.41177
