-43.3616550381	24.5976641422	-24.9630570128	38.5590505142	-3682.04171463
-43.3585723922	24.6011803022	-24.4638009574	38.5590505142	-3703.79794457
-43.3554895731	24.6046963994	-23.9645446947	38.560333732	-3714.27469675
-43.3524065806	24.6082124338	-23.4652882248	38.5616171945	-3718.19596881
-43.3493234149	24.6117284054	-22.9660315476	38.5629009007	-3714.12733461
-43.3462400759	24.6152443141	-22.4667746631	38.5641848511	-3714.5249454
-43.3431565635	24.6187601601	-21.9675175713	38.5654690457	-3686.30330274
-43.3400728776	24.6222759431	-21.4682602721	38.5667534847	-3687.05234392
-43.3369890183	24.6257916634	-20.9690027655	38.5680381679	-3681.59280571
-43.3339049856	24.6293073207	-20.4697450516	38.5693230952	-3655.14213915
-43.3308207793	24.6328229151	-19.9704871303	38.570608267	-3606.67374437
-43.3277363995	24.6363384467	-19.4712290015	38.5718936832	-3570.6622191
-43.324651846	24.6398539153	-18.9719706654	38.5731793435	-3553.09392314
-43.321567119	24.643369321	-18.4727121217	38.5744652485	-3535.92415471
-43.3184822183	24.6468846638	-17.9734533706	38.5757513977	-3507.99323365
-43.3153971439	24.6503999436	-17.474194412	38.5770377913	-3508.71195307
-43.3123118958	24.6539151604	-16.9749352459	38.5783244296	-3540.72944781
-43.309226474	24.6574303142	-16.4756758723	38.5796113121	-3567.9225739
-43.3061408783	24.660945405	-15.9764162911	38.5808984393	-3594.87193438
-43.3030551088	24.6644604329	-15.4771565024	38.582185811	-3611.65775976
-43.2999691655	24.6679753976	-14.977896506	38.5834734273	-3719.1613276
-43.2968830483	24.6714902994	-14.4786363021	38.5847612881	-3898.65553992
-43.2937967571	24.6750051381	-13.9793758906	38.5860493936	-4008.93306305
-43.2907102919	24.6785199137	-13.4801152714	38.5873377438	-4007.72731356
-43.2876236528	24.6820346262	-12.9808544446	38.5886263386	-4003.94141558
-43.2845368396	24.6855492757	-12.48159341	38.5899151781	-4002.52454425
-43.2814498524	24.689063862	-11.9823321678	38.5912042623	-4009.36048022
-43.278362691	24.6925783852	-11.4830707179	38.5924935913	-4011.45359487
-43.2752753555	24.6960928453	-10.9838090603	38.593783165	-4002.52746501
-43.2721878458	24.6996072422	-10.4845471949	38.5950729836	-3990.71447784
-43.2691001619	24.703121576	-9.98528512176	38.596363047	-3953.66427666
-43.2660123038	24.7066358465	-9.48602284083	38.5976533551	-3893.90434489
-43.2629242714	24.7101500539	-8.98676035209	38.5989439083	-3814.21840554
-43.2598360646	24.7136641981	-8.48749765553	38.6002347064	-3749.27045555
-43.2567476835	24.717178279	-7.98823475114	38.6015257492	-3722.53925509
-43.2536591281	24.7206922968	-7.48897163889	38.6028170372	-3689.35045405
-43.2505703982	24.7242062512	-6.98970831876	38.60410857	-3640.21759178
-43.2474814938	24.7277201424	-6.49044479075	38.605400348	-3588.12687757
-43.244392415	24.7312339704	-5.99118105482	38.6066923709	-3532.50608047
-43.2413031616	24.734747735	-5.49191711096	38.6079846389	-3522.87726472
-43.2382137337	24.7382614364	-4.99265295916	38.6092771522	-3583.9060421
-43.2351241312	24.7417750744	-4.49338859939	38.6105699101	-3658.99785565
-43.2320343541	24.7452886491	-3.99412403163	38.6118629136	-3736.87647105
-43.2289444023	24.7488021604	-3.49485925588	38.6131561622	-3817.99416438
-43.2258542757	24.7523156084	-2.9955942721	38.6144496557	-3903.99177756
-43.2227639745	24.755828993	-2.49632908028	38.6157433947	-4024.41220327
-43.2196734985	24.7593423142	-1.99706368041	38.6170373789	-4163.59416875
-43.2165828477	24.7628555721	-1.49779807247	38.6183316084	-4277.43037883
-43.213492022	24.7663687665	-0.998532256429	38.619626083	-4359.88267599
-43.2104010215	24.7698818975	-0.49926623228	38.6209208031	-4432.33409056
-43.207309846	24.773394965	0	38.6222157686	-4468.32050119
-43.2042184957	24.7769079691	0.499266440425	38.6235109793	-4478.32168283
-43.2011269703	24.7804209097	0.998533089017	38.6248064355	-4486.48195027
-43.1980352699	24.7839337869	1.49779994579	38.6261021372	-4513.40916889
-43.1949433945	24.7874466005	1.99706701077	38.6273980843	-4530.90009427
-43.191851344	24.7909593507	2.49633428397	38.6286942768	-4524.93507999
-43.1887591183	24.7944720373	2.9956017654	38.6299907148	-4515.74578934
-43.1856667176	24.7979846603	3.49486945509	38.6312873985	-4516.36931114
-43.1825741416	24.8014972198	3.99413735306	38.6325843276	-4511.11106614
-43.1794813904	24.8050097158	4.49340545932	38.6338815023	-4498.48552272
-43.1763884639	24.8085221482	4.99267377389	38.6351789227	-4469.20457745
-43.1732953622	24.8120345169	5.49194229678	38.6364765887	-4414.36865187
-43.1702020851	24.8155468221	5.99121102803	38.6377745004	-4346.15004118
-43.1671086327	24.8190590637	6.49047996763	38.6390726577	-4281.25794116
-43.1640150049	24.8225712416	6.98974911563	38.6403710607	-4247.24175827
-43.1609212016	24.8260833558	7.48901847202	38.6416697095	-4208.89797515
-43.1578272228	24.8295954065	7.98828803683	38.6429686042	-4199.41033454
-43.1547330686	24.8331073934	8.48755781008	38.6442677444	-4207.98127835
-43.1516387388	24.8366193166	8.98682779178	38.6455671306	-4227.62745107
-43.1485442335	24.8401311761	9.48609798196	38.6468667626	-4237.01251893
-43.1454495525	24.843642972	9.98536838063	38.6481666407	-4229.72511506
-43.1423546959	24.847154704	10.4846389878	38.6494667642	-4210.82725059
-43.1392596636	24.8506663724	10.9839098035	38.6507671342	-4168.82278349
-43.1361644556	24.854177977	11.4831808278	38.6520677498	-4155.35188808
-43.1330690719	24.8576895178	11.9824520606	38.6533686114	-4133.63949737
-43.1299735123	24.8612009948	12.481723502	38.6546697191	-4106.28849562
-43.126877777	24.864712408	12.980995152	38.6559710728	-4106.77759252
-43.1237818658	24.8682237574	13.4802670106	38.6572726726	-4098.71827649
-43.1206857787	24.8717350429	13.9795390778	38.6585745184	-4080.1850781
-43.1175895157	24.8752462647	14.4788113537	38.6598766103	-4081.55246909
-43.1144930767	24.8787574225	14.9780838383	38.6611789484	-4085.1035527
-43.1113964617	24.8822685165	15.4773565316	38.6624815327	-4094.96004255
-43.1082996707	24.8857795467	15.9766294335	38.663784363	-4107.67127981
-43.1052027037	24.8892905129	16.4759025442	38.6650874397	-4143.29267079
-43.1021055605	24.8928014152	16.9751758637	38.6663907626	-4216.82468358
-43.0990082412	24.8963122535	17.4744493919	38.6676943317	-4240.49262962
-43.0959107458	24.899823028	17.9737231289	38.6689981473	-4255.15982093
-43.0928130741	24.9033337385	18.4729970746	38.6703022089	-4213.62451629
-43.0897152262	24.906844385	18.9722712292	38.6716065171	-4173.99135967
-43.086617202	24.9103549675	19.4715455927	38.6729110715	-4172.72233249
-43.0835190015	24.913865486	19.9708201649	38.6742158725	-4127.90344948
-43.0804206247	24.9173759406	20.4700949461	38.6755209198	-4034.7684645
-43.0773220715	24.9208863311	20.9693699361	38.6768262134	-3933.58393171
-43.0742233418	24.9243966575	21.4686451351	38.6781317538	-3928.44442654
-43.0711244358	24.92790692	21.9679205429	38.6794375405	-3939.2770643
-43.0680253532	24.9314171183	22.4671961597	38.6807435738	-3955.67430392
-43.0649260941	24.9349272526	22.9664719855	38.6820498536	-3984.08467739
-43.0618266585	24.9384373227	23.4657480202	38.6833563799	-3983.64578374
-43.0587270462	24.9419473288	23.965024264	38.6846631531	-3981.9799843
-43.0556272574	24.9454572708	24.4643007167	38.6859701727	-3990.98430692
-43.0525272919	24.9489671486	24.9635773785	38.6872774389	-4047.66212559
