-24.9633847476 0.891727
-24.4641221555 0.914493
-23.9648593554 0.900956
-23.4655963473 0.867728
-22.9663331311 0.879301
-22.467069707 0.906239
-21.9678060748 0.924729
-21.4685422345 0.945314
-20.969278186 0.991586
-20.4700139295 1.08518
-19.9707494649 1.13267
-19.4714847921 1.15883
-18.9722199111 1.17214
-18.4729548219 1.17069
-17.9736895245 1.17956
-17.4744240189 1.20261
-16.9751583051 1.25394
-16.475892383 1.29613
-15.9766262526 1.31826
-15.4773599139 1.31185
-14.9780933669 1.31908
-14.4788266116 1.31679
-13.9795596479 1.29068
-13.4802924758 1.26574
-12.9810250954 1.22902
-12.4817575065 1.09931
-11.9824897093 0.938523
-11.4832217035 0.80105
-10.9839534894 0.699838
-10.4846850667 0.581291
-9.98541643553 0.500426
-9.48614759585 0.478317
-8.98687854764 0.440747
-8.48760929088 0.400571
-7.98833982555 0.347689
-7.48907015163 0.218111
-6.9898002691 0.117067
-6.49053017795 0.0543554
-5.99125987816 0.0280983
-5.49198936971 0.0259552
-4.99271865258 0.0136898
-4.49344772675 0.0107756
-3.99417659221 0.00556987
-3.49490524894 0
-2.99563369691 0.00563654
-2.49636193612 0.00773715
-1.99708996654 0.0153253
-1.49781778816 0.0449296
-0.998545400951 0.0894798
-0.499272804904 0.149891
0 0.208682
0.499273013782 0.249285
0.998546236458 0.28431
1.49781966805 0.324412
1.99709330856 0.297004
2.49636715803 0.24246
2.99564121647 0.212052
3.49491548388 0.205908
3.9941899603 0.218539
4.49346464574 0.256719
4.99273954022 0.343144
5.49201464376 0.407809
5.99128995637 0.450562
6.49056547807 0.489805
6.98984120888 0.516747
7.48911714882 0.535745
7.9883932979 0.57653
8.48766965615 0.62357
8.98694622358 0.668374
9.48622300021 0.717403
9.98549998606 0.772341
10.4847771811 0.818771
10.9840545855 0.847691
11.4833321991 0.878584
11.982610022 0.912061
12.4818880542 0.931433
12.9811662957 0.935925
13.4804447466 0.941684
13.9797234068 0.970823
14.4790022764 0.952207
14.9782813554 0.946002
15.4775606438 0.959202
15.9768401417 0.966393
16.476119849 0.980313
16.9753997657 1.00266
17.474679892 1.02371
17.9739602278 1.03705
18.473240773 1.05641
18.9725215278 1.08556
19.4718024922 1.11762
19.9710836662 1.15588
20.4703650497 1.21236
20.9696466428 1.2765
21.4689284456 1.31106
21.968210458 1.32335
22.4674926801 1.31637
22.9667751119 1.32093
23.4660577534 1.30031
23.9653406045 1.28722
24.4646236654 1.27648
24.9639069361 1.27424
