-24.9500854007 1.34604
-24.4510895212 1.32692
-23.9520934043 1.33509
-23.4530970498 1.35869
-22.9541004577 1.37746
-22.4551036281 1.40864
-21.9561065609 1.44477
-21.4571092561 1.42539
-20.9581117136 1.40933
-20.4591139334 1.38242
-19.9601159155 1.32398
-19.4611176599 1.17303
-18.9621191665 0.977347
-18.4631204354 0.799426
-17.9641214664 0.696543
-17.4651222597 0.616452
-16.966122815 0.542761
-16.4671231325 0.456506
-15.9681232121 0.359474
-15.4691230538 0.261937
-14.9701226575 0.180916
-14.4711220233 0.12114
-13.972121151 0.0974422
-13.4731200408 0.0773246
-12.9741186924 0.0689449
-12.475117106 0.0625544
-11.9761152815 0.053207
-11.4771132189 0.0355503
-10.9781109182 0.0174946
-10.4791083792 0.021262
-9.98010560208 0.0334353
-9.48110258672 0.0497277
-8.98209933311 0.0641824
-8.48309584124 0.085988
-7.98409211106 0.128393
-7.48508814257 0.150771
-6.98608393573 0.155544
-6.48707949052 0.158792
-5.98807480692 0.165397
-5.4890698849 0.188109
-4.99006472444 0.19667
-4.49105932551 0.192874
-3.99205368808 0.190934
-3.49304781214 0.167714
-2.99404169766 0.127463
-2.49503534461 0.0692185
-1.99602875296 0.0151483
-1.49702192271 0.00618788
-0.998014853812 0
-0.49900754625 0.0024432
0 0.00772218
0.499007784964 0.0108179
0.998015808666 0.0195584
1.49702407113 0.0224411
1.99603257238 0.0187181
2.49504131245 0.0127731
2.99405029135 0.00449362
3.49305950911 0.0058915
3.99206896575 0.0146348
4.49107866131 0.0279681
4.9900885958 0.044654
5.48909876925 0.0764084
5.98810918168 0.12308
6.48711983312 0.159368
6.98613072359 0.198112
7.48514185312 0.244268
7.98415322173 0.295822
8.48316482944 0.304542
8.98217667628 0.345683
9.48118876228 0.456537
9.98020108746 0.571586
10.4792136518 0.642926
10.9782264554 0.689521
11.4772394983 0.712827
11.9762527804 0.71773
12.4752663019 0.749778
12.9742800626 0.780867
13.4732940628 0.809365
13.9723083022 0.860632
14.4713227811 0.938045
14.9703374994 1.00286
15.4693524572 1.04404
15.9683676544 1.04761
16.4673830911 1.01607
16.9663987674 0.994914
17.4654146832 1.02303
17.9644308385 1.06918
18.4634472335 1.11008
18.962463868 1.14729
19.4614807422 1.17392
19.9604978561 1.19941
20.4595152097 1.20962
20.9585328029 1.19708
21.4575506359 1.18643
21.9565687087 1.17739
22.4555870213 1.14457
22.9546055737 1.08408
23.4536243659 1.05152
23.952643398 1.04344
24.4516626699 1.04279
24.9506821818 1.01211
