-24.9500983516 1.65691
-24.4511022151 1.64755
-23.9521058409 1.65709
-23.4531092291 1.66006
-22.9541123797 1.63758
-22.4551152926 1.61158
-21.9561179678 1.57315
-21.4571204054 1.51563
-20.9581226052 1.45392
-20.4591245673 1.40757
-19.9601262915 1.34349
-19.461127778 1.25501
-18.9621290267 1.13863
-18.4631300374 1.00514
-17.9641308104 0.893257
-17.4651313454 0.802739
-16.9661316425 0.771718
-16.4671317016 0.743222
-15.9681315227 0.692459
-15.4691311059 0.615631
-14.970130451 0.5201
-14.4711295581 0.439231
-13.9721284271 0.38317
-13.473127058 0.335555
-12.9741254507 0.290112
-12.4751236054 0.240223
-11.9761215218 0.2025
-11.4771192001 0.205863
-10.9781166401 0.218819
-10.4791138419 0.241333
-9.98011080535 0.273452
-9.48110753055 0.299797
-8.98210401743 0.291831
-8.48310026596 0.290913
-7.98409627612 0.305047
-7.48509204788 0.345631
-6.98608758122 0.402165
-6.48708287612 0.451447
-5.98807793254 0.436082
-5.48907275047 0.377548
-4.99006732988 0.341902
-4.49106167075 0.328965
-3.99205577305 0.303909
-3.49304963675 0.295157
-2.99404326184 0.267583
-2.49503664828 0.213938
-1.99602979606 0.164008
-1.49702270514 0.122328
-0.99801537551 0.090355
-0.499007807137 0.0701224
0 0.0688014
0.499008045928 0.0571745
0.998016330669 0.0464082
1.49702485425 0.0234168
1.99603361669 0.0159064
2.49504261803 0.01185
2.99405185827 0
3.49306133745 0.0242384
3.99207105559 0.0456817
4.49108101272 0.0529111
4.99009120886 0.071864
5.48910164403 0.0762019
5.98811231826 0.0989686
6.48712323158 0.130126
6.986134384 0.197386
7.48514577556 0.212002
7.98415740627 0.212497
8.48316927617 0.302947
8.98218138527 0.439343
9.4811937336 0.588986
9.98020632119 0.682966
10.4792191481 0.751644
10.9782322142 0.779071
11.4772455197 0.770983
11.9762590646 0.762182
12.4752728488 0.765539
12.9742868724 0.79146
13.4733011355 0.856182
13.972315638 0.942064
14.47133038 1.03656
14.9703453614 1.14561
15.4693605824 1.24236
15.968376043 1.28907
16.4673917431 1.29076
16.9664076828 1.29843
17.4654238621 1.31876
17.9644402811 1.37491
18.4634569398 1.4409
18.9624738381 1.48847
19.4614909762 1.53168
19.9605083539 1.52802
20.4595259715 1.542
20.9585438289 1.51702
21.457561926 1.52883
21.956580263 1.54872
22.4555988399 1.58866
22.9546176567 1.60141
23.4536367134 1.59372
23.95265601 1.5684
24.4516755465 1.52079
24.9506953231 1.51811
