-24.9601331175 1.46056
-24.4609357752 1.4237
-23.961738216 1.37427
-23.46254044 1.29058
-22.9633424471 1.27803
-22.4641442373 1.26836
-21.9649458106 1.23245
-21.465747167 1.12169
-20.9665483064 1.01195
-20.4673492289 0.925766
-19.9681499344 0.826381
-19.4689504229 0.728457
-18.9697506944 0.642075
-18.4705507488 0.515235
-17.9713505861 0.351203
-17.4721502064 0.217939
-16.9729496096 0.108697
-16.4737487956 0.0570902
-15.9745477645 0.0368652
-15.4753465163 0.0361739
-14.9761450508 0.0383687
-14.4769433682 0.0310241
-13.9777414683 0.0159789
-13.4785393512 0
-12.9793370169 0.016039
-12.4801344652 0.0574327
-11.9809316963 0.123023
-11.48172871 0.164717
-10.9825255064 0.203212
-10.4833220854 0.243683
-9.98411844706 0.271579
-9.48491459131 0.279215
-8.98571051814 0.259016
-8.48650622754 0.217937
-7.98730171947 0.186506
-7.48809699392 0.207916
-6.98889205088 0.253097
-6.48968689032 0.299027
-5.99048151222 0.316108
-5.49127591657 0.311525
-4.99207010334 0.296237
-4.49286407251 0.273785
-3.99365782407 0.257745
-3.49445135799 0.248721
-2.99524467426 0.245104
-2.49603777285 0.243338
-1.99683065375 0.229734
-1.49762331693 0.221278
-0.998415762379 0.213906
-0.499207990076 0.197684
0 0.185624
0.499208207868 0.177492
0.998416633548 0.186561
1.49762527706 0.213064
1.99683413842 0.223594
2.49604321766 0.245191
2.99525251478 0.269724
3.49446202981 0.323179
3.99367176278 0.380386
4.49288171369 0.427278
4.99209188257 0.465453
5.49130226944 0.504188
5.99051287432 0.53712
6.48972369722 0.568932
6.98893473817 0.602511
7.48814599718 0.61525
7.98735747429 0.618619
8.48656916949 0.618562
8.98578108282 0.623381
9.4849932143 0.647961
9.98420556394 0.673191
10.4834181318 0.683531
10.9826309178 0.719613
11.481843922 0.727362
11.9810571445 0.711053
12.4802705853 0.66957
12.9794842443 0.643054
13.4786981216 0.624591
13.9779122173 0.60652
14.4771265313 0.596564
14.9763410636 0.606702
15.4755558143 0.620269
15.9747707835 0.632138
16.473985971 0.628102
16.973201377 0.630149
17.4724170014 0.643409
17.9716328443 0.665084
18.4708489057 0.677371
18.9700651856 0.687169
19.4692816841 0.71609
19.9684984011 0.797368
20.4677153366 0.860201
20.9669324908 0.92189
21.4661498636 0.96526
21.965367455 0.998997
22.464585265 1.05625
22.9638032937 1.09775
23.4630215411 1.13574
23.9622400072 1.19574
24.4614586921 1.21372
24.9606775957 1.20905
