-24.9579289817 1.10332
-24.4587758587 1.10052
-23.9596225133 1.10148
-23.4604689455 1.11482
-22.9613151552 1.10686
-22.4621611425 1.09843
-21.9630069073 1.08303
-21.4638524497 1.08631
-20.9646977695 1.1076
-20.4655428668 1.09822
-19.9663877415 1.07106
-19.4672323937 0.999974
-18.9680768233 0.941832
-18.4689210303 0.81979
-17.9697650146 0.7145
-17.4706087763 0.6111
-16.9714523153 0.505118
-16.4722956316 0.459654
-15.9731387252 0.425863
-15.473981596 0.396531
-14.9748242441 0.354991
-14.4756666694 0.245716
-13.9765088719 0.154807
-13.4773508516 0.0988099
-12.9781926084 0.0745505
-12.4790341424 0.0500801
-11.9798754535 0.0307369
-11.4807165417 0.019935
-10.9815574069 0.00927216
-10.4823980492 0.00843788
-9.98323846857 0.00677019
-9.48407866492 0.00783438
-8.98491863826 0.0149932
-8.48575838857 0.0180193
-7.98659791583 0.0148343
-7.48743722001 0.0133382
-6.9882763011 0.0110621
-6.48911515908 0.00973638
-5.98995379392 0.0100425
-5.49079220561 0.00741974
-4.99163039412 0.000833314
-4.49246835944 0
-3.99330610154 0.00252188
-3.49414362039 0.00985837
-2.994980916 0.0234649
-2.49581798832 0.0527074
-1.99665483734 0.0772692
-1.49749146303 0.0915935
-0.998327865393 0.107185
-0.499164044388 0.108854
0 0.110885
0.499164267791 0.132061
0.998328759008 0.138706
1.49749347367 0.135153
1.9966584118 0.12935
2.49582357341 0.107588
2.99498895853 0.0987208
3.49415456718 0.0965463
3.99332039938 0.0877821
4.49248645514 0.0842784
4.9916527345 0.0849497
5.49081923746 0.0859913
5.98998596406 0.0857929
6.48915291431 0.0862147
6.98832008823 0.0876993
7.48748748584 0.096356
7.98665510717 0.12223
8.48582295223 0.134321
8.98499102105 0.142605
9.48415931363 0.144457
9.98332783002 0.172665
10.4824965702 0.196266
10.9816655343 0.242021
11.4808347222 0.311214
11.9800041339 0.368361
12.4791737696 0.408809
12.9783436292 0.433967
13.4775137127 0.460379
13.9766840202 0.462188
14.4758545517 0.471485
14.9750253072 0.491342
15.4741962867 0.531613
15.9733674902 0.596986
16.4725389178 0.641923
16.9717105695 0.701109
17.4708824453 0.759952
17.9700545452 0.810962
18.4692268692 0.847651
18.9683994174 0.888098
19.4675721898 0.926625
19.9667451865 0.960649
20.4659184073 0.987184
20.9650918524 1.00225
21.4642655217 1.00707
21.9634394154 1.00714
22.4626135333 1.01493
22.9617878756 1.03146
23.4609624422 1.05948
23.9601372332 1.08302
24.4593122486 1.09381
24.9584874884 1.11737
