0.405601
0.433539
0.459284
0.487322
0.513292
0.537292
0.563361
0.588878
0.610767
0.629496
0.643421
0.659018
0.676339
0.684489
0.692118
0.697437
0.69808
0.696094
0.688384
0.682789
0.668792
0.653541
0.640095
0.623412
0.602209
0.575992
0.54638
0.51837
0.490406
0.457783
0.424756
0.391144
0.356297
0.320026
0.282823
0.24935
0.217095
0.184938
0.154387
0.128278
0.105497
0.0839604
0.0645661
0.0482877
0.0338992
0.0218446
0.012981
0.0056435
0.00180076
0
0.00144962
0.00383747
0.00945077
0.0164752
0.025726
0.0362291
0.0471191
0.0604075
0.0730224
0.0877527
0.102916
0.119289
0.135894
0.1557
0.175007
0.195704
0.215349
0.234475
0.254144
0.272863
0.291089
0.308593
0.325571
0.341476
0.357737
0.372282
0.385679
0.398022
0.408934
0.418168
0.426403
0.43388
0.440577
0.446236
0.451361
0.454651
0.45831
0.460698
0.463369
0.465955
0.467621
0.469235
0.470259
0.471111
0.471233
0.470421
0.468165
0.464289
0.458423
0.449752
0.438388
