-24.9302088678 0.850664
-24.4316113006 0.876934
-23.9330134642 0.887291
-23.4344153585 0.881442
-22.9358169835 0.904882
-22.4372183392 0.926615
-21.9386194254 0.956403
-21.4400202422 0.990496
-20.9414207896 1.02693
-20.4428210674 1.03387
-19.9442210758 1.01243
-19.4456208145 0.988311
-18.9470202837 0.95657
-18.4484194833 0.926831
-17.9498184131 0.906428
-17.4512170733 0.874022
-16.9526154637 0.840784
-16.4540135844 0.808803
-15.9554114353 0.78188
-15.4568090163 0.751061
-14.9582063275 0.740207
-14.4596033687 0.756952
-13.96100014 0.78001
-13.4623966413 0.78716
-12.9637928726 0.755354
-12.4651888339 0.711631
-11.9665845251 0.653697
-11.4679799462 0.58871
-10.9693750971 0.553071
-10.4707699778 0.514371
-9.97216458836 0.489784
-9.47355892863 0.465712
-8.97495299861 0.462758
-8.47634679827 0.459303
-7.97774032757 0.461764
-7.47913358649 0.467337
-6.98052657498 0.484135
-6.48191929301 0.526685
-5.98331174054 0.582993
-5.48470391755 0.61074
-4.986095824 0.597543
-4.48748745985 0.555697
-3.98887882507 0.492902
-3.49026991962 0.445179
-2.99166074348 0.388961
-2.4930512966 0.339867
-1.99444157895 0.314341
-1.49583159051 0.27302
-0.99722133122 0.210488
-0.498610801062 0.141681
0 0.108332
0.498611072002 0.0796355
0.997222414978 0.0645656
1.49583402896 0.0532569
1.99444591399 0.0226585
2.49305807009 0
2.99167049731 0.0477002
3.49028319567 0.200227
3.98889616521 0.370126
4.48750940596 0.492273
4.98612291796 0.470344
5.48473670125 0.46689
5.98335075585 0.55512
6.4819650818 0.622733
6.98057967913 0.673285
7.47919454789 0.773691
7.97780968809 0.902974
8.47642509979 1.00227
8.97504078301 1.05935
9.47365673778 1.09875
9.97227296414 1.14075
10.4708894621 1.2432
10.9695062318 1.28686
11.4681232731 1.30037
11.9667405862 1.2636
12.465358171 1.24107
12.9639760276 1.22458
13.4625941561 1.21418
13.9612125564 1.20077
14.4598312286 1.17941
14.9584501727 1.16594
15.4570693888 1.15821
15.9556888769 1.15269
16.4543086371 1.14159
16.9529286693 1.12609
17.4515489736 1.10914
17.95016955 1.10167
18.4487903987 1.11472
18.9474115195 1.12242
19.4460329125 1.11385
19.9446545779 1.09348
20.4432765155 1.07411
20.9418987255 1.05378
21.4405212078 1.05128
21.9391439626 1.06291
22.4377669898 1.09237
22.9363902894 1.11289
23.4350138616 1.14405
23.9336377063 1.17529
24.4322618236 1.21844
24.9308862136 1.27701
