-45.6825766186	25.3697222532	-24.9295692801	357.871526942	-2677.97041723
-45.6827614554	25.3742157537	-24.4309845396	357.871526942	-2736.50682684
-45.682946306	25.3787092539	-23.9323995285	357.871447741	-2806.62358006
-45.6831311703	25.3832027539	-23.4338142467	357.871368521	-2880.42881543
-45.6833160484	25.3876962537	-22.9352286941	357.871289281	-2950.05542385
-45.6835009402	25.3921897532	-22.4366428708	357.871210023	-3010.5087121
-45.6836858458	25.3966832525	-21.9380567766	357.871130746	-3064.49476437
-45.6838707651	25.4011767516	-21.4394704116	357.871051449	-3112.46573468
-45.6840556983	25.4056702505	-20.9408837757	357.870972134	-3154.91749096
-45.6842406452	25.4101637491	-20.4422968689	357.8708928	-3189.83817655
-45.6844256059	25.4146572474	-19.9437096912	357.870813447	-3212.05216856
-45.6846105804	25.4191507456	-19.4451222424	357.870734074	-3216.25604932
-45.6847955687	25.4236442435	-18.9465345226	357.870654683	-3218.49164748
-45.6849805707	25.4281377412	-18.4479465318	357.870575273	-3231.95782947
-45.6851655866	25.4326312387	-17.9493582699	357.870495843	-3247.18497037
-45.6853506162	25.4371247359	-17.4507697369	357.870416395	-3276.84220827
-45.6855356597	25.4416182329	-16.9521809327	357.870336927	-3316.59235313
-45.685720717	25.4461117296	-16.4535918573	357.870257441	-3353.38255488
-45.6859057881	25.4506052262	-15.9550025106	357.870177935	-3384.96742745
-45.686090873	25.4550987224	-15.4564128927	357.870098411	-3395.78734713
-45.6862759717	25.4595922185	-14.9578230035	357.870018867	-3392.95681138
-45.6864610842	25.4640857143	-14.459232843	357.869939304	-3384.57668388
-45.6866462106	25.4685792099	-13.9606424111	357.869859723	-3376.72808506
-45.6868313508	25.4730727053	-13.4620517077	357.869780122	-3391.50860235
-45.6870165049	25.4775662004	-12.963460733	357.869700502	-3415.75962021
-45.6872016727	25.4820596953	-12.4648694868	357.869620863	-3446.82592872
-45.6873868545	25.48655319	-11.966277969	357.869541205	-3491.08172556
-45.68757205	25.4910466845	-11.4676861797	357.869461528	-3554.48460343
-45.6877572595	25.4955401787	-10.9690941189	357.869381832	-3600.85921792
-45.6879424827	25.5000336726	-10.4705017864	357.869302117	-3618.09499611
-45.6881277199	25.5045271664	-9.97190918227	357.869222383	-3632.33305124
-45.6883129708	25.5090206599	-9.47331630646	357.86914263	-3645.5902858
-45.6884982357	25.5135141531	-8.97472315893	357.869062857	-3650.54597137
-45.6886835144	25.5180076462	-8.47612973965	357.868983066	-3649.89464195
-45.688868807	25.522501139	-7.97753604858	357.868903255	-3687.77072058
-45.6890541135	25.5269946316	-7.47894208568	357.868823426	-3726.61507824
-45.6892394339	25.5314881239	-6.98034785093	357.868743577	-3763.97543108
-45.6894247681	25.535981616	-6.48175334429	357.868663709	-3772.96131219
-45.6896101162	25.5404751079	-5.98315856572	357.868583822	-3770.39339532
-45.6897954783	25.5449685995	-5.48456351519	357.868503916	-3798.17878141
-45.6899808542	25.5494620909	-4.98596819267	357.868423991	-3859.14086971
-45.690166244	25.5539555821	-4.48737259811	357.868344047	-3872.2380659
-45.6903516477	25.5584490731	-3.98877673149	357.868264083	-3886.97389716
-45.6905370654	25.5629425638	-3.49018059276	357.868184101	-3861.40441667
-45.6907224969	25.5674360543	-2.99158418191	357.868104099	-3806.74281539
-45.6909079424	25.5719295445	-2.49298749888	357.868024079	-3787.08312186
-45.6910934018	25.5764230345	-1.99439054365	357.867944039	-3785.27227986
-45.6912788751	25.5809165243	-1.49579331618	357.86786398	-3813.1227753
-45.6914643623	25.5854100138	-0.997195816442	357.867783902	-3866.17626898
-45.6916498635	25.5899035031	-0.498598044392	357.867703805	-3902.76956607
-45.6918353786	25.5943969922	0	357.867623688	-3928.345376
-45.6920209076	25.598890481	0.498598316769	357.867543553	-3938.74518577
-45.6922064506	25.6033839696	0.99719690595	357.867463398	-3937.76014221
-45.6923920075	25.607877458	1.49579576758	357.867383224	-3918.91157577
-45.6925775784	25.6123709461	1.99439490168	357.867303031	-3927.26865067
-45.6927631632	25.616864434	2.49299430831	357.867222819	-3966.87182311
-45.692948762	25.6213579217	2.99159398748	357.867142588	-3990.16180235
-45.6931343747	25.6258514091	3.49019393924	357.867062337	-3999.08634387
-45.6933200014	25.6303448963	3.98879416362	357.866982068	-4025.58540464
-45.6935056421	25.6348383833	4.48739466065	357.866901779	-4048.19312733
-45.6936912968	25.63933187	4.98599543036	357.866821471	-4043.00375299
-45.6938769654	25.6438253565	5.48459647281	357.866741144	-3902.83618367
-45.694062648	25.6483188428	5.983197788	357.866660798	-3707.27235059
-45.6942483446	25.6528123288	6.48179937599	357.866580432	-3468.52679996
-45.6944340552	25.6573058146	6.98040123681	357.866500048	-3250.98254576
-45.6946197798	25.6617993002	7.47900337049	357.866419644	-3085.4877668
-45.6948055184	25.6662927855	7.97760577706	357.866339221	-2937.58862282
-45.694991271	25.6707862706	8.47620845656	357.866258779	-2802.3749022
-45.6951770375	25.6752797554	8.97481140903	357.866178317	-2684.1770791
-45.6953628181	25.67977324	9.4734146345	357.866097837	-2573.91975155
-45.6955486127	25.6842667244	9.972018133	357.866017337	-2472.63651592
-45.6957344213	25.6887602085	10.4706219046	357.865936818	-2367.40112902
-45.695920244	25.6932536924	10.9692259492	357.86585628	-2262.38522797
-45.6961060807	25.6977471761	11.467830267	357.865775723	-2213.0521937
-45.6962919313	25.7022406596	11.966434858	357.865695146	-2185.7572166
-45.6964777961	25.7067341428	12.4650397222	357.86561455	-2187.42178224
-45.6966636748	25.7112276257	12.9636448596	357.865533935	-2203.32466034
-45.6968495676	25.7157211085	13.4622502703	357.865453301	-2239.44658675
-45.6970354745	25.720214591	13.9608559543	357.865372647	-2283.56337227
-45.6972213953	25.7247080732	14.4594619117	357.865291975	-2328.08372915
-45.6974073303	25.7292015552	14.9580681424	357.865211283	-2368.86901794
-45.6975932793	25.733695037	15.4566746465	357.865130572	-2407.49749577
-45.6977792423	25.7381885186	15.9552814241	357.865049841	-2450.84047008
-45.6979652194	25.7426819999	16.4538884752	357.864969091	-2496.51812204
-45.6981512106	25.747175481	16.9524957998	357.864888322	-2539.19247703
-45.6983372159	25.7516689618	17.4511033979	357.864807534	-2574.07176881
-45.6985232352	25.7561624424	17.9497112696	357.864726727	-2613.89419464
-45.6987092686	25.7606559228	18.448319415	357.8646459	-2656.94499008
-45.6988953161	25.7651494029	18.9469278339	357.864565054	-2698.14277189
-45.6990813776	25.7696428828	19.4455365266	357.864484189	-2756.06024155
-45.6992674533	25.7741363625	19.944145493	357.864403305	-2824.47241314
-45.699453543	25.7786298419	20.4427547332	357.864322401	-2907.5316436
-45.6996396469	25.7831233211	20.9413642471	357.864241478	-3002.16741113
-45.6998257648	25.7876168	21.4399740349	357.864160536	-3071.8004421
-45.7000118969	25.7921102787	21.9385840965	357.864079574	-3114.57243088
-45.7001980431	25.7966037572	22.437194432	357.863998593	-3140.18965473
-45.7003842033	25.8010972355	22.9358050415	357.863917593	-3164.15051493
-45.7005703777	25.8055907135	23.4344159249	357.863836574	-3191.57244632
-45.7007565662	25.8100841912	23.9330270823	357.863755535	-3202.02163611
-45.7009427689	25.8145776687	24.4316385137	357.863674477	-3220.34451765
-45.7011289857	25.819071146	24.9302502192	357.8635934	-3244.5928588
