-24.9295615953 0.831226
-24.4309770002 0.808184
-23.9323921348 0.792168
-23.433806999 0.772192
-22.9352215929 0.742133
-22.4366359162 0.706242
-21.9380499691 0.677015
-21.4394637515 0.677358
-20.9408772634 0.690102
-20.4422905047 0.704011
-19.9437034753 0.717947
-19.4451161753 0.717952
-18.9465286047 0.710925
-18.4479407633 0.709549
-17.9493526512 0.708419
-17.4507642682 0.694775
-16.9521756145 0.670851
-16.4535866899 0.653699
-15.9549974944 0.652516
-15.456408028 0.633861
-14.9578182906 0.614958
-14.4592282822 0.612378
-13.9606380028 0.586592
-13.4620474524 0.562917
-12.9634566308 0.55954
-12.4648655381 0.548539
-11.9662741742 0.503907
-11.4676825391 0.472639
-10.9690906328 0.461331
-10.4704984552 0.436559
-9.97190600631 0.40199
-9.47331328607 0.371997
-8.97472029445 0.345722
-8.47612703141 0.317991
-7.97753349693 0.294834
-7.47893969096 0.267639
-6.98034561348 0.240028
-6.48175126444 0.231934
-5.98315664382 0.252926
-5.48456175158 0.266196
-4.98596658768 0.278401
-4.48737115209 0.280885
-3.98877544478 0.250065
-3.4901794657 0.245932
-2.99158321483 0.268569
-2.49298669214 0.295929
-1.99438989758 0.330034
-1.49579283112 0.328878
-0.997195492724 0.302426
-0.498597882363 0.263836
0 0.192094
0.498598154399 0.125278
0.99719658087 0.0789773
1.49579527945 0.0592366
1.99439425017 0.0677985
2.49299349306 0.0559223
2.99159300816 0.0273795
3.49019279551 0.0209033
3.98879285514 0.016753
4.48739318708 0.004333
4.98599379136 0
5.48459466803 0.102739
5.98319581712 0.253487
6.48179723866 0.45186
6.98039893269 0.677502
7.47900089923 0.918973
7.97760313834 1.14929
8.47620565003 1.29711
8.97480843434 1.3356
9.47341149132 1.3781
9.97201482098 1.43624
10.4706184234 1.46484
10.9692222985 1.47578
11.4678264465 1.46512
11.9664308673 1.42519
12.4650355609 1.41604
12.9636405275 1.41376
13.462245767 1.41686
13.9608512794 1.39673
14.4594570649 1.36766
14.9580631234 1.33598
15.4566694549 1.30185
15.9552760596 1.27105
16.4538829374 1.26161
16.9524900884 1.24955
17.4510975126 1.23163
17.9497052101 1.20083
18.4483131808 1.14628
18.9469214248 1.08928
19.4455299422 1.06449
19.944138733 1.04441
20.4427477971 1.03776
20.9413571348 1.01947
21.4399667459 0.981786
21.9385766305 0.936647
22.4371867887 0.898297
22.9357972205 0.850307
23.4344079259 0.800054
23.9330189049 0.746683
24.4316301577 0.719929
24.9302416841 0.717899
