-24.9294871894 1.06656
-24.4309040857 1.05639
-23.9323207116 1.04203
-23.433737067 1.02097
-22.9351531518 0.996768
-22.4365689661 0.971443
-21.9379845098 0.954416
-21.4393997828 0.951336
-20.9408147851 0.951204
-20.4422295167 0.943102
-19.9436439776 0.945333
-19.4450581677 0.951842
-18.946472087 0.971195
-18.4478857354 1.04198
-17.949299113 1.08734
-17.4507122196 1.01933
-16.9521250553 0.920516
-16.4535376199 0.858346
-15.9549499136 0.850569
-15.4563619362 0.850294
-14.9577736876 0.86826
-14.459185168 0.891321
-13.9605963772 0.898941
-13.4620073152 0.921533
-12.9634179819 0.961164
-12.4648283774 0.949144
-11.9662385016 0.927503
-11.4676483544 0.878408
-10.9690579359 0.830086
-10.470467246 0.753576
-9.97187628457 0.699459
-9.4732850517 0.694588
-8.97469354732 0.709638
-8.47610177139 0.72629
-7.97750972388 0.723832
-7.47891740475 0.698451
-6.98032481396 0.669726
-6.48173195149 0.62611
-5.9831388173 0.582034
-5.48454541135 0.540482
-4.9859517336 0.466187
-4.48735778403 0.399596
-3.9887635626 0.371203
-3.49016906928 0.359342
-2.99157430402 0.257382
-2.4929792668 0.176031
-1.99438395758 0.125215
-1.49578837632 0.116017
-0.997192522997 0.085015
-0.498596397568 0.052782
0 0.0283324
0.498596669741 0.0264343
0.99719361169 0.023911
1.49579082588 0.056697
1.99438831235 0.086722
2.49298607113 0.0771024
2.99158410226 0.0670583
3.49018240576 0.0488022
3.98878098169 0.0303249
4.48737983006 0.00820939
4.98597895092 0
5.48457834429 0.0138008
5.98317801022 0.0623954
6.48177794874 0.151853
6.98037815988 0.312422
7.47897864368 0.477006
7.97757940018 0.626854
8.47618042939 0.733479
8.97478173137 0.778089
9.47338330615 0.856006
9.97198515375 0.945771
10.4705872742 1.04338
10.9691896676 1.13539
11.4677923339 1.23149
11.9663952732 1.33228
12.4649984854 1.42489
12.9636019708 1.52732
13.4622057291 1.63994
13.9608097606 1.75405
14.4594140653 1.86394
14.9580186431 1.94436
15.4566234941 1.9673
15.9552286183 1.9658
16.4538340159 1.94635
16.9524396867 1.9195
17.4510456309 1.8999
17.9496518485 1.8662
18.4482583395 1.82542
18.9468651039 1.77079
19.4454721419 1.70435
19.9440794533 1.65623
20.4426870383 1.59689
20.9412948969 1.50537
21.4399030291 1.44088
21.938511435 1.39889
22.4371201145 1.36189
22.9357290678 1.32389
23.4343382949 1.25567
23.9329477957 1.1942
24.4315575704 1.12957
24.9301676189 1.11275
