-24.929500018 0.741368
-24.430916644 0.699561
-23.9323330001 0.667004
-23.4337490863 0.645018
-22.9351649025 0.63613
-22.4365804486 0.62739
-21.9379957247 0.605485
-21.4394107308 0.614993
-20.9408254667 0.640191
-20.4422399325 0.632278
-19.9436541281 0.600387
-19.4450680534 0.537639
-18.9464817086 0.475907
-18.4478950934 0.450543
-17.9493082079 0.440376
-17.450721052 0.436936
-16.9521336258 0.434734
-16.4535459291 0.441073
-15.9549579619 0.445799
-15.4563697243 0.446208
-14.9577812161 0.455491
-14.4591924374 0.468071
-13.960603388 0.478497
-13.462014068 0.472077
-12.9634244774 0.461789
-12.464834616 0.454141
-11.9662444839 0.430612
-11.467654081 0.4184
-10.9690634073 0.380574
-10.4704724627 0.343942
-9.97188124731 0.321075
-9.47328976096 0.310012
-8.97469800366 0.282865
-8.47610597537 0.26115
-7.97751367607 0.236001
-7.4789211057 0.214403
-6.98032826425 0.199173
-6.48173515168 0.214702
-5.98314176794 0.22461
-5.48454811301 0.176509
-4.98595418685 0.130978
-4.48735998942 0.121337
-3.9887655207 0.105233
-3.49017078064 0.0968252
-2.99157576922 0.102928
-2.49298048639 0.110112
-1.99438493212 0.113709
-1.49578910639 0.134702
-0.997193009145 0.171638
-0.49859664036 0.192909
0 0.172058
0.498596911971 0.130428
0.997194095587 0.0979986
1.49579155088 0.0753603
1.9943892779 0.0254817
2.49298727665 0.00238253
2.9915855472 0
3.49018408956 0.00793355
3.98878290378 0.0198197
4.48738198988 0.0418889
4.9859813479 0.0809098
5.48458097788 0.146861
5.98318087986 0.236894
6.48178105385 0.351993
6.98038149991 0.503838
7.47898221807 0.686116
7.97758320835 0.850603
8.4761844708 0.974449
8.97478600544 1.01834
9.47338781232 0.992474
9.97198989146 0.99314
10.4705922429 1.0183
10.9691948667 1.08289
11.4677977629 1.14072
11.9664009314 1.25242
12.4650043724 1.33978
12.9636080859 1.37347
13.4622120719 1.34465
13.9608163304 1.3422
14.4594208615 1.33321
14.9580256652 1.3252
15.4566307416 1.31431
15.9552360906 1.29603
16.4538417124 1.33291
16.9524476069 1.32501
17.4510537742 1.26567
17.9496602143 1.17517
18.4482669273 1.10338
18.9468739131 1.04644
19.4454811719 1.00897
19.9440887036 0.982857
20.4426965084 0.974465
20.9413045861 0.967612
21.4399129369 0.943968
21.9385215608 0.921911
22.4371304579 0.919605
22.9357396281 0.917224
23.4343490714 0.897112
23.9329587881 0.871661
24.431568778 0.853531
24.9301790411 0.854488
