-24.9301899175 1.0418
-24.4315927262 1.02022
-23.9329952659 1.01013
-23.4343975363 0.992335
-22.9357995376 0.969707
-22.4372012696 0.955163
-21.9386027324 0.966636
-21.4400039259 0.966603
-20.9414048501 0.960042
-20.4428055048 0.963527
-19.9442058902 0.9812
-19.4456060062 1.00933
-18.9470058526 1.02022
-18.4484054296 1.0253
-17.949804737 1.08162
-17.4512037749 1.13255
-16.9526025431 1.16841
-16.4540010417 1.18567
-15.9553992707 1.19616
-15.4567972299 1.17707
-14.9581949193 1.14405
-14.459592339 1.08451
-13.9609894889 1.00604
-13.4623863689 0.897568
-12.963782979 0.7812
-12.4651793192 0.729713
-11.9665753895 0.714352
-11.4679711898 0.694472
-10.96936672 0.654833
-10.4707619802 0.60347
-9.9721569703 0.533216
-9.47355169028 0.437799
-8.97494614009 0.353042
-8.4763403197 0.315247
-7.97773422909 0.281474
-7.47912786821 0.241252
-6.98052123703 0.195391
-6.48191433552 0.14168
-5.98330716365 0.0486576
-5.48469972137 0.0367538
-4.98609200866 0.0681934
-4.48748402547 0.07462
-3.98887577179 0.159731
-3.49026724756 0.316278
-2.99165845276 0.430816
-2.49304938735 0.534792
-1.9944400513 0.619261
-1.49583044458 0.543677
-0.997220567141 0.40899
-0.49861041896 0.278852
0 0.241582
0.498610689774 0.206556
0.997221650395 0.160594
1.4958328819 0.0993273
1.99444438432 0.0176149
2.49305615769 0
2.99166820204 0.0175223
3.49028051742 0.0214867
3.98889310385 0.0223514
4.48750596136 0.0204342
4.98611909 0.0178806
5.48473248979 0.0162392
5.98334616077 0.0613779
6.48196010298 0.169525
6.98057431645 0.255016
7.47918880121 0.310821
7.9778035573 0.394101
8.47641858474 0.488474
8.97503388359 0.634401
9.47364945386 0.806285
9.9722652956 0.786398
10.4708814088 0.923786
10.9694977936 1.04821
11.4681144499 1.08876
11.9667313779 1.09223
12.4653485774 1.07233
12.9639660487 1.04514
13.4625837916 1.03087
13.9612018063 1.03844
14.4598200928 1.15588
14.958438651 1.26239
15.4570574811 1.28318
15.9556765831 1.25184
16.4542959569 1.23037
16.9529156028 1.2118
17.4515355206 1.18458
17.9501557104 1.1431
18.4487761722 1.13597
18.9473969061 1.10913
19.4460179122 1.10082
19.9446391904 1.0923
20.4432607407 1.0827
20.9418825633 1.06077
21.4405046581 1.03221
21.9391270252 1.00468
22.4377496646 0.984599
22.9363725764 0.976424
23.4349957606 0.975358
23.9336192172 0.972408
24.4322429462 0.971909
24.9308669477 0.96893
