-24.9294793902 1.36826
-24.4308964412 1.39047
-23.9323132218 1.38297
-23.433729732 1.37189
-22.9351459717 1.36528
-22.4365619409 1.32941
-21.9379776395 1.3016
-21.4393930676 1.29245
-20.940808225 1.26807
-20.4422231117 1.25488
-19.9436377278 1.24529
-19.4450520731 1.21685
-18.9464661477 1.18168
-18.4478799514 1.15213
-17.9492934844 1.12536
-17.4507067464 1.09373
-16.9521197376 1.02588
-16.4535324578 0.991682
-15.954944907 0.955998
-15.4563570852 0.906227
-14.9577689924 0.86716
-14.4591806285 0.815233
-13.9605919935 0.765718
-13.4620030874 0.72668
-12.96341391 0.673431
-12.4648244615 0.623441
-11.9662347417 0.570909
-11.4676447506 0.520941
-10.9690544882 0.497355
-10.4704639544 0.486703
-9.97187314921 0.476081
-9.47328207261 0.460362
-8.97469072456 0.434833
-8.476099105 0.408565
-7.97750721392 0.402798
-7.47891505127 0.39418
-6.98032261702 0.386676
-6.48172991113 0.373838
-5.98313693358 0.369892
-5.48454368432 0.370657
-4.98595016331 0.319009
-4.48735637054 0.278351
-3.98876230596 0.180553
-3.49016796953 0.067618
-2.99157336122 0.0456342
-2.492978481 0.0256115
-1.99438332884 0.0129305
-1.49578790469 0.0110232
-0.997192208522 0
-0.498596240305 0.00269932
0 0.0120006
0.498596512425 0.036077
0.997193297006 0.0977918
1.49579035378 0.184916
1.99438768277 0.324067
2.49298528403 0.436211
2.99158315758 0.409691
3.49018130346 0.345436
3.9887797217 0.345596
4.48737841234 0.35245
4.98597737541 0.353238
5.48457661095 0.352436
5.983176119 0.288715
6.48177589957 0.262462
6.98037595272 0.271244
7.47897627848 0.260605
7.97757687687 0.239666
8.47617774794 0.275485
8.97477889172 0.383226
9.47338030824 0.456708
9.97198199754 0.560529
10.4705839597 0.662708
10.9691861946 0.812044
11.4677887025 0.960302
11.9663914832 1.09862
12.4649945369 1.21407
12.9635978636 1.29094
13.4622014633 1.35088
13.9608053361 1.40523
14.4594094819 1.45163
14.9580139009 1.48225
15.4566185931 1.50152
15.9552235584 1.50192
16.4538287969 1.49603
16.9524343088 1.49135
17.4510400939 1.47605
17.9496461523 1.47433
18.4482524841 1.46593
18.9468590893 1.44518
19.445465968 1.41867
19.9440731201 1.41046
20.4426805457 1.40203
20.9412882448 1.40847
21.4398962175 1.41194
21.9385044638 1.40798
22.4371129838 1.38749
22.9357217774 1.32807
23.4343308447 1.30518
23.9329401858 1.30304
24.4315498007 1.30626
24.9301596893 1.29297
