-24.9295673042 1.46441
-24.4309826029 1.41758
-23.932397631 1.36684
-23.4338123884 1.32163
-22.9352268751 1.28121
-22.436641091 1.2401
-21.9380550361 1.20453
-21.4394687104 1.17401
-20.9408821138 1.14973
-20.4422952462 1.13278
-19.9437081078 1.12621
-19.4451206984 1.13148
-18.946533018 1.15926
-18.4479450665 1.18148
-17.9493568439 1.17872
-17.4507683503 1.10917
-16.9521795855 1.0213
-16.4535905495 0.942298
-15.9550012422 0.923431
-15.4564116638 0.881884
-14.957821814 0.794711
-14.4592316929 0.733015
-13.9606413005 0.697909
-13.4620506367 0.656118
-12.9634597014 0.614354
-12.4648684947 0.591054
-11.9662770165 0.568179
-11.4676852667 0.520878
-10.9690932454 0.485888
-10.4705009525 0.472038
-9.97190838795 0.468548
-9.47331555173 0.458931
-8.9747224438 0.428738
-8.47612906414 0.358767
-7.9775354127 0.280348
-7.47894148945 0.231946
-6.98034729435 0.186481
-6.48175282738 0.167295
-5.9831580885 0.131188
-5.48456307766 0.0869726
-4.98596779485 0.0639356
-4.48737224001 0.018474
-3.98877641312 0
-3.49018031415 0.0488087
-2.99158394306 0.209351
-2.49298729981 0.310459
-1.99439038437 0.319274
-1.4957931967 0.299984
-0.997195736772 0.265211
-0.498598004551 0.215559
0 0.160671
0.498598276915 0.121111
0.997196826228 0.0856092
1.49579564797 0.0672548
1.99439474219 0.0556021
2.4929941089 0.0436479
2.99159374816 0.0466372
3.49019365998 0.0700822
3.98879384441 0.151168
4.48739430148 0.306695
4.98599503123 0.49456
5.48459603368 0.647525
5.98319730888 0.866553
6.48179885686 1.10015
6.98040067765 1.30794
7.47900277129 1.36986
7.97760513781 1.407
8.47620777724 1.48007
8.97481068963 1.62457
9.47341387501 1.7016
9.9720173334 1.73386
10.4706210648 1.74789
10.9692250694 1.73941
11.467829347 1.7309
11.9664338979 1.72733
12.4650387219 1.71131
12.9636438191 1.70498
13.4622491896 1.68203
13.9608548334 1.6668
14.4594607505 1.57431
14.958066941 1.49447
15.4566734049 1.4713
15.9552801422 1.45905
16.453887153 1.46284
16.9524944373 1.46063
17.4511019952 1.44683
17.9497098266 1.42921
18.4483179316 1.43169
18.9469263102 1.416
19.4455349625 1.42573
19.9441438885 1.41755
20.4427530883 1.39516
20.9413625619 1.38106
21.4399723092 1.39615
21.9385823304 1.365
22.4371926255 1.34667
22.9358031945 1.28842
23.4344140375 1.21092
23.9330251544 1.12909
24.4316365453 1.06095
24.9302482103 1.00994
