-24.9297609736 1.0473
-24.4311723702 1.03253
-23.9325834973 1.02388
-23.4339943549 1.01064
-22.935404943 0.99411
-22.4368152614 0.97974
-21.9382253102 0.965466
-21.4396350894 0.940378
-20.9410445989 0.919464
-20.4424538386 0.901705
-19.9438628086 0.885207
-19.4452715088 0.865459
-18.9466799391 0.847242
-18.4480880996 0.830013
-17.9494959901 0.810982
-17.4509036107 0.797823
-16.9523109614 0.790231
-16.453718042 0.788749
-15.9551248526 0.788286
-15.4565313931 0.781709
-14.9579376635 0.777898
-14.4593436637 0.77478
-13.9607493938 0.773149
-13.4621548536 0.781886
-12.9635600432 0.79703
-12.4649649625 0.833374
-11.9663696114 0.885517
-11.4677739901 0.915923
-10.9691780983 0.914884
-10.4705819361 0.90784
-9.97198550342 0.924169
-9.47338880026 0.927985
-8.97479182657 0.913845
-8.47619458232 0.88996
-7.97759706746 0.805384
-7.47899928197 0.716615
-6.98040122582 0.675674
-6.48180289896 0.63306
-5.98320430136 0.5993
-5.48460543298 0.577994
-4.9860062938 0.564338
-4.48740688378 0.539238
-3.98880720288 0.505522
-3.49020725108 0.476653
-2.99160702832 0.47533
-2.49300653459 0.469968
-1.99440576984 0.461003
-1.49580473404 0.370967
-0.997203427155 0.335034
-0.498601849153 0.297732
0 0.248617
0.498602120341 0.149677
0.997204511904 0.0518579
1.49580717472 0.0041697
1.99441010883 0
2.49301331427 0.00362221
2.99161679106 0.0128685
3.49022053925 0.0134693
3.98882455887 0.0197612
4.48742884995 0.0238128
4.98603341253 0.0819924
5.48463824664 0.194563
5.98324335232 0.330571
6.4818487296 0.462444
6.98045437851 0.558637
7.4790602991 0.674333
7.97766649138 0.795147
8.47627295541 0.964332
8.97487969121 1.14004
9.47348669882 1.23968
9.97209397826 1.26363
10.4707015296 1.23493
10.9693093528 1.17907
11.467917448 1.17839
11.9665258152 1.19029
12.4651344543 1.14921
12.9637433656 1.0963
13.4623525489 1.04947
13.9609620043 1.02863
14.4595717319 1.01489
14.9581817316 0.989746
15.4567920036 0.981644
15.9554025478 0.975706
16.4540133643 0.950595
16.9526244532 0.937329
17.4512358144 0.926005
17.949847448 0.903414
18.448459354 0.909815
18.9470715324 0.934415
19.4456839834 0.956969
19.9442967069 1.00014
20.442909703 1.02864
20.9415229716 1.0359
21.4401365129 1.03866
21.9387503269 1.04578
22.4373644135 1.04848
22.9359787729 1.0705
23.434593405 1.08934
23.93320831 1.11842
24.4318234878 1.11425
24.9304389384 1.11937
