-24.929800448 1.01195
-24.4312110678 0.991878
-23.9326214175 0.959067
-23.4340314972 0.916028
-22.9354413069 0.881991
-22.4368508464 0.859164
-21.9382601158 0.841592
-21.439669115 0.840217
-20.941077844 0.847157
-20.4424863027 0.852758
-19.9438944912 0.857765
-19.4453024093 0.875733
-18.9467100571 0.908118
-18.4481174345 0.888472
-17.9495245415 0.824562
-17.450931378 0.753059
-16.952337944 0.700712
-16.4537442396 0.691872
-15.9551502645 0.712349
-15.4565560189 0.719828
-14.9579615026 0.71302
-14.4593667157 0.685383
-13.960771658 0.667574
-13.4621763297 0.652544
-12.9635807305 0.635522
-12.4649848606 0.610406
-11.9663887198 0.591156
-11.4677923082 0.55794
-10.9691956256 0.524243
-10.4705986721 0.490097
-9.97200144764 0.461433
-9.47340395216 0.451719
-8.97480618563 0.437969
-8.47620814803 0.397521
-7.9776098393 0.354768
-7.47901125943 0.328366
-6.98041240838 0.30383
-6.48181328611 0.270434
-5.98321389258 0.221752
-5.48461422777 0.134042
-4.98601429164 0.0733992
-4.48741408415 0.0494224
-3.98881360527 0.0372702
-3.49021285496 0.0344495
-2.99161183319 0.0302907
-2.49301053993 0.0248457
-1.99440897514 0.0145126
-1.49580713879 0
-0.997205030837 0.00198197
-0.498602651252 0.0147307
0 0.0151538
0.498602922953 0.011371
0.997206117643 0.00601846
1.4958095841 0.0131017
1.99441332237 0.0263517
2.49301733247 0.0322528
2.99162161445 0.0352795
3.49022616834 0.0373855
3.98883099417 0.0359565
4.48743609198 0.0399342
4.9860414618 0.0633445
5.48464710366 0.115545
5.98325301761 0.14639
6.48185920367 0.148968
6.98046566188 0.178108
7.47907239228 0.228709
7.97767939489 0.275178
8.47628666975 0.293272
8.97489421691 0.360736
9.47350203638 0.414113
9.97211012821 0.450065
10.4707184924 0.465116
10.9693271291 0.463659
11.4679360382 0.464771
11.9665452198 0.487988
12.4651546739 0.507309
12.9637644006 0.515596
13.4623743999 0.527973
13.9609846718 0.552671
14.4595952164 0.608282
14.9582060336 0.652775
15.4568171236 0.828984
15.9554284864 0.990173
16.454040122 1.0258
16.9526520304 1.08328
17.4512642117 1.23668
17.9498766659 1.34342
18.448489393 1.37581
18.9471023931 1.41149
19.4457156662 1.47334
19.9443292124 1.52755
20.4429430316 1.56692
20.9415571239 1.59306
21.4401714894 1.64373
21.9387861281 1.66673
22.43740104 1.64732
22.9360162251 1.59792
23.4346316835 1.50661
23.9332474152 1.43765
24.4318634203 1.4125
24.9304796987 1.4407
