-24.9295643111 1.50877
-24.4309796693 1.47854
-23.9323947568 1.40517
-23.4338095736 1.33384
-22.9352241197 1.27973
-22.436638395 1.27154
-21.9380523996 1.29481
-21.4394661333 1.32167
-20.9408795963 1.33774
-20.4422927883 1.34642
-19.9437057094 1.34692
-19.4451183595 1.33631
-18.9465307387 1.30468
-18.4479428468 1.26007
-17.9493546839 1.2231
-17.4507662499 1.19084
-16.9521775448 1.17808
-16.4535885684 1.18426
-15.9549993209 1.16837
-15.4564098022 1.15141
-14.9578200122 1.13374
-14.4592299509 1.11447
-13.9606396182 1.07475
-13.4620490142 1.03141
-12.9634581388 0.990435
-12.4648669919 0.9385
-11.9662755736 0.872419
-11.4676838837 0.818677
-10.9690919223 0.781962
-10.4704996893 0.749752
-9.97190718474 0.723219
-9.47331440849 0.706405
-8.97472136055 0.67743
-8.4761280409 0.653863
-7.97753444949 0.637757
-7.47894058629 0.545839
-6.98034645127 0.489645
-6.48175204439 0.450296
-5.98315736561 0.43661
-5.48456241491 0.404966
-4.98596719224 0.376445
-4.48737169758 0.360135
-3.98877593088 0.343001
-3.49017989212 0.304526
-2.99158358125 0.259121
-2.49298699825 0.215005
-1.99439014308 0.157951
-1.49579301571 0.0977827
-0.997195616091 0.0743195
-0.4985979442 0.05873
0 0.03554
0.498598216544 0.021839
0.997196705466 0.00661299
1.4957954668 0
1.99439450059 0.000813395
2.49299380685 0.004232
2.99159338563 0.0206109
3.49019323697 0.0601799
3.98879336089 0.129927
4.48739375743 0.22625
4.98599442662 0.337609
5.48459536851 0.502311
5.98319658312 0.77211
6.48179807048 0.93957
6.98039983064 1.05034
7.47900186363 1.17331
7.97760416948 1.30984
8.47620674823 1.44183
8.97480959991 1.54635
9.47341272455 1.60745
9.9720161222 1.64043
10.4706197929 1.6846
10.9692237366 1.69018
11.4678279535 1.664
11.9664324435 1.63836
12.4650372066 1.60646
12.963642243 1.60164
13.4622475526 1.59272
13.9608531355 1.58978
14.4594589917 1.57744
14.9580651212 1.54279
15.4566715241 1.53917
15.9552782005 1.56139
16.4538851503 1.59045
16.9524923735 1.63515
17.4510998703 1.65555
17.9497076406 1.67717
18.4483156846 1.58919
18.9469240021 1.55152
19.4455325933 1.51919
19.9441414582 1.4958
20.4427505968 1.48709
20.9413600091 1.47694
21.4399696953 1.4541
21.9385796552 1.42273
22.4371898891 1.38023
22.9358003968 1.28859
23.4344111785 1.23305
23.9330222341 1.18281
24.4316335637 1.12701
24.9302451674 1.11387
