-46.6246947548	25.3252089195	-24.9302007702	354.332305607	-3762.025972
-46.6251860677	25.3296835396	-24.4316033637	354.332305607	-3750.28749341
-46.6256774169	25.3341581581	-23.933005688	354.332095428	-3741.37457467
-46.6261688025	25.3386327749	-23.434407743	354.331885199	-3727.39182445
-46.6266602244	25.3431073902	-22.9358095288	354.331674919	-3694.29783918
-46.6271516827	25.3475820037	-22.4372110453	354.331464589	-3657.80673024
-46.6276431773	25.3520566157	-21.9386122924	354.331254209	-3619.69764128
-46.6281347083	25.356531226	-21.4400132702	354.331043779	-3572.25441089
-46.6286262757	25.3610058347	-20.9414139785	354.330833298	-3519.4726636
-46.6291178795	25.3654804418	-20.4428144175	354.330622767	-3490.66203449
-46.6296095196	25.3699550472	-19.9442145869	354.330412186	-3478.12890186
-46.6301011962	25.374429651	-19.4456144868	354.330201555	-3485.20599737
-46.6305929093	25.3789042532	-18.9470141172	354.329990873	-3485.45693472
-46.6310846587	25.3833788537	-18.4484134781	354.329780141	-3477.51874132
-46.6315764446	25.3878534526	-17.9498125693	354.329569358	-3473.6040751
-46.632068267	25.3923280498	-17.4512113908	354.329358526	-3446.85912154
-46.6325601258	25.3968026455	-16.9526099427	354.329147642	-3427.31516485
-46.6330520211	25.4012772395	-16.4540082249	354.328936709	-3427.38480834
-46.6335439529	25.4057518318	-15.9554062373	354.328725725	-3437.31230303
-46.6340359212	25.4102264225	-15.4568039799	354.328514691	-3456.82782778
-46.634527926	25.4147010116	-14.9582014527	354.328303607	-3514.15433139
-46.6350199673	25.419175599	-14.4595986557	354.328092472	-3559.61896991
-46.6355120451	25.4236501848	-13.9609955887	354.327881287	-3575.95541822
-46.6360041595	25.428124769	-13.4623922519	354.327670051	-3571.58682892
-46.6364963104	25.4325993515	-12.9637886451	354.327458765	-3574.32365384
-46.6369884979	25.4370739324	-12.4651847683	354.327247429	-3615.63503274
-46.6374807219	25.4415485116	-11.9665806214	354.327036042	-3675.48207348
-46.6379729825	25.4460230892	-11.4679762045	354.326824605	-3716.03031461
-46.6384652797	25.4504976652	-10.9693715175	354.326613117	-3730.52663972
-46.6389576135	25.4549722395	-10.4707665604	354.326401579	-3766.50666264
-46.6394499839	25.4594468122	-9.97216133313	354.326189991	-3811.38829245
-46.6399423909	25.4639213832	-9.47355583565	354.325978352	-3854.43157125
-46.6404348345	25.4683959526	-8.97495006793	354.325766662	-3891.63958491
-46.6409273148	25.4728705204	-8.47634402995	354.325554922	-3933.65604724
-46.6414198317	25.4773450865	-7.97773772166	354.325343132	-3978.43173714
-46.6419123853	25.4818196509	-7.47913114304	354.325131291	-4030.81347089
-46.6424049756	25.4862942137	-6.98052429405	354.3249194	-4083.00619638
-46.6428976025	25.4907687749	-6.48191717465	354.324707458	-4126.86774608
-46.6433902661	25.4952433344	-5.98330978481	354.324495466	-4152.83361928
-46.6438829664	25.4997178923	-5.4847021245	354.324283423	-4165.69653158
-46.6443757034	25.5041924485	-4.98609419369	354.324071329	-4182.31819768
-46.6448684771	25.5086670031	-4.48748599232	354.323859186	-4192.40895852
-46.6453612876	25.5131415561	-3.98887752039	354.323646991	-4204.30662268
-46.6458541348	25.5176161074	-3.49026877784	354.323434746	-4214.56813057
-46.6463470187	25.522090657	-2.99165976464	354.32322245	-4244.27989546
-46.6468399394	25.526565205	-2.49305048077	354.323010104	-4299.271679
-46.6473328969	25.5310397513	-1.99444092618	354.322797708	-4360.29113238
-46.6478258911	25.535514296	-1.49583110085	354.32258526	-4418.2892344
-46.6483189221	25.5399888391	-0.997221004725	354.322372762	-4450.49762536
-46.64881199	25.5444633805	-0.498610637789	354.322160214	-4497.77183462
-46.6493050946	25.5489379202	0	354.321947615	-4583.93479964
-46.649798236	25.5534124583	0.498610908674	354.321734965	-4594.20726981
-46.6502914143	25.5578869947	0.997222088268	354.321522265	-4587.39554079
-46.6507846294	25.5623615295	1.49583353882	354.321309514	-4575.83003733
-46.6512778814	25.5668360627	1.99444526035	354.321096712	-4560.47255936
-46.6517711702	25.5713105941	2.49305725291	354.32088386	-4544.894822
-46.6522644959	25.575785124	2.99166951653	354.320670957	-4534.90523242
-46.6527578585	25.5802596521	3.49028205124	354.320458003	-4522.92281082
-46.653251258	25.5847341787	3.98889485707	354.320244999	-4492.74579632
-46.6537446943	25.5892087035	4.48750793407	354.320031944	-4407.24703296
-46.6542381676	25.5936832267	4.98612128226	354.319818839	-4259.21144833
-46.6547316778	25.5981577483	5.48473490167	354.319605682	-4051.73995702
-46.6552252249	25.6026322682	5.98334879235	354.319392475	-3824.3611075
-46.655718809	25.6071067864	6.48196295433	354.319179217	-3637.97656923
-46.65621243	25.611581303	6.98057738763	354.318965909	-3469.75009254
-46.6567060879	25.6160558179	7.47919209231	354.31875255	-3273.85102109
-46.6571997829	25.6205303312	7.97780706838	354.31853914	-3139.01145308
-46.6576935148	25.6250048428	8.47642231588	354.318325679	-3075.81564352
-46.6581872837	25.6294793528	8.97503783486	354.318112168	-3075.07052564
-46.6586810896	25.633953861	9.47365362533	354.317898605	-3098.42629475
-46.6591749326	25.6384283677	9.97226968734	354.317684993	-3116.72822347
-46.6596688125	25.6429028726	10.4708860209	354.317471329	-3147.12576145
-46.6601627295	25.6473773759	10.9695026261	354.317257614	-3199.23730227
-46.6606566835	25.6518518776	11.4681195029	354.317043849	-3246.16381445
-46.6611506746	25.6563263776	11.9667366514	354.316830033	-3285.98381969
-46.6616447027	25.6608008759	12.4653540716	354.316616166	-3282.84479472
-46.6621387679	25.6652753725	12.9639717636	354.316402248	-3310.07206129
-46.6626328702	25.6697498675	13.4625897273	354.316188279	-3335.73581807
-46.6631270095	25.6742243609	13.9612079628	354.31597426	-3337.8245368
-46.663621186	25.6786988525	14.4598264702	354.31576019	-3357.55792947
-46.6641153996	25.6831733425	14.9584452494	354.315546068	-3392.49878194
-46.6646096503	25.6876478309	15.4570643006	354.315331896	-3438.23591499
-46.6651039382	25.6921223176	15.9556836237	354.315117673	-3473.37414857
-46.6655982632	25.6965968026	16.4543032188	354.3149034	-3509.59942736
-46.6660926253	25.7010712859	16.9529230859	354.314689075	-3538.97607866
-46.6665870246	25.7055457676	17.4515432251	354.3144747	-3545.90425622
-46.6670814611	25.7100202476	17.9501636363	354.314260273	-3537.63239235
-46.6675759348	25.7144947259	18.4487843196	354.314045796	-3539.21931682
-46.6680704456	25.7189692026	18.9474052751	354.313831267	-3533.20461703
-46.6685649937	25.7234436776	19.4460265028	354.313616688	-3522.98159689
-46.669059579	25.7279181509	19.9446480027	354.313402058	-3512.31264161
-46.6695542015	25.7323926226	20.4432697749	354.313187377	-3509.17284851
-46.6700488612	25.7368670926	20.9418918193	354.312972645	-3507.67292253
-46.6705435582	25.7413415609	21.4405141361	354.312757862	-3501.53770327
-46.6710382924	25.7458160275	21.9391367252	354.312543028	-3503.53344485
-46.6715330639	25.7502904925	22.4377595867	354.312328143	-3519.07627768
-46.6720278727	25.7547649558	22.9363827206	354.312113207	-3513.02273414
-46.6725227188	25.7592394174	23.435006127	354.31189822	-3488.83119771
-46.6730176022	25.7637138774	23.9336298058	354.311683182	-3479.78173894
-46.6735125228	25.7681883357	24.4322537572	354.311468093	-3477.50243621
-46.6740074808	25.7726627923	24.9308779812	354.311252953	-3476.61486155
