-24.9295029934 0.614212
-24.4309195603 0.587367
-23.9323358574 0.558301
-23.4337518845 0.588642
-22.9351676416 0.635877
-22.4365831287 0.673958
-21.9379983457 0.68321
-21.4394132926 0.695569
-20.9408279693 0.715891
-20.4422423759 0.762665
-19.9436565123 0.774972
-19.4450703785 0.754153
-18.9464839743 0.746021
-18.4478972999 0.750066
-17.9493103551 0.762541
-17.45072314 0.787948
-16.9521356544 0.790873
-16.4535478984 0.803554
-15.9549598719 0.817802
-15.4563715749 0.819694
-14.9577830073 0.822885
-14.4591941691 0.816667
-13.9606050603 0.800965
-13.4620156809 0.785739
-12.9634260308 0.771362
-12.4648361099 0.750466
-11.9662459183 0.731351
-11.4676554558 0.710835
-10.9690647226 0.706796
-10.4704737184 0.719813
-9.97188244342 0.724816
-9.47329089745 0.711788
-8.97469908052 0.700599
-8.47610699258 0.653918
-7.97751463359 0.61841
-7.47892200354 0.608377
-6.98032910237 0.58336
-6.48173593006 0.535522
-5.98314248656 0.491725
-5.48454877185 0.455327
-4.9859547859 0.426753
-4.48736052866 0.398646
-3.9887660001 0.363788
-3.49017120019 0.329551
-2.99157612889 0.314406
-2.49298078617 0.300996
-1.99438517199 0.259389
-1.49578928631 0.228646
-0.997193129116 0.198503
-0.498596700356 0.140646
0 0.076743
0.498596971986 0.0346978
0.997194215637 0.015061
1.49579173099 0.00535939
1.99438951807 0
2.49298757693 0.00539523
2.99158590759 0.010825
3.49018451008 0.0230332
3.98878338445 0.0349051
4.48738253073 0.0664764
4.98598194895 0.103705
5.48458163914 0.13606
5.98318160135 0.200595
6.4817818356 0.306703
6.98038234193 0.39899
7.47898312038 0.47719
7.97758417097 0.575118
8.47618549375 0.692617
8.97478708875 0.757819
9.473388956 0.831924
9.97199109554 0.896128
10.4705935074 0.970852
10.9691961916 0.991549
11.4677991482 1.02707
11.9664023773 1.05768
12.4650058787 1.0735
12.9636096527 1.12775
13.4622136993 1.18321
13.9608180183 1.18708
14.45942261 1.15514
14.9580274743 1.03813
15.4566326113 0.925091
15.955238021 0.858838
16.4538437034 0.881016
16.9524496586 0.960888
17.4510558865 1.00527
17.9496623874 0.965275
18.4482691611 0.949605
18.9468762077 0.93973
19.4454835272 0.92442
19.9440911197 0.908827
20.4426989853 0.900249
20.9413071239 0.905611
21.4399155355 0.920227
21.9385242203 0.916634
22.4371331782 0.910282
22.9357424093 0.880044
23.4343519136 0.831961
23.9329616912 0.799212
24.4315717421 0.755468
24.9301820662 0.70073
