-24.9302007702 0.832181
-24.4316033637 0.84392
-23.933005688 0.852833
-23.434407743 0.866815
-22.9358095288 0.899909
-22.4372110453 0.936401
-21.9386122924 0.97451
-21.4400132702 1.02195
-20.9414139785 1.07473
-20.4428144175 1.10355
-19.9442145869 1.11608
-19.4456144868 1.109
-18.9470141172 1.10875
-18.4484134781 1.11669
-17.9498125693 1.1206
-17.4512113908 1.14735
-16.9526099427 1.16689
-16.4540082249 1.16682
-15.9554062373 1.15689
-15.4568039799 1.13738
-14.9582014527 1.08005
-14.4595986557 1.03459
-13.9609955887 1.01825
-13.4623922519 1.02262
-12.9637886451 1.01988
-12.4651847683 0.978572
-11.9665806214 0.918725
-11.4679762045 0.878177
-10.9693715175 0.863681
-10.4707665604 0.827701
-9.97216133313 0.782819
-9.47355583565 0.739776
-8.97495006793 0.702568
-8.47634402995 0.660551
-7.97773772166 0.615776
-7.47913114304 0.563394
-6.98052429405 0.511201
-6.48191717465 0.46734
-5.98330978481 0.441374
-5.4847021245 0.428511
-4.98609419369 0.411889
-4.48748599232 0.401798
-3.98887752039 0.389901
-3.49026877784 0.379639
-2.99165976464 0.349927
-2.49305048077 0.294936
-1.99444092618 0.233916
-1.49583110085 0.175918
-0.997221004725 0.14371
-0.498610637789 0.0964354
0 0.0102725
0.498610908674 0
0.997222088268 0.00681173
1.49583353882 0.0183772
1.99444526035 0.0337347
2.49305725291 0.0493124
2.99166951653 0.059302
3.49028205124 0.0712845
3.98889485707 0.101461
4.48750793407 0.18696
4.98612128226 0.334996
5.48473490167 0.542467
5.98334879235 0.769846
6.48196295433 0.956231
6.98057738763 1.12446
7.47919209231 1.32036
7.97780706838 1.4552
8.47642231588 1.51839
8.97503783486 1.51914
9.47365362533 1.49578
9.97226968734 1.47748
10.4708860209 1.44708
10.9695026261 1.39497
11.4681195029 1.34804
11.9667366514 1.30822
12.4653540716 1.31136
12.9639717636 1.28414
13.4625897273 1.25847
13.9612079628 1.25638
14.4598264702 1.23665
14.9584452494 1.20171
15.4570643006 1.15597
15.9556836237 1.12083
16.4543032188 1.08461
16.9529230859 1.05523
17.4515432251 1.0483
17.9501636363 1.05657
18.4487843196 1.05499
18.9474052751 1.061
19.4460265028 1.07123
19.9446480027 1.08189
20.4432697749 1.08503
20.9418918193 1.08653
21.4405141361 1.09267
21.9391367252 1.09067
22.4377595867 1.07513
22.9363827206 1.08118
23.435006127 1.10538
23.9336298058 1.11443
24.4322537572 1.1167
24.9308779812 1.11759
