-24.9302142461 1.208
-24.4316165723 1.15013
-23.9330186292 1.11154
-23.4344204167 1.08399
-22.9358219349 1.0477
-22.4372231837 0.995409
-21.9386241631 0.966318
-21.440024873 0.94879
-20.9414253134 0.934405
-20.4428254843 0.923566
-19.9442253856 0.911518
-19.4456250174 0.891525
-18.9470243794 0.882637
-18.4484234719 0.880232
-17.9498222946 0.868826
-17.4512208476 0.855738
-16.9526191308 0.820889
-16.4540171442 0.796521
-15.9554148878 0.78235
-15.4568123615 0.763587
-14.9582095652 0.721544
-14.4596064991 0.667098
-13.9610031629 0.611847
-13.4623995568 0.564285
-12.9637956806 0.542755
-12.4651915343 0.520896
-11.9665871179 0.492812
-11.4679824314 0.456476
-10.9693774746 0.417265
-10.4707722477 0.382353
-9.97216675046 0.348327
-9.47356098297 0.316105
-8.97495494515 0.284418
-8.47634863697 0.261417
-7.9777420584 0.238554
-7.47913520941 0.225203
-6.98052808995 0.219814
-6.4819207 0.222643
-5.98331303953 0.195737
-5.48470510848 0.155649
-4.98609690684 0.138376
-4.48748843457 0.123151
-3.98887969163 0.117758
-3.49027067799 0.102894
-2.99166139362 0.0828087
-2.49305183847 0.0725592
-1.99444201252 0.0523004
-1.49583191573 0.0361532
-0.997221548075 0.036667
-0.498610909508 0.0423564
0 0.0363155
0.498611180484 0.0166318
0.997222631977 0.00705188
1.49583435451 0.00294842
1.99444634813 0.00132032
2.49305861286 0
2.99167114873 0.0443963
3.49028395579 0.178826
3.98889703406 0.354454
4.48751038358 0.513484
4.98612400439 0.647826
5.48473789651 0.696923
5.98335205999 0.731832
6.48196649485 0.74723
6.98058120113 0.749446
7.47919617887 0.720615
7.97781142809 0.763981
8.47642694884 0.863277
8.97504274115 0.973611
9.47365880505 1.06594
9.97227514057 1.04997
10.4708917478 1.00227
10.9695086266 0.951512
11.4681257772 0.92104
11.9667431996 0.880555
12.4653608938 0.838966
12.9639788598 0.816506
13.4625970976 0.821418
13.9612156074 0.847384
14.4598343891 0.87154
14.9584534427 0.873687
15.4570727684 0.877552
15.9556923661 0.884851
16.4543122359 0.889716
16.9529323777 0.898485
17.4515527917 0.901915
17.9501734779 0.908887
18.4487944363 0.908322
18.9474156669 0.907994
19.4460371698 0.909678
19.944658945 0.911338
20.4432809926 0.908711
20.9419033125 0.910208
21.4405259048 0.916403
21.9391487696 0.921674
22.4377719068 0.928716
22.9363953166 0.940675
23.4350189989 0.963156
23.9336429538 0.986762
24.4322671813 1.02612
24.9308916814 1.08714
