-24.9310089695 1.41946
-24.4323953817 1.41396
-23.9337815254 1.40917
-23.4351674006 1.40429
-22.9365530072 1.39655
-22.4379383452 1.38155
-21.9393234146 1.358
-21.4407082153 1.32772
-20.9420927472 1.28813
-20.4434770105 1.24499
-19.944861005 1.20163
-19.4462447307 1.16637
-18.9476281875 1.14195
-18.4490113755 1.11705
-17.9503942945 1.09078
-17.4517769446 1.0626
-16.9531593258 1.04438
-16.4545414379 1.03548
-15.955923281 1.03193
-15.457304855 1.03559
-14.9586861599 1.00891
-14.4600671956 0.976269
-13.9614479621 0.917224
-13.4628284595 0.867392
-12.9642086876 0.850496
-12.4655886464 0.832508
-11.9669683359 0.791493
-11.468347756 0.7419
-10.9697269068 0.691006
-10.4711057881 0.653755
-9.9724844 0.628051
-9.4738627424 0.591404
-8.97524081527 0.539742
-8.47661861859 0.495653
-7.97799615232 0.475122
-7.47937341642 0.461829
-6.98075041086 0.455542
-6.48212713562 0.45154
-5.98350359064 0.435118
-5.48487977591 0.385161
-4.98625569139 0.333726
-4.48763133703 0.320025
-3.98900671282 0.302153
-3.49038181871 0.289321
-2.99175665467 0.257198
-2.49313122066 0.202875
-1.99450551666 0.172832
-1.49587954263 0.160748
-0.997253298529 0.160458
-0.498626784331 0.152068
0 0.107706
0.498627054497 0.0433078
0.997254379196 0.0175196
1.49588197413 0.00425569
1.99450983933 0
2.49313797484 0.00059039
2.99176638068 0.00238446
3.49039505689 0.0226255
3.9890240035 0.0667762
4.48765322056 0.13664
4.98628270808 0.239403
5.48491246611 0.368205
5.98354249469 0.535488
6.48217279383 0.763487
6.98080336358 1.01445
7.47943420397 1.21107
7.97806531504 1.32743
8.47669669681 1.38106
8.97532834933 1.40174
9.47396027262 1.41577
9.97259246673 1.41141
10.4712249317 1.38822
10.9698576675 1.35346
11.4684906742 1.36971
11.9671239519 1.38102
12.4657575006 1.38255
12.9643913202 1.39819
13.463025411 1.41031
13.9616597728 1.40987
14.4602944057 1.40943
14.9589293097 1.40607
15.457564485 1.39596
15.9561999314 1.40121
16.4548356491 1.41743
16.9534716381 1.41814
17.4521078984 1.40124
17.9507444301 1.36503
18.4493812331 1.36184
18.9480183075 1.40443
19.4466556534 1.43821
19.9452932708 1.4632
20.4439311597 1.48758
20.9425693202 1.46451
21.4412077522 1.41248
21.9398464559 1.3928
22.4384854312 1.38945
22.9371246782 1.36873
23.4357641969 1.32427
23.9344039874 1.32043
24.4330440496 1.32391
24.9316843837 1.29868
