-24.9407580654 0.884471
-24.4419491202 0.869791
-23.9431399218 0.849066
-23.44433047 0.825166
-22.945520765 0.795171
-22.4467108066 0.763914
-21.9479005948 0.729762
-21.4490901297 0.704108
-20.9502794111 0.696858
-20.4514684391 0.691972
-19.9526572136 0.678307
-19.4538457346 0.670613
-18.955034002 0.662024
-18.4562220159 0.654483
-17.9574097762 0.642316
-17.4585972828 0.627221
-16.9597845358 0.60828
-16.460971535 0.558879
-15.9621582806 0.507432
-15.4633447724 0.491909
-14.9645310105 0.468112
-14.4657169947 0.473695
-13.9669027251 0.489929
-13.4680882016 0.499599
-12.9692734243 0.516772
-12.470458393 0.495783
-11.9716431077 0.457983
-11.4728275685 0.432188
-10.9740117753 0.436522
-10.475195728 0.438839
-9.97637942665 0.4255
-9.47756287121 0.401616
-8.97874606163 0.364467
-8.4799289979 0.337769
-7.98111167998 0.296949
-7.48229410784 0.270939
-6.98347628146 0.233837
-6.48465820081 0.185151
-5.98583986585 0.139135
-5.48702127655 0.105948
-4.9882024329 0.0821106
-4.48938333485 0.058087
-3.99056398238 0.0388032
-3.49174437547 0.0203356
-2.99292451407 0.0234841
-2.49410439817 0.0296578
-1.99528402772 0.0354351
-1.49646340272 0.0401591
-0.997642523111 0.0453939
-0.498821388882 0.0371985
0 0
0.498821643565 0.0734367
0.997643541843 0.103144
1.49646569486 0.113397
1.99528810265 0.136515
2.49411076524 0.143986
2.99293368266 0.108566
3.49175685493 0.0872458
3.99058028209 0.0853612
4.48940396417 0.0885736
4.98822790119 0.0826657
5.48705209318 0.0789261
5.98587654018 0.0746155
6.48470124221 0.0663575
6.9835261993 0.061468
7.48235141148 0.0592161
7.98117687878 0.045023
8.48000260122 0.0415299
8.97882857885 0.0632839
9.47765481168 0.128829
9.97648129974 0.253306
10.4753080431 0.396729
10.9741350417 0.474902
11.4729622956 0.546054
11.9717898049 0.675177
12.4706175696 0.842842
12.9694455897 0.914133
13.4682738652 0.87853
13.9671023962 0.924837
14.4659311827 1.00314
14.9647602247 1.13043
15.4635895223 1.26201
15.9624190754 1.35054
16.4612488841 1.36706
16.9600789485 1.33517
17.4589092686 1.30625
17.9577398444 1.27621
18.4565706759 1.25719
18.9554017631 1.23761
19.4542331061 1.2158
19.953064705 1.20075
20.4518965597 1.19015
20.9507286702 1.16642
21.4495610367 1.12507
21.9483936591 1.06808
22.4472265374 1.04004
22.9460596717 1.02992
23.4448930621 1.00915
23.9437267085 0.977333
24.4425606109 0.952358
24.9413947695 0.935898
