-46.3260764733	25.3417070374	-24.929485262	357.867078703	-2929.81418894
-46.3262616532	25.3462005249	-24.4309021966	357.867078703	-2945.80727474
-46.326446847	25.3506940121	-23.9323188608	357.866999436	-2970.62780022
-46.3266320545	25.3551874991	-23.4337352544	357.866920151	-2990.45513039
-46.3268172758	25.3596809859	-22.9351513775	357.866840846	-3009.90567009
-46.3270025108	25.3641744725	-22.43656723	357.866761523	-3026.0518413
-46.3271877596	25.3686679588	-21.937982812	357.86668218	-3048.32123864
-46.3273730222	25.3731614449	-21.4393981233	357.866602818	-3049.03962779
-46.3275582986	25.3776549307	-20.940813164	357.866523438	-3061.54678124
-46.3277435888	25.3821484164	-20.4422279339	357.866444038	-3087.97088704
-46.3279288927	25.3866419018	-19.9436424332	357.866364619	-3124.76574716
-46.3281142105	25.3911353869	-19.4450566616	357.866285181	-3154.5903866
-46.328299542	25.3956288719	-18.9464706193	357.866205725	-3173.50131965
-46.3284848874	25.4001223566	-18.4478843061	357.866126249	-3239.57102914
-46.3286702465	25.404615841	-17.949297722	357.866046754	-3361.2446795
-46.3288556195	25.4091093253	-17.4507108671	357.86596724	-3469.7624013
-46.3290410063	25.4136028093	-16.9521237411	357.865887707	-3541.05211675
-46.3292264069	25.418096293	-16.4535363443	357.865808155	-3620.68695822
-46.3294118213	25.4225897766	-15.9549486764	357.865728584	-3602.51699634
-46.3295972495	25.4270832599	-15.4563607374	357.865648993	-3499.80165503
-46.3297826916	25.4315767429	-14.9577725274	357.865569384	-3422.17720115
-46.3299681475	25.4360702258	-14.4591840462	357.865489756	-3465.94410453
-46.3301536172	25.4405637084	-13.9605952939	357.865410108	-3513.5945388
-46.3303391008	25.4450571908	-13.4620062704	357.865330442	-3539.9606183
-46.3305245982	25.4495506729	-12.9634169757	357.865250756	-3559.33924104
-46.3307101094	25.4540441548	-12.4648274097	357.865171051	-3590.49478314
-46.3308956346	25.4585376365	-11.9662375724	357.865091328	-3631.57463239
-46.3310811735	25.4630311179	-11.4676474639	357.865011585	-3656.24848066
-46.3312667263	25.4675245991	-10.9690570839	357.864931823	-3669.11370758
-46.331452293	25.4720180801	-10.4704664325	357.864852042	-3700.70277436
-46.3316378736	25.4765115608	-9.97187550976	357.864772242	-3739.90119104
-46.331823468	25.4810050413	-9.47328431551	357.864692423	-3781.06565936
-46.3320090763	25.4854985216	-8.97469284976	357.864612584	-3816.65106055
-46.3321946985	25.4899920017	-8.47610111247	357.864532727	-3861.54327314
-46.3323803345	25.4944854815	-7.97750910362	357.86445285	-3898.57540304
-46.3325659845	25.498978961	-7.47891682316	357.864372954	-3929.1360663
-46.3327516483	25.5034724404	-6.98032427105	357.86429304	-3959.66766371
-46.332937326	25.5079659195	-6.48173144728	357.864213106	-4002.44360677
-46.3331230176	25.5124593983	-5.98313835179	357.864133153	-4061.05046343
-46.3333087232	25.516952877	-5.48454498456	357.86405318	-4090.78661853
-46.3334944426	25.5214463554	-4.98595134555	357.863973189	-4109.88326903
-46.3336801759	25.5259398336	-4.48735743473	357.863893179	-4124.28864554
-46.3338659232	25.5304333115	-3.98876325206	357.863813149	-4122.05910409
-46.3340516843	25.5349267892	-3.49016879751	357.8637331	-4120.06189194
-46.3342374594	25.5394202667	-2.99157407104	357.863653033	-4166.28139482
-46.3344232484	25.5439137439	-2.49297907261	357.863572946	-4222.38368822
-46.3346090513	25.5484072209	-1.9943838022	357.863492839	-4240.32664378
-46.3347948682	25.5529006976	-1.49578825977	357.863412714	-4239.33932611
-46.334980699	25.5573941742	-0.997192445284	357.86333257	-4248.85037714
-46.3351665437	25.5618876505	-0.498596358705	357.863252406	-4276.72779229
-46.3353524024	25.5663811265	0	357.863172223	-4331.15455324
-46.3355382751	25.5708746024	0.498596630865	357.863092021	-4366.49432358
-46.3357241616	25.5753680779	0.997193533925	357.8630118	-4377.71244973
-46.3359100622	25.5798615533	1.49579070921	357.86293156	-4403.98559655
-46.3360959767	25.5843550284	1.99438815677	357.8628513	-4431.38922432
-46.3362819051	25.5888485033	2.49298587662	357.862771022	-4433.65007069
-46.3364678475	25.593341978	2.99158386881	357.862690724	-4428.90114785
-46.3366538039	25.5978354524	3.49018213336	357.862610407	-4456.0998173
-46.3368397743	25.6023289265	3.98878067032	357.862530071	-4469.96847444
-46.3370257586	25.6068224005	4.48737947971	357.862449715	-4413.31920656
-46.337211757	25.6113158742	4.98597856158	357.862369341	-4326.44267171
-46.3373977693	25.6158093477	5.48457791595	357.862288947	-4210.96176775
-46.3375837956	25.6203028209	5.98317754286	357.862208534	-4076.25794376
-46.3377698359	25.6247962939	6.48177744235	357.862128102	-3926.74707512
-46.3379558902	25.6292897667	6.98037761445	357.86204765	-3819.45727274
-46.3381419585	25.6337832392	7.4789780592	357.86196718	-3719.64336444
-46.3383280407	25.6382767115	7.97757877662	357.86188669	-3602.84653219
-46.3385141371	25.6427701836	8.47617976675	357.861806181	-3505.2160829
-46.3387002474	25.6472636554	8.97478102964	357.861725653	-3378.10770066
-46.3388863717	25.651757127	9.47338256531	357.861645105	-3206.73019624
-46.3390725101	25.6562505983	9.97198437379	357.861564539	-3054.15238795
-46.3392586624	25.6607440695	10.4705864551	357.861483953	-2998.01702544
-46.3394448288	25.6652375403	10.9691888094	357.861403348	-2967.89814741
-46.3396310093	25.669731011	11.4677914365	357.861322723	-2934.71464035
-46.3398172038	25.6742244814	11.9663943366	357.86124208	-2892.91708979
-46.3400034123	25.6787179516	12.4649975097	357.861161417	-2873.78821957
-46.3401896348	25.6832114215	12.9636009558	357.861080735	-2865.17343047
-46.3403758714	25.6877048912	13.462204675	357.861000033	-2878.55371126
-46.3405621221	25.6921983607	13.9608086672	357.860919313	-2897.75820169
-46.3407483868	25.6966918299	14.4594129326	357.860838573	-2893.95746123
-46.3409346656	25.7011852989	14.9580174712	357.860757814	-2879.929429
-46.3411209584	25.7056787676	15.4566222829	357.860677035	-2901.97148262
-46.3413072653	25.7101722361	15.9552273679	357.860596238	-2949.78183673
-46.3414935863	25.7146657044	16.4538327262	357.860515421	-3086.94852668
-46.3416799213	25.7191591725	16.9524383577	357.860434584	-3293.3945698
-46.3418662705	25.7236526403	17.4510442626	357.860353729	-3405.55731272
-46.3420526337	25.7281461078	17.9496504409	357.860272854	-3537.89925985
-46.342239011	25.7326395752	18.4482568925	357.86019196	-3703.27273097
-46.3424254023	25.7371330423	18.9468636176	357.860111047	-3790.60788355
-46.3426118078	25.7416265091	19.4454706162	357.860030115	-3775.81686537
-46.3427982274	25.7461199757	19.9440778882	357.859949163	-3779.12170391
-46.3429846611	25.7506134421	20.4426854338	357.859868192	-3803.11664541
-46.3431711089	25.7551069083	20.941293253	357.859787201	-3816.53993756
-46.3433575708	25.7596003742	21.4399013458	357.859706191	-3849.06913245
-46.3435440468	25.7640938398	21.9385097123	357.859625162	-3913.72704828
-46.3437305369	25.7685873053	22.4371183524	357.859544114	-4011.62796762
-46.3439170411	25.7730807705	22.9357272662	357.859463046	-3847.14076784
-46.3441035595	25.7775742354	23.4343364538	357.859381959	-3749.71520762
-46.344290092	25.7820677001	23.9329459152	357.859300853	-3682.64661615
-46.3444766386	25.7865611646	24.4315556503	357.859219728	-3655.15142002
-46.3446631994	25.7910546289	24.9301656594	357.859138582	-3644.89402135
