-24.9295622964 1.36675
-24.4309776944 1.36728
-23.9323928219 1.36905
-23.4338076787 1.36985
-22.9352222648 1.36778
-22.4366365802 1.35649
-21.9380506248 1.33454
-21.4394643986 1.30544
-20.9408779016 1.26765
-20.4422911337 1.2259
-19.9437040949 1.18429
-19.4451167851 1.15027
-18.9465292044 1.12562
-18.4479413526 1.09865
-17.9493532299 1.07362
-17.450764836 1.05243
-16.952176171 1.06008
-16.4535872349 1.07522
-15.9549980276 1.06385
-15.4564085491 1.02192
-14.9578187993 1.00139
-14.4592287782 0.983225
-13.9606384858 0.928766
-13.462047922 0.864835
-12.9634570869 0.845253
-12.4648659803 0.83828
-11.9662746023 0.822262
-11.4676829527 0.792796
-10.9690910317 0.719386
-10.470498839 0.674956
-9.97190637478 0.685292
-9.4733136389 0.695301
-8.97472063135 0.631469
-8.47612735209 0.520088
-7.97753380109 0.512464
-7.47893997831 0.478557
-6.98034588373 0.451089
-6.4817515173 0.433139
-5.98315687899 0.399154
-5.48456196876 0.402274
-4.98596678659 0.366046
-4.48737133243 0.27111
-3.98877560625 0.259995
-3.49017960802 0.254361
-2.9915833377 0.233341
-2.49298679526 0.201306
-1.99438998066 0.167112
-1.49579289387 0.137527
-0.997195534853 0.096358
-0.498597903574 0.0670615
0 0.0659136
0.498598175905 0.0595397
0.997196624175 0.0462719
1.49579534484 0.030383
1.99439433795 0.0111293
2.49299360352 0
2.9915931416 0.00353901
3.49019295221 0.0235054
3.9887930354 0.0572475
4.48739339119 0.059767
4.98599401962 0.073998
5.48459492073 0.129329
5.98319609456 0.302744
6.48179754112 0.574858
6.98039926047 0.804363
7.47900125263 0.991992
7.97760351764 1.14803
8.47620605553 1.27373
8.97480886634 1.36646
9.47341195011 1.40607
9.97201530686 1.40344
10.4706189366 1.35436
10.9692228395 1.34787
11.4678270154 1.33858
11.9664314644 1.32385
12.4650361866 1.29155
12.963641182 1.28196
13.4622464506 1.27187
13.9608519925 1.29233
14.4594578077 1.3094
14.9580638962 1.31142
15.4566702581 1.29508
15.9552768934 1.27042
16.4538838021 1.25247
16.9524909843 1.23911
17.4510984399 1.22267
17.9497061692 1.1938
18.448314172 1.16908
18.9469224484 1.15049
19.4455309984 1.1395
19.9441398221 1.14143
20.4427489195 1.16423
20.9413582907 1.21982
21.4399679356 1.25641
21.9385778544 1.23586
22.437188047 1.19838
22.9357985135 1.16368
23.4344092539 1.12461
23.9330202683 1.08271
24.4316315566 1.03392
24.9302431189 0.995343
