-41.877075605	28.2681454501	-24.9393396709	5.48454340231	-3718.4059869
-41.876587617	28.2726214668	-24.4405600109	5.48454340231	-3687.79399941
-41.8760995881	28.2770974818	-23.9417800602	5.48477452943	-3658.1783286
-41.8756115181	28.2815734951	-23.4429998188	5.4850057098	-3630.56705059
-41.8751234071	28.2860495066	-22.9442192867	5.48523694285	-3603.24455941
-41.8746352551	28.2905255164	-22.4454384638	5.48546822911	-3577.6848648
-41.874147062	28.2950015244	-21.9466573501	5.48569956839	-3553.92762777
-41.8736588279	28.2994775308	-21.4478759455	5.48593096079	-3532.01664277
-41.8731705527	28.3039535353	-20.9490942502	5.48616240608	-3513.24612883
-41.8726822364	28.3084295382	-20.4503122639	5.48639390442	-3495.81758045
-41.872193879	28.3129055393	-19.9515299867	5.48662545585	-3480.37670038
-41.8717054804	28.3173815387	-19.4527474185	5.48685706044	-3468.82061043
-41.8712170408	28.3218575363	-18.9539645594	5.48708871801	-3460.62319882
-41.8707285601	28.3263335322	-18.4551814093	5.48732042887	-3455.14830691
-41.8702400382	28.3308095263	-17.9563979681	5.48755219249	-3452.31176317
-41.8697514751	28.3352855187	-17.4576142359	5.48778400965	-3453.54111676
-41.8692628709	28.3397615094	-16.9588302125	5.48801587954	-3456.14863613
-41.8687742255	28.3442374983	-16.4600458981	5.48824780277	-3462.98738802
-41.8682855389	28.3487134855	-15.9612612924	5.48847977925	-3472.15697698
-41.8677968111	28.353189471	-15.4624763956	5.48871180861	-3484.79327333
-41.8673080421	28.3576654547	-14.9636912076	5.48894389126	-3500.35571084
-41.8668192319	28.3621414366	-14.4649057283	5.48917602715	-3518.05389536
-41.8663303805	28.3666174169	-13.9661199577	5.48940821612	-3537.68445627
-41.8658414878	28.3710933953	-13.4673338958	5.48964045829	-3559.98334316
-41.8653525539	28.3755693721	-12.9685475426	5.48987275357	-3583.49387589
-41.8648635787	28.380045347	-12.469760898	5.49010510238	-3608.45186727
-41.8643745622	28.3845213203	-11.970973962	5.4903375042	-3634.0320352
-41.8638855044	28.3889972918	-11.4721867346	5.49056995896	-3660.46900585
-41.8633964054	28.3934732615	-10.9733992157	5.49080246753	-3689.22629308
-41.862907265	28.3979492295	-10.4746114053	5.49103502903	-3717.36208803
-41.8624180833	28.4024251958	-9.9758233034	5.49126764394	-3746.2121298
-41.8619288603	28.4069011603	-9.47703490995	5.49150031166	-3774.66850309
-41.861439596	28.411377123	-8.97824622492	5.49173303325	-3801.45183289
-41.8609502902	28.415853084	-8.47945724828	5.49196580782	-3828.91898287
-41.8604609432	28.4203290433	-7.98066798	5.49219863566	-3854.26255565
-41.8599715547	28.4248050008	-7.48187842005	5.49243151699	-3879.01856307
-41.8594821249	28.4292809566	-6.9830885684	5.49266445147	-3904.34364874
-41.8589926536	28.4337569106	-6.48429842502	5.49289743939	-3927.69055123
-41.858503141	28.4382328628	-5.98550798988	5.49313048049	-3948.739693
-41.8580135869	28.4427088133	-5.48671726295	5.49336357509	-3968.31260927
-41.8575239914	28.4471847621	-4.98792624419	5.49359672304	-3986.23115681
-41.8570343544	28.4516607091	-4.48913493359	5.49382992411	-4002.58016489
-41.856544676	28.4561366543	-3.99034333111	5.49406317885	-4018.00987002
-41.8560549562	28.4606125978	-3.49155143672	5.49429648688	-4033.2912671
-41.8555651948	28.4650885396	-2.99275925039	5.49452984834	-4043.11769808
-41.855075392	28.4695644796	-2.49396677209	5.49476326285	-4050.98304056
-41.8545855476	28.4740404178	-1.99517400179	5.4949967313	-4057.34337455
-41.8540956618	28.4785163543	-1.49638093946	5.49523025289	-4061.51114332
-41.8536057344	28.482992289	-0.997587585073	5.49546382783	-4064.16545485
-41.8531157655	28.487468222	-0.498793938596	5.49569745658	-4065.44338033
-41.8526257551	28.4919441532	0	5.49593113831	-4062.85473568
-41.8521357031	28.4964200826	0.498794230745	5.49616487397	-4057.05421362
-41.8516456095	28.5008960103	0.997588753667	5.49639866249	-4049.58836897
-41.8511554743	28.5053719363	1.4963835688	5.49663250511	-4040.7886696
-41.8506652976	28.5098478604	1.99517867617	5.49686640081	-4028.9946797
-41.8501750793	28.5143237829	2.49397407581	5.49710035016	-4014.57868801
-41.8496848193	28.5187997035	2.99276976774	5.49733435315	-3998.50410144
-41.8491945177	28.5232756224	3.491565752	5.49756840931	-3978.60642474
-41.8487041745	28.5277515396	3.99036202862	5.49780251938	-3956.51429423
-41.8482137897	28.5322274549	4.48915859763	5.49803668261	-3934.03774726
-41.8477233632	28.5367033686	4.98795545905	5.49827089982	-3908.65596736
-41.847232895	28.5411792804	5.48675261293	5.49850517006	-3881.59610578
-41.8467423851	28.5456551905	5.98555005927	5.49873949438	-3851.81534915
-41.8462518336	28.5501310988	6.48434779813	5.49897387202	-3821.47626112
-41.8457612403	28.5546070054	6.98314582952	5.49920830313	-3789.86825798
-41.8452706053	28.5590829102	7.48194415347	5.49944278807	-3757.41985287
-41.8447799286	28.5635588132	7.98074277002	5.49967732651	-3724.28315172
-41.8442892102	28.5680347145	8.4795416792	5.49991191848	-3690.19558781
-41.84379845	28.572510614	8.97834088103	5.50014656433	-3655.21986305
-41.8433076481	28.5769865118	9.47714037554	5.50038126352	-3619.27169436
-41.8428168044	28.5814624077	9.97594016277	5.50061601649	-3581.50111685
-41.8423259189	28.585938302	10.4747402427	5.50085082317	-3544.68960671
-41.8418349916	28.5904141944	10.9735406155	5.50108568328	-3507.2710701
-41.8413440225	28.5948900851	11.472341281	5.50132059738	-3470.39090605
-41.8408530116	28.599365974	11.9711422394	5.50155556494	-3433.55318608
-41.8403619589	28.6038418611	12.4699434907	5.50179058626	-3397.96304138
-41.8398708643	28.6083177465	12.9687450348	5.50202566117	-3362.89557332
-41.8393797279	28.6127936301	13.4675468719	5.50226079002	-3329.07905909
-41.8388885496	28.6172695119	13.9663490019	5.50249597242	-3296.47917925
-41.8383973295	28.621745392	14.4651514249	5.50273120865	-3265.85532567
-41.8379060675	28.6262212703	14.9639541409	5.50296649853	-3237.49244562
-41.8374147635	28.6306971468	15.4627571499	5.50320184211	-3211.48017565
-41.8369234177	28.6351730215	15.961560452	5.50343723955	-3188.31646396
-41.8364320299	28.6396488945	16.4603640473	5.50367269086	-3169.86699263
-41.8359406003	28.6441247657	16.9591679356	5.50390819573	-3153.04666859
-41.8354491286	28.6486006351	17.4579721171	5.50414375455	-3139.87445472
-41.8349576151	28.6530765028	17.9567765918	5.50437936688	-3130.59438459
-41.8344660595	28.6575523686	18.4555813597	5.50461503347	-3126.38623504
-41.833974462	28.6620282327	18.9543864209	5.50485075355	-3127.57786782
-41.8334828225	28.6665040951	19.4531917753	5.50508652759	-3136.36003702
-41.832991141	28.6709799556	19.951997423	5.50532235548	-3154.43075345
-41.8324994175	28.6754558144	20.4508033641	5.50555823699	-3181.2776023
-41.832007652	28.6799316714	20.9496095986	5.50579417274	-3220.16261193
-41.8315158445	28.6844075266	21.4484161264	5.50603016207	-3282.13275503
-41.8310239949	28.6888833801	21.9472229477	5.50626620538	-3360.36098619
-41.8305321032	28.6933592317	22.4460300624	5.50650230238	-3443.80935145
-41.8300401695	28.6978350816	22.9448374706	5.5067384536	-3525.73059914
-41.8295481937	28.7023109297	23.4436451723	5.50697465864	-3604.68037598
-41.8290561759	28.706786776	23.9424531676	5.50721091731	-3679.58534614
-41.8285641159	28.7112626206	24.4412614564	5.5074472303	-3742.98448647
-41.8280720138	28.7157384634	24.9400700388	5.5076835971	-3780.68490991
