-24.9393424164 0.421725
-24.4405627019 0.447647
-23.9417826967 0.471903
-23.4430024007 0.494857
-22.944221814 0.516326
-22.4454409365 0.536444
-21.9466597683 0.555106
-21.4478783091 0.571095
-20.9490965591 0.584678
-20.4503145182 0.597126
-19.9515321863 0.607054
-19.4527495635 0.613537
-18.9539666497 0.618153
-18.4551834449 0.619335
-17.956399949 0.618099
-17.457616162 0.613649
-16.9588320839 0.607112
-16.4600477146 0.597749
-15.9612630542 0.585007
-15.4624781026 0.569571
-14.9636928597 0.551653
-14.4649073256 0.532664
-13.9661215002 0.510334
-13.4673353834 0.486825
-12.9685489753 0.463037
-12.4697622758 0.437117
-11.9709752849 0.410983
-11.4721880025 0.383698
-10.9734004287 0.355603
-10.4746125633 0.327113
-9.97582440645 0.298868
-9.477035958 0.272083
-8.97824721795 0.245739
-8.47945818628 0.22051
-7.98066886295 0.196515
-7.48187924794 0.172504
-6.98308934121 0.149169
-6.48429914273 0.128249
-5.98550865248 0.10859
-5.48671787042 0.0902541
-4.98792679652 0.074068
-4.48913543076 0.0587818
-3.9903437731 0.043953
-3.49155182352 0.0313974
-2.99275958198 0.0215284
-2.49396704845 0.012978
-1.99517422291 0.00761897
-1.49638110533 0.00416289
-0.997587695668 0.00157473
-0.4987939939 0
0 0.00396616
0.498794286066 0.00943569
0.997588864327 0.0159494
1.49638373481 0.0239119
1.99517889755 0.0371388
2.49397435257 0.0515313
2.99277009991 0.0701539
3.49156613959 0.0928745
3.99036247165 0.116918
4.4891590961 0.142548
4.98795601299 0.16984
5.48675322235 0.200547
5.98555072419 0.232414
6.48434851856 0.267112
6.98314660548 0.303631
7.48194498498 0.340449
7.9807436571 0.378296
8.47954262185 0.417948
8.97834187928 0.458572
9.4771414294 0.499717
9.97594127226 0.541032
10.4747414079 0.582501
10.9735418363 0.623468
11.4723425575 0.663548
11.9711435716 0.702601
12.4699448785 0.740496
12.9687464784 0.776103
13.4675483712 0.810289
13.966350557 0.842576
14.4651530357 0.873815
14.9639558075 0.900681
15.4627588724 0.925582
15.9615622303 0.947224
16.4603658814 0.962999
16.9591698256 0.976727
17.4579740629 0.988128
17.9567785935 0.993812
18.4555834173 0.995658
18.9543885344 0.992584
19.4531939448 0.979463
19.9519996484 0.960791
20.4508056455 0.936673
20.9496119359 0.898555
21.4484185197 0.831808
21.947225397 0.751113
22.4460325678 0.668097
22.944840032 0.585519
23.4436477898 0.507097
23.9424558411 0.435656
24.4412641861 0.375512
24.9400728246 0.330773
