-24.9440349973 0.462489
-24.4451612183 0.443231
-23.9462871573 0.437264
-23.4474128141 0.451908
-22.9485381889 0.490996
-22.4496632816 0.536067
-21.9507880921 0.568039
-21.4519126204 0.581617
-20.9530368665 0.586643
-20.4541608304 0.592193
-19.955284512 0.596971
-19.4564079113 0.600544
-18.9575310283 0.602959
-18.458653863 0.598776
-17.9597764152 0.59257
-17.4608986851 0.584773
-16.9620206725 0.574388
-16.4631423775 0.562602
-15.9642638 0.548106
-15.4653849399 0.532052
-14.9665057974 0.514702
-14.4676263722 0.49659
-13.9687466645 0.478197
-13.4698666741 0.458626
-12.9709864011 0.436334
-12.4721058454 0.413669
-11.9732250069 0.388722
-11.4743438858 0.362784
-10.9754624819 0.336134
-10.4765807951 0.308553
-9.97769882561 0.281287
-9.47881657323 0.253194
-8.97993403797 0.224455
-8.4810512198 0.196994
-7.98216811871 0.170372
-7.48328473465 0.144127
-6.98440106761 0.117737
-6.48551711756 0.0940904
-5.98663288446 0.0721127
-5.4877483683 0.0527243
-4.98886356903 0.0367163
-4.48997848665 0.0240402
-3.99109312111 0.0115755
-3.49220747239 0.0033752
-2.99332154046 0
-2.4944353253 0.000452515
-1.99554882687 0.00461153
-1.49666204516 0.0166743
-0.997774980127 0.0299426
-0.49888763175 0.0450828
0 0.0637976
0.49888791515 0.0870232
0.997776113728 0.113092
1.49666459576 0.142221
1.99555336128 0.17362
2.4944424103 0.207011
2.99333174287 0.241546
3.492221359 0.277496
3.99111125872 0.315588
4.49000144206 0.354978
4.98889190905 0.395145
5.48778265972 0.436317
5.98667369408 0.476246
6.48556501218 0.516826
6.98445661404 0.555364
7.48334849968 0.592924
7.98224066913 0.630514
8.48113312242 0.66601
8.98002585958 0.698571
9.47891888064 0.730092
9.97781218561 0.758416
10.4767057745 0.783426
10.9755996474 0.806862
11.4744938043 0.82865
11.9733882453 0.847445
12.4722829703 0.862901
12.9711779794 0.876654
13.4700732726 0.88719
13.9689688499 0.8951
14.4678647114 0.90107
14.9667608571 0.905986
15.465657287 0.908913
15.9645540012 0.909754
16.4634509997 0.909611
16.9623482824 0.905894
17.4612458495 0.900261
17.960143701 0.893731
18.4590418368 0.885257
18.9579402571 0.874969
19.4568389617 0.8618
19.9557379509 0.847875
20.4546372246 0.830659
20.9535367827 0.812671
21.4524366255 0.792648
21.9513367528 0.770597
22.4502371647 0.746933
22.9491378612 0.721926
23.4480388424 0.695556
23.9469401083 0.667857
24.4458416589 0.63958
24.9447434943 0.61125
