-24.9416266335 0.190299
-24.4428011136 0.236882
-23.943975308 0.284352
-23.4451492165 0.331215
-22.9463228393 0.379066
-22.4474961761 0.426372
-21.9486692271 0.472499
-21.4498419922 0.515775
-20.9510144713 0.556354
-20.4521866644 0.594637
-19.9533585715 0.630064
-19.4545301926 0.659654
-18.9557015277 0.686225
-18.4568725766 0.707516
-17.9580433394 0.719436
-17.4592138161 0.726432
-16.9603840066 0.731378
-16.4615539109 0.72964
-15.9627235289 0.719397
-15.4638928607 0.705578
-14.9650619062 0.686325
-14.4662306653 0.661949
-13.9673991381 0.634621
-13.4685673245 0.603656
-12.9697352246 0.569699
-12.4709028381 0.532503
-11.9720701652 0.494041
-11.4732372058 0.452526
-10.9744039599 0.410533
-10.4755704274 0.368544
-9.97673660836 0.326159
-9.47790250269 0.285224
-8.97906811037 0.245277
-8.48023343138 0.20737
-7.98139846569 0.175411
-7.48256321327 0.143727
-6.9837276741 0.113457
-6.48489184813 0.0867788
-5.98605573536 0.0636526
-5.48721933574 0.0439186
-4.98838264925 0.0298975
-4.48954567585 0.0185978
-3.99070841553 0.00942507
-3.49187086825 0.00238244
-2.99303303397 0.000330123
-2.49419491269 0
-1.99535650436 0.00104169
-1.49651780895 0.00388342
-0.99767882644 0.00647792
-0.498839556801 0.00799842
0 0.00912655
0.49883984399 0.0113337
0.997679975196 0.0135241
1.49652039365 0.0170356
1.99536109938 0.0210069
2.49420209241 0.0246449
2.99304337277 0.0286182
3.4918849405 0.035191
3.99072679561 0.0425936
4.48956893814 0.0499436
4.98841136812 0.0571977
5.48725408558 0.0630593
5.98609709054 0.0683532
6.48494038303 0.0721901
6.98378396308 0.0758896
7.48262783073 0.078156
7.98147198599 0.0804205
8.4803164289 0.0826144
8.97916115948 0.0838753
9.47800617777 0.0849775
9.9768514838 0.0866883
10.4756970776 0.0908379
10.9745429592 0.0950828
11.4733891286 0.0989003
11.9722355858 0.104299
12.4710823309 0.111749
12.9699293639 0.120427
13.4687766849 0.131035
13.9676242938 0.143376
14.4664721907 0.157593
14.9653203756 0.176475
15.4641688486 0.203016
15.9630176097 0.235125
16.4618666588 0.268784
16.9607159961 0.302129
17.4595656215 0.33451
17.9584155352 0.36435
18.457265737 0.392974
18.9561162271 0.41974
19.4549670055 0.444994
19.9538180722 0.469293
20.4526694272 0.491719
20.9515210705 0.513685
21.4503730023 0.533719
21.9492252225 0.551861
22.4480777311 0.569136
22.9469305282 0.584159
23.4457836138 0.596478
23.9446369879 0.607453
24.4434906506 0.617452
24.9423446019 0.626942
