-24.9537796291 0.529968
-24.4547105873 0.530933
-23.9556412785 0.532679
-23.4565717026 0.536115
-22.9575018597 0.540287
-22.4584317497 0.545467
-21.9593613726 0.551764
-21.4602907284 0.559233
-20.961219817 0.567018
-20.4621486385 0.575221
-19.9630771927 0.583273
-19.4640054798 0.590205
-18.9649334996 0.595626
-18.4658612521 0.600455
-17.9667887374 0.603792
-17.4677159553 0.604214
-16.9686429059 0.603291
-16.4695695892 0.601226
-15.9704960051 0.595112
-15.4714221535 0.583405
-14.9723480346 0.570297
-14.4732736482 0.554063
-13.9741989943 0.534849
-13.475124073 0.511959
-12.9760488841 0.484981
-12.4769734277 0.455338
-11.9778977037 0.42188
-11.4788217121 0.386516
-10.9797454529 0.348717
-10.4806689261 0.310455
-9.98159213167 0.272303
-9.48251506953 0.233475
-8.98343773969 0.197159
-8.48436014214 0.164756
-7.98528227683 0.134663
-7.48620414376 0.1057
-6.9871257429 0.0801288
-6.48804707422 0.0584182
-5.98896813771 0.0398077
-5.48988893334 0.0246422
-4.99080946108 0.0153471
-4.49172972093 0.00912485
-3.99264971284 0.00504072
-3.4935694368 0.00364862
-2.99448889279 0.00220826
-2.49540808078 0.000703875
-1.99632700075 0
-1.49724565268 0.00555473
-0.998164036552 0.0142679
-0.499082152332 0.0265332
0 0.0421513
0.499082420463 0.0627158
0.998165109082 0.0873586
1.49724806588 0.114844
1.99633129088 0.146788
2.4954147841 0.182693
2.99449854557 0.220551
3.49358257531 0.26025
3.99266687334 0.302751
4.49175143968 0.347313
4.99083627436 0.393401
5.4899213774 0.440182
5.98900674883 0.488739
6.48809238865 0.539278
6.98717829691 0.591511
7.48626447362 0.643489
7.9853509188 0.694855
8.48443763247 0.747093
8.98352461467 0.798514
9.48261186541 0.847859
9.9816993847 0.896357
10.4807871726 0.942801
10.9798752291 0.986545
11.4789635542 1.02296
11.978052148 1.05375
12.4771410104 1.07359
12.9762301416 1.08412
13.4753195415 1.09084
13.9744092101 1.09547
14.4734991475 1.09596
14.9725893537 1.08997
15.4716798287 1.08132
15.9707705725 1.06896
16.4698615852 1.05344
16.9689528667 1.03677
17.4680444172 1.01888
17.9671362366 0.999659
18.4662283249 0.978365
18.9653206822 0.956238
19.4644133085 0.933771
19.9635062038 0.909575
20.4625993682 0.885979
20.9616928016 0.863296
21.4607865041 0.842085
21.9598804757 0.820589
22.4589747164 0.799267
22.9580692263 0.778006
23.4571640053 0.75571
23.9562590536 0.734744
24.455354371 0.714725
24.9544499577 0.698298
