-24.950485127 0.416597
-24.4514821028 0.31285
-23.9524788064 0.249127
-23.4534752377 0.260366
-22.9544713968 0.313868
-22.4554672837 0.364024
-21.9564628982 0.386496
-21.4574582405 0.316984
-20.9584533104 0.206564
-20.4594481079 0.10135
-19.9604426331 0.03207
-19.4614368858 0.0246536
-18.9624308661 0
-18.463424574 0.0314795
-17.9644180093 0.163469
-17.4654111722 0.262261
-16.9664040625 0.287881
-16.4673966803 0.254904
-15.9683890254 0.219508
-15.469381098 0.193704
-14.9703728979 0.188285
-14.4713644252 0.197135
-13.9723556798 0.223949
-13.4733466617 0.266571
-12.9743373709 0.316251
-12.4753278073 0.412642
-11.9763179709 0.548572
-11.4773078617 0.687844
-10.9782974797 0.774545
-10.4792868248 0.773182
-9.98027589706 0.804977
-9.48126469641 0.860612
-8.98225322284 0.883746
-8.48324147631 0.835642
-7.9842294568 0.73105
-7.4852171643 0.587887
-6.98620459877 0.447404
-6.48719176018 0.353044
-5.98817864853 0.311831
-5.48916526378 0.32566
-4.9901516059 0.357452
-4.49113767488 0.341755
-3.99212347068 0.274942
-3.49310899329 0.270006
-2.99409424268 0.308781
-2.49507921882 0.336719
-1.99606392169 0.335641
-1.49704835127 0.327508
-0.998032507531 0.307655
-0.49901639045 0.309525
0 0.314142
0.49901666384 0.306451
0.998033601097 0.309032
1.49705081179 0.34948
1.99606829595 0.388582
2.4950860536 0.423638
2.99410408477 0.481463
3.49312238947 0.560078
3.99214096773 0.63775
4.49115981958 0.717873
4.99017894503 0.820067
5.48919834413 0.944376
5.98821801688 1.03098
6.48723796331 1.09259
6.98625818346 1.18172
7.48527867733 1.30218
7.98429944496 1.42142
8.48332048637 1.51498
8.98234180159 1.58123
9.48136339063 1.60012
9.98038525353 1.58973
10.4794073903 1.58623
10.978429801 1.58391
11.4774524856 1.57406
11.9764754441 1.57897
12.4754986767 1.57673
12.9745221832 1.5441
13.4735459637 1.47278
13.9725700183 1.38256
14.471594347 1.29813
14.9706189497 1.21212
15.4696438266 1.10262
15.9686689776 0.994512
16.4676944028 0.912762
16.9667201022 0.863813
17.4657460758 0.836694
17.9647723236 0.808418
18.4637988457 0.743408
18.9628256421 0.664634
19.4618527128 0.607874
19.9608800579 0.554701
20.4599076773 0.528293
20.958935571 0.565299
21.4579637392 0.655197
21.9569921819 0.714686
22.4560208989 0.738614
22.9550498905 0.703314
23.4540791566 0.662444
23.9531086972 0.62264
24.4521385123 0.593276
24.951168602 0.569788
