-24.941701605 0.310196
-24.4428745963 0.326613
-23.9440473015 0.343595
-23.4452197204 0.357889
-22.9463918531 0.371603
-22.4475636995 0.384793
-21.9487352595 0.395983
-21.4499065332 0.403717
-20.9510775205 0.408397
-20.4522482214 0.408837
-19.9534186358 0.402661
-19.4545887638 0.392753
-18.9557586053 0.378887
-18.4569281602 0.361864
-17.9580974286 0.337275
-17.4592664104 0.310771
-16.9604351056 0.280539
-16.4616035142 0.247971
-15.962771636 0.215652
-15.4639394712 0.183806
-14.9651070196 0.153024
-14.4662742813 0.12413
-13.9674412562 0.0972909
-13.4686079443 0.0740149
-12.9697743455 0.0526542
-12.4709404599 0.0349208
-11.9721062873 0.0209537
-11.4732718278 0.0100978
-10.9744370814 0.00351294
-10.475602048 1.88376e-05
-9.9767667275 0
-9.47793112 0.00385719
-8.97909522542 0.00955921
-8.48025904373 0.0165561
-7.98142257491 0.0243218
-7.48258581893 0.0311356
-6.98374877575 0.0342992
-6.48491144535 0.0339269
-5.98607382771 0.0322694
-5.48723592278 0.0314043
-4.98839773055 0.0308092
-4.48955925098 0.0311329
-3.99072048405 0.0331176
-3.49188142972 0.0377917
-2.99304208797 0.0450791
-2.49420245877 0.0541903
-1.99536254209 0.0651107
-1.4965223379 0.0779513
-0.997681846176 0.0924052
-0.498841066885 0.107851
0 0.123583
0.498841354509 0.140436
0.997682996668 0.157427
1.49652492651 0.173271
1.99536714406 0.188304
2.49420964935 0.202155
2.9930524424 0.215299
3.49189552325 0.228364
3.99073889192 0.240837
4.48958254845 0.251867
4.98842649285 0.260774
5.48727072517 0.268447
5.98611524542 0.275132
6.48496005364 0.282136
6.98380514986 0.286747
7.4826505341 0.291907
7.98149620639 0.296168
8.48034216676 0.301067
8.97918841525 0.305802
9.47803495187 0.311901
9.97688177665 0.319925
10.4757288896 0.328346
10.9745762908 0.339356
11.4734239803 0.352001
11.972271958 0.366746
12.4711202241 0.383773
12.9699687785 0.401837
13.4688176212 0.421263
13.9676667524 0.440583
14.4665161719 0.460859
14.96536588 0.480125
15.4642158765 0.499381
15.9630661615 0.518243
16.461916735 0.53576
16.9607675972 0.551336
17.4596187479 0.565269
17.9584701872 0.576292
18.4573219152 0.584538
18.9561739318 0.592008
19.4550262372 0.597386
19.9538788313 0.599924
20.4527317142 0.601155
20.9515848858 0.600551
21.4504383463 0.598248
21.9492920957 0.594508
22.4481461339 0.590556
22.947000461 0.58469
23.445855077 0.579339
23.9447099821 0.572877
24.4435651761 0.566045
24.9424206591 0.558964
