-24.9439686581 0.0639733
-24.4450961965 0.0844151
-23.9462234534 0.106149
-23.4473504285 0.129451
-22.9484771219 0.153712
-22.4496035335 0.179115
-21.9507296634 0.205625
-21.4518555115 0.233457
-20.9529810778 0.262233
-20.4541063622 0.291295
-19.9552313647 0.320715
-19.4563560853 0.350722
-18.9574805239 0.380828
-18.4586046806 0.410147
-17.9597285553 0.440019
-17.4608521479 0.46845
-16.9619754586 0.492149
-16.4630984871 0.515027
-15.9642212335 0.53666
-15.4653436978 0.554604
-14.9664658799 0.569073
-14.4675877798 0.580375
-13.9687093976 0.587305
-13.469830733 0.589164
-12.9709517862 0.588508
-12.4720725571 0.584671
-11.9731930457 0.575626
-11.4743132519 0.560461
-10.9754331757 0.541411
-10.4765528171 0.514835
-9.97767217603 0.483075
-9.47879125252 0.448541
-8.97991004652 0.410877
-8.48102855799 0.369902
-7.98214678691 0.326428
-7.48326473324 0.282456
-6.98438239698 0.238258
-6.48549977807 0.194323
-5.98661687651 0.152726
-5.48773369225 0.113293
-4.98885022528 0.0796734
-4.48996647556 0.0493814
-3.99108244307 0.0264218
-3.49219812778 0.0136741
-2.99331352966 0.00466633
-2.49442864868 0
-1.99554348482 0.00130517
-1.49665803805 0.00722644
-0.997772308345 0.0154687
-0.49888629567 0.0264049
0 0.0380452
0.49888657869 0.0479383
0.997773440429 0.0555461
1.49666058525 0.0609284
1.99554801317 0.0652526
2.49443572422 0.0695319
2.99332371843 0.0734328
3.49221199582 0.0791755
3.99110055643 0.0866602
4.48998940029 0.0994871
4.98887852741 0.120902
5.48776793783 0.146287
5.98665763157 0.175797
6.48554760866 0.210661
6.98443786914 0.247017
7.48332841302 0.281912
7.98221924033 0.307841
8.48111035111 0.31687
8.98000174537 0.315156
9.47889342315 0.305633
9.97778538447 0.289729
10.4766776294 0.271177
10.9755701579 0.251411
11.47446297 0.233284
11.9733560658 0.21737
12.4722494452 0.204043
12.9711431084 0.193478
13.4700370553 0.185995
13.9689312859 0.182729
14.4678258004 0.1825
14.9667205987 0.185903
15.4656156808 0.192023
15.9645110468 0.200676
16.4634066966 0.209994
16.9623026305 0.221823
17.4611988482 0.235065
17.96009535 0.248916
18.4589921357 0.262633
18.9578892055 0.276659
19.4567865594 0.291467
19.9556841973 0.306099
20.4545821194 0.320199
20.9534803256 0.334744
21.452378816 0.349422
21.9512775906 0.364645
22.4501766494 0.378747
22.9490759925 0.392922
23.4479756198 0.408278
23.9468755315 0.423624
24.4457757275 0.438411
24.9446762078 0.453421
