-24.9504627762 0.143432
-24.451460196 0.157323
-23.9524573437 0.222774
-23.4534542193 0.2643
-22.9544508228 0.278706
-22.4554471541 0.283922
-21.9564432133 0.317853
-21.4574390003 0.325856
-20.9584345151 0.327296
-20.4594297576 0.360702
-19.9604247279 0.420502
-19.4614194259 0.482235
-18.9624138516 0.498422
-18.4634080049 0.498495
-17.9644018859 0.436795
-17.4653954945 0.322898
-16.9663888307 0.185835
-16.4673818944 0.087437
-15.9683746857 0.114107
-15.4693672045 0.230819
-14.9703594507 0.429034
-14.4713514245 0.652984
-13.9723431257 0.83973
-13.4733345543 0.937098
-12.9743257103 1.0158
-12.4753165936 1.05508
-11.9763072043 1.05929
-11.4772975423 1.0234
-10.9782876076 0.953146
-10.4792774002 0.845836
-9.98026692004 0.717724
-9.48125616708 0.603331
-8.98224514131 0.461697
-8.48323384272 0.326102
-7.98422227127 0.203203
-7.48521042695 0.103021
-6.98619830972 0.0647089
-6.48718591956 0.0446501
-5.98817325645 0.0237659
-5.48916032037 0.0146136
-4.99014711128 0.0171402
-4.49113362917 0.0331162
-3.99211987401 0.0625517
-3.49310584577 0.0663983
-2.99409154444 0.0335398
-2.49507696998 0.0223393
-1.99606212238 0.0163074
-1.4970470016 0.0206259
-0.998031607631 0
-0.499015940438 0.0166314
0 0.0439115
0.499016213707 0.0764952
0.998032700708 0.0903699
1.49704946103 0.0743461
1.99606649469 0.0742698
2.49508380172 0.0912652
2.99410138214 0.12357
3.49311923597 0.1986
3.99213736325 0.312949
4.49115576399 0.416298
4.99017443821 0.481758
5.48919338595 0.558197
5.98821260723 0.629572
6.48723210207 0.673636
6.98625187049 0.667714
7.48527191253 0.709494
7.98429222819 0.828347
8.48331281752 0.952803
8.98233368053 1.0223
9.48135481725 1.09788
9.98037622769 1.18004
10.4793979119 1.26873
10.9784198699 1.3161
11.4774421017 1.3255
11.9764646073 1.33268
12.4754873867 1.3268
12.9745104401 1.3269
13.4735337673 1.31195
13.9725573685 1.27288
14.4715812436 1.21862
14.9706053927 1.16604
15.4696298158 1.11497
15.9686545129 1.0498
16.4676794841 0.927765
16.9667047293 0.81672
17.4657302486 0.702323
17.9647560421 0.590594
18.4637821096 0.482342
18.9628084514 0.363918
19.4618350673 0.278638
19.9608619575 0.246214
20.4598891219 0.255837
20.9589165605 0.324209
21.4579442735 0.392021
21.9569722607 0.44394
22.4560005223 0.381586
22.9550290583 0.281246
23.4540578686 0.208644
23.9530869533 0.214669
24.4521163125 0.278161
24.9511459461 0.391393
