-24.9465182875 0
-24.4475947675 0.00955759
-23.9486709684 0.0491161
-23.4497468904 0.0960973
-22.9508225333 0.152466
-22.4518978971 0.197325
-21.9529729818 0.23732
-21.4540477874 0.278506
-20.9551223138 0.316125
-20.4561965611 0.363211
-19.9572705292 0.42901
-19.458344218 0.506672
-18.9594176276 0.579999
-18.4604907579 0.622568
-17.9615636089 0.649912
-17.4626361805 0.70272
-16.9637084728 0.824898
-16.4647804857 0.958054
-15.9658522192 1.06496
-15.4669236732 1.09405
-14.9679948478 1.0693
-14.4690657428 1.00693
-13.9701363584 0.883566
-13.4712066944 0.714136
-12.9722767508 0.53188
-12.4733465276 0.36948
-11.9744160248 0.310351
-11.4754852423 0.318602
-10.9765541802 0.347466
-10.4776228383 0.396031
-9.97869121672 0.461884
-9.47975931537 0.543223
-8.98082713423 0.635792
-8.48189467328 0.719741
-7.98296193249 0.776268
-7.48402891183 0.804028
-6.98509561128 0.810102
-6.48616203081 0.805169
-5.98722817039 0.777804
-5.48829403 0.738391
-4.98935960961 0.682222
-4.4904249092 0.618429
-3.99148992873 0.550845
-3.49255466819 0.485218
-2.99361912754 0.434354
-2.49468330676 0.396664
-1.99574720583 0.380775
-1.49681082471 0.394718
-0.997874163387 0.416918
-0.498937221825 0.437981
0 0.436491
0.498937502113 0.423094
0.997875284541 0.404019
1.49681334731 0.386771
1.99575169045 0.37497
2.49469031398 0.349055
2.99362921793 0.339435
3.49256840232 0.396887
3.99150786719 0.490166
4.49044761256 0.584472
4.98938763845 0.687195
5.48832794489 0.79554
5.98726853192 0.907796
6.48620939954 1.01859
6.98515054779 1.10342
7.48409197671 1.16644
7.9830336863 1.21022
8.4819756766 1.20762
8.98091794764 1.07325
9.47986049943 0.878936
9.97880333202 0.662451
10.4777464454 0.492539
10.9766898397 0.42605
11.4756335148 0.431877
11.9745774708 0.477179
12.4735217077 0.508187
12.9724662255 0.534767
13.4714110243 0.540904
13.9703561042 0.537764
14.469301465 0.551691
14.9682471069 0.589087
15.4671930299 0.779962
15.9661392339 0.959956
16.4650857191 1.11852
16.9640324855 1.24593
17.462979533 1.33324
17.9619268618 1.37443
18.4608744717 1.37642
18.9598223629 1.35119
19.4587705354 1.31929
19.9577189893 1.28482
20.4566677244 1.19824
20.9556167409 1.06557
21.4545660388 0.946802
21.9535156181 0.869628
22.4524654789 0.860745
22.9514156211 0.893881
23.4503660448 0.965274
23.94931675 1.06668
24.4482677368 1.15075
24.9472190051 1.14251
