-24.9391921515 0.413991
-24.440415456 0.374261
-23.9416384693 0.341423
-23.4428611912 0.312904
-22.9440836218 0.288797
-22.4453057611 0.268814
-21.9465276091 0.250836
-21.4477491656 0.235225
-20.9489704307 0.220844
-20.4501914043 0.207745
-19.9514120864 0.194136
-19.452632477 0.178759
-18.953852576 0.15942
-18.4550723835 0.134559
-17.9562918993 0.100814
-17.4575111235 0.0717565
-16.9587300561 0.0601077
-16.4599486969 0.0435391
-15.9611670459 0.0307875
-15.4623851033 0.0259611
-14.9636028688 0.0230815
-14.4648203425 0.0209468
-13.9660375243 0.0178767
-13.4672544143 0.0125984
-12.9684710123 0.0069063
-12.4696873184 0.00191908
-11.9709033325 0
-11.4721190546 0.00120512
-10.9733344847 0.00356154
-10.4745496227 0.00574592
-9.97576446856 0.00692467
-9.47697902233 0.0100994
-8.97819328395 0.0165093
-8.47940725338 0.025201
-7.98062093059 0.0383115
-7.48183431556 0.0544935
-6.98304740825 0.0731082
-6.48426020863 0.095123
-5.98547271668 0.124112
-5.48668493236 0.155511
-4.98789685564 0.187167
-4.48910848649 0.210827
-3.99031982488 0.220771
-3.49153087079 0.230496
-2.99274162419 0.243852
-2.49395208503 0.253644
-1.9951622533 0.257109
-1.49637212896 0.25677
-0.997581711983 0.255086
-0.498791002339 0.250156
0 0.26493
0.498791295066 0.297528
0.997582882889 0.337453
1.4963747635 0.369578
1.99516693692 0.390692
2.4939594032 0.397825
2.99275216234 0.385154
3.4915452144 0.390562
3.99033855939 0.405057
4.48913219734 0.401739
4.9879261283 0.387366
5.48672035227 0.368774
5.9855148693 0.350491
6.48430967942 0.337285
6.98310478265 0.358276
7.48190017903 0.380064
7.98069586858 0.39115
8.47949185134 0.407416
8.97828812732 0.449142
9.47708469658 0.477989
9.97588155912 0.49332
10.474678715 0.49973
10.9734761642 0.502395
11.4722739068 0.51475
11.9710719428 0.534337
12.4698702723 0.561925
12.9686688952 0.580032
13.4674678117 0.586688
13.9662670216 0.588942
14.4650665252 0.591019
14.9638663223 0.597852
15.462666413 0.600772
15.9614667974 0.596155
16.4602674755 0.58655
16.9590684473 0.573868
17.4578697128 0.572001
17.9566712721 0.575366
18.4554731252 0.585246
18.9542752721 0.579304
19.4530777129 0.575787
19.9518804475 0.573084
20.4506834761 0.580551
20.9494867986 0.60073
21.4482904151 0.617344
21.9470943256 0.586972
22.4458985302 0.552219
22.9447030288 0.497411
23.4435078215 0.475882
23.9423129083 0.472828
24.4411182893 0.48736
24.9399239645 0.51284
