-25.005933728 0.94385
-24.5058115258 0.932676
-24.0056894676 0.917545
-23.5055675533 0.902477
-23.005445783 0.885934
-22.5053241566 0.871452
-22.0052026742 0.857585
-21.5050813357 0.847298
-21.0049601412 0.840967
-20.5048390906 0.837294
-20.004718184 0.83529
-19.5045974213 0.836505
-19.0044768027 0.841998
-18.5043563279 0.849151
-18.0042359972 0.858603
-17.5041158104 0.868264
-17.0039957676 0.877549
-16.5038758688 0.88622
-16.003756114 0.889973
-15.5036365032 0.877129
-15.0035170363 0.836742
-14.5033977135 0.800287
-14.0032785346 0.793006
-13.5031594997 0.791169
-13.0030406089 0.782144
-12.502921862 0.770221
-12.0028032591 0.756115
-11.5026848003 0.738028
-11.0025664855 0.716597
-10.5024483146 0.694041
-10.0023302878 0.667076
-9.50221240506 0.63941
-9.00209466631 0.609983
-8.50197707158 0.577687
-8.00185962088 0.545125
-7.50174231422 0.512787
-7.00162515158 0.481828
-6.50150813299 0.451717
-6.00139125844 0.420621
-5.50127452793 0.39014
-5.00115794146 0.361998
-4.50104149905 0.334998
-4.00092520069 0.309154
-3.50080904638 0.284083
-3.00069303613 0.257751
-2.50057716994 0.227793
-2.00046144781 0.195463
-1.50034586976 0.163422
-1.00023043576 0.131583
-0.500115145844 0.101167
0 0.0715928
0.500115001767 0.0470193
1.00022985946 0.0300321
1.50034457306 0.0169225
2.00045914258 0.00723493
2.50057356801 0.0011561
3.00068784935 0
3.5008019866 0.00455594
4.00091597974 0.0134962
4.50102982879 0.0246478
5.00114353374 0.0402679
5.50125709458 0.0579618
6.00137051132 0.0770871
6.50148378394 0.0986936
7.00159691246 0.121927
7.50170989685 0.14506
8.00182273713 0.1682
8.50193543328 0.192663
9.00204798532 0.21535
9.50216039322 0.238201
10.002272657 0.258921
10.5023847766 0.277635
11.0024967521 0.294727
11.5026085835 0.310513
12.0027202708 0.323624
12.5028318138 0.334348
13.0029432128 0.344311
13.5030544676 0.352637
14.0031655782 0.358865
14.5032765447 0.361241
15.003387367 0.361229
15.5034980452 0.360843
16.0036085792 0.358948
16.5037189691 0.354665
17.0038292147 0.350179
17.5039393163 0.343176
18.0040492736 0.334592
18.5041590868 0.326365
19.0042687557 0.318198
19.5043782805 0.3101
20.0044876612 0.302973
20.5045968976 0.295707
21.0047059898 0.288082
21.5048149379 0.28172
22.0049237418 0.275468
22.5050324014 0.270791
23.0051409169 0.266401
23.5052492882 0.263919
24.0053575152 0.261651
24.5054655981 0.260548
25.0055735367 0.260158
