-24.9867652296 0.570413
-24.487034727 0.585005
-23.9873040285 0.623069
-23.4875731341 0.65642
-22.9878420438 0.673918
-22.4881107575 0.689875
-21.9883792754 0.69517
-21.4886475973 0.688927
-20.9889157233 0.677185
-20.4891836533 0.683877
-19.9894513874 0.702587
-19.4897189256 0.65503
-18.9899862678 0.575362
-18.490253414 0.517929
-17.9905203643 0.499647
-17.4907871185 0.45049
-16.9910536768 0.441008
-16.4913200391 0.474786
-15.9915862054 0.534178
-15.4918521757 0.578601
-14.99211795 0.583133
-14.4923835283 0.579504
-13.9926489105 0.569246
-13.4929140967 0.569354
-12.9931790869 0.586766
-12.493443881 0.604401
-11.9937084791 0.589274
-11.4939728811 0.518285
-10.994237087 0.397143
-10.4945010969 0.286987
-9.99476491068 0.234519
-9.49502852839 0.193237
-8.99529195001 0.120497
-8.49555517553 0.097248
-7.99581820494 0.0390948
-7.49608103825 0
-6.99634367543 0.0273989
-6.49660611649 0.051061
-5.99686836143 0.0565803
-5.49713041022 0.0476975
-4.99739226287 0.0301854
-4.49765391937 0.0230396
-3.99791537971 0.051094
-3.49817664389 0.0756813
-2.99843771189 0.0880924
-2.49869858373 0.0751395
-1.99895925937 0.0527874
-1.49921973883 0.0488811
-0.999480022093 0.0513372
-0.499740109152 0.0491297
0 0.0342996
0.499740305366 0.05561
0.999480806955 0.0910536
1.49922150477 0.129094
1.99896239883 0.193709
2.49870348912 0.248227
2.99844477566 0.311313
3.49818625846 0.343744
3.99792793752 0.374595
4.49766981285 0.418844
4.99741188445 0.409088
5.49715415233 0.371609
5.9968966165 0.38695
6.49663927696 0.403537
6.99638213372 0.389512
7.49612518679 0.389065
7.99586843617 0.373882
8.49561188187 0.371685
8.99535552389 0.372006
9.49509936225 0.360973
9.99484339695 0.334181
10.494587628 0.338505
10.9943320554 0.380894
11.4940766791 0.46406
11.9938214992 0.54674
12.4935665157 0.603121
12.9933117286 0.644299
13.4930571378 0.682336
13.9928027435 0.736145
14.4925485455 0.836861
14.9922945439 0.910924
15.4920407388 0.944413
15.99178713 0.977258
16.4915337177 0.989942
16.9912805018 0.957859
17.4910274823 0.919762
17.9907746593 0.894237
18.4905220327 0.865157
18.9902696026 0.818532
19.4900173689 0.759432
19.9897653317 0.711545
20.489513491 0.656904
20.9892618468 0.594423
21.489010399 0.520133
21.9887591477 0.466804
22.4885080929 0.425913
22.9882572347 0.399427
23.4880065729 0.42067
23.9877561076 0.524232
24.4875058389 0.602343
24.9872557667 0.591399
