-24.9464599915 0
-24.4475376293 0.0130018
-23.9486149885 0.0343059
-23.449692069 0.0652451
-22.9507688707 0.102144
-22.4518453938 0.137593
-21.952921638 0.167765
-21.4539976035 0.196846
-20.9550732901 0.244474
-20.4561486979 0.323691
-19.9572238268 0.41943
-19.4582986768 0.515919
-18.9593732479 0.614475
-18.46044754 0.704276
-17.9615215531 0.776074
-17.4625952872 0.82612
-16.9636687423 0.854123
-16.4647419184 0.859356
-15.9658148153 0.851529
-15.4668874331 0.844166
-14.9679597718 0.840736
-14.4690318313 0.85317
-13.9701036116 0.873984
-13.4711751127 0.910145
-12.9722463346 0.91026
-12.4733172772 0.88477
-11.9743879404 0.846155
-11.4754583244 0.836251
-10.976528429 0.839911
-10.4775982542 0.8254
-9.97866780002 0.805274
-9.47973706639 0.769044
-8.98080605331 0.745868
-8.48187476073 0.70621
-7.98294318865 0.563112
-7.48401133703 0.358954
-6.98507920584 0.25672
-6.48614679505 0.175154
-5.98721410466 0.128697
-5.48828113461 0.100394
-4.98934788489 0.0810465
-4.49041435548 0.0591195
-3.99148054634 0.0529448
-3.49254645745 0.0553233
-2.99361208879 0.0588295
-2.49467744032 0.0686948
-1.99574251202 0.0961084
-1.49680730386 0.128954
-0.997871815827 0.156648
-0.498936047882 0.200526
0 0.246842
0.498936327843 0.291651
0.997872935673 0.320932
1.49680982352 0.340646
1.9957469914 0.355346
2.49468443936 0.355657
2.9936221674 0.358642
3.49256017557 0.357307
3.99149846388 0.355356
4.49043703236 0.394478
4.98937588104 0.445671
5.48831500994 0.496723
5.9872544191 0.513654
6.48619410853 0.548521
6.98513407827 0.578514
7.48407432833 0.601829
7.98301485876 0.607163
8.48195566956 0.61445
8.98089676077 0.625378
9.47983813242 0.673433
9.97877978452 0.737139
10.4777217171 0.818409
10.9766639302 0.886739
11.4756064239 0.912779
11.9745491981 0.912404
12.4734922529 0.881717
12.9724355883 0.882787
13.4713792044 0.914489
13.9703231011 0.951428
14.4692672785 0.978734
14.9682117367 0.998307
15.4671564756 1.04315
15.9661014953 1.10295
16.4650467958 1.13488
16.9639923771 1.10713
17.4629382392 1.14329
17.9618843823 1.22817
18.4608308062 1.27501
18.9597775111 1.28199
19.4587244969 1.26418
19.9576717637 1.22605
20.4566193115 1.17898
20.9555671404 1.13975
21.4545152503 1.11936
21.9534636413 1.11559
22.4524123135 1.12829
22.9513612667 1.05723
23.4503105011 1.01352
23.9492600168 1.01052
24.4482098136 1.04012
24.9471598917 1.06858
