-24.9905110062 0.838076
-24.4906960193 0.833777
-23.990881227 0.829029
-23.4910666293 0.827965
-22.9912522263 0.829527
-22.4914380179 0.833859
-21.9916240041 0.839552
-21.4918101849 0.84842
-20.9919965604 0.859521
-20.4921831304 0.872499
-19.9923698951 0.886721
-19.4925568543 0.902396
-18.9927440082 0.918409
-18.4929313566 0.934181
-17.9931188996 0.948798
-17.4933066372 0.96436
-16.9934945694 0.979065
-16.4936826961 0.991823
-15.9938710174 1.00485
-15.4940595333 1.0147
-14.9942482437 1.01718
-14.4944371486 1.01648
-13.9946262481 1.01238
-13.4948155422 1.00481
-12.9950050307 0.994312
-12.4951947139 0.979047
-11.9953845915 0.963624
-11.4955746636 0.958371
-10.9957649303 0.959861
-10.4959553915 0.915432
-9.99614604719 0.861123
-9.49633689738 0.803729
-8.99652794207 0.74382
-8.49671918125 0.678764
-7.99691061492 0.612984
-7.49710224308 0.548738
-6.99729406571 0.486482
-6.49748608281 0.428433
-5.99767829438 0.379382
-5.49787070041 0.346401
-4.99806330091 0.321559
-4.49825609586 0.294303
-3.99844908525 0.269629
-3.49864226909 0.214589
-2.99883564737 0.156213
-2.49902922009 0.105451
-1.99922298723 0.0660302
-1.4994169488 0.0388243
-0.999611104785 0.0182793
-0.499805455188 0.00387527
0 0
0.499805260782 0.000339082
0.999610327164 0.00562442
1.49941519915 0.0159899
1.99921987675 0.034345
2.49902435996 0.063329
2.99882864879 0.103237
3.49863274324 0.152328
3.99843664333 0.208709
4.49824034905 0.271797
4.9980438604 0.333829
5.4978471774 0.393097
5.99765030005 0.449671
6.49745322836 0.506139
6.99725596232 0.559706
7.49705850195 0.610649
7.99686084724 0.657253
8.49666299821 0.697298
8.99646495486 0.726988
9.49626671719 0.743623
9.99606828521 0.745593
10.4958696589 0.732622
10.9956708383 0.709684
11.4954718235 0.679378
11.9952726143 0.64263
12.4950732108 0.605178
12.9948736131 0.569936
13.4946738211 0.548258
13.9944738348 0.53912
14.4942736542 0.535404
14.9940732794 0.53122
15.4938727103 0.52699
15.993671947 0.521327
16.4934709894 0.516366
16.9932698376 0.515094
17.4930684916 0.516785
17.9928669513 0.52135
18.4926652168 0.526792
18.992463288 0.532569
19.4922611651 0.538727
19.9920588479 0.543341
20.4918563366 0.546558
20.991653631 0.545452
21.4914507313 0.535523
21.9912476373 0.517365
22.4910443492 0.488727
22.9908408669 0.448235
23.4906371904 0.398506
23.9904333197 0.340605
24.4902292549 0.273877
24.9900249959 0.203004
