-24.9614572071 0.718806
-24.4622342278 0.702755
-23.9630109972 0.684422
-23.4637875153 0.663875
-22.964563782 0.640807
-22.4653397973 0.616564
-21.9661155612 0.589743
-21.4668910738 0.559706
-20.9676663348 0.52913
-20.4684413444 0.496351
-19.9692161026 0.461554
-19.4699906092 0.425695
-18.9707648644 0.388742
-18.471538868 0.351874
-17.9723126201 0.31475
-17.4730861205 0.277642
-16.9738593694 0.239808
-16.4746323667 0.202074
-15.9754051124 0.163428
-15.4761776064 0.123182
-14.9769498488 0.0816524
-14.4777218394 0.0455111
-13.9784935784 0.016165
-13.4792650656 0
-12.9800363011 0.00612538
-12.4808072849 0.0291667
-11.9815780168 0.0778855
-11.482348497 0.136215
-10.9831187253 0.181419
-10.4838887018 0.214451
-9.98465842646 0.238779
-9.48542789923 0.246408
-8.9861971201 0.23643
-8.48696608906 0.224097
-7.98773480608 0.21244
-7.48850327115 0.202634
-6.98927148425 0.193507
-6.49003944536 0.185981
-5.99080715446 0.179797
-5.49157461153 0.175779
-4.99234181656 0.17334
-4.49310876952 0.172253
-3.99387547039 0.172748
-3.49464191915 0.174988
-2.9954081158 0.178553
-2.4961740603 0.18526
-1.99693975264 0.191821
-1.4977051928 0.198071
-0.998470380757 0.206712
-0.499235316497 0.218027
0 0.232688
0.499235568754 0.251471
0.998471389782 0.272983
1.49770746311 0.29654
1.99694378874 0.322207
2.49618036671 0.350498
2.99541719703 0.380103
3.49465427972 0.411341
3.9938916148 0.444357
4.49312920229 0.477543
4.9923670422 0.511193
5.49160513456 0.545029
5.99084347939 0.579553
6.4900820767 0.61297
6.98932092651 0.645673
7.48856002884 0.677319
7.98779938371 0.708066
8.48703899115 0.736311
8.98627885116 0.763047
9.48551896376 0.788345
9.98475932899 0.811568
10.4839999468 0.83176
10.9832408174 0.850322
11.4824819405 0.868214
11.9817233164 0.882432
12.480964945 0.895326
12.9802068263 0.907199
13.4794489604 0.917185
13.9786913472 0.925714
14.4779339868 0.932714
14.9771768792 0.938143
15.4764200245 0.941528
15.9756634225 0.942742
16.4749070735 0.942041
16.9741509773 0.941098
17.473395134 0.937814
17.9726395436 0.932433
18.4718842062 0.924912
18.9711291217 0.915645
19.4703742902 0.902299
19.9696197117 0.887691
20.4688653862 0.871312
20.9681113137 0.852676
21.4673574943 0.830471
21.9666039279 0.80508
22.4658506146 0.77825
22.9650975545 0.750234
23.4643447474 0.720507
23.9635921935 0.690022
24.4628398928 0.657094
24.9620878452 0.624951
