-24.9652766192 0.85716
-24.4659770757 0.825476
-23.9666772881 0.792443
-23.4673772563 0.807968
-22.9680769803 0.796977
-22.4687764601 0.75718
-21.9694756956 0.757557
-21.4701746869 0.71364
-20.9708734339 0.631062
-20.4715719366 0.52478
-19.972270195 0.426637
-19.4729682091 0.378747
-18.9736659788 0.35846
-18.4743635042 0.340052
-17.9750607852 0.346782
-17.4757578218 0.356661
-16.976454614 0.373752
-16.4771511617 0.376674
-15.977847465 0.347426
-15.4785435239 0.325628
-14.9792393383 0.314343
-14.4799349081 0.349719
-13.9806302335 0.397329
-13.4813253143 0.411117
-12.9820201506 0.433919
-12.4827147423 0.455328
-11.9834090894 0.47474
-11.4841031919 0.497698
-10.9847970498 0.522674
-10.485490663 0.55594
-9.98618403165 0.578357
-9.48687715558 0.591817
-8.98757003483 0.604224
-8.48826266937 0.603416
-7.98895505919 0.599484
-7.48964720426 0.574596
-6.99033910458 0.4903
-6.49103076013 0.424272
-5.99172217089 0.395617
-5.49241333683 0.315169
-4.99310425796 0.277353
-4.49379493423 0.267499
-3.99448536565 0.214699
-3.4951755522 0.142269
-2.99586549384 0.0864526
-2.49655519058 0.0529782
-1.99724464239 0.0404426
-1.49793384925 0.0283726
-0.998622811155 0.0139584
-0.499311528075 0.00471385
0 0.0136806
0.499311773089 0.0264278
0.998623791209 0.0350914
1.49793605438 0.0291852
1.99724856261 0.0142871
2.49656131593 0.00739086
2.99587431434 0.00450865
3.49518755787 0.0182921
3.99450104653 0.0470329
4.49381478035 0.0543082
4.99312875933 0.0249688
5.49244298349 0
5.99175745286 0.0724182
6.49107216745 0.153702
6.99038712727 0.192652
7.48970233234 0.195483
7.98901778268 0.181688
8.48833347831 0.27554
8.98764941924 0.381311
9.48696560549 0.475864
9.98628203708 0.544229
10.485598714 0.581254
10.9849156363 0.667453
11.484232804 0.726751
11.9835502171 0.727758
12.4828678757 0.74605
12.9821857796 0.805553
13.4815039291 0.916788
13.980822324 1.05829
14.4801409644 1.00507
14.9794598503 0.976829
15.4787789817 0.985739
15.9780983586 1.03021
16.4774179811 1.11334
16.9767378492 1.18167
17.4760579629 1.16409
17.9753783222 1.1692
18.4746989271 1.15723
18.9740197777 1.14048
19.4733408739 1.10545
19.9726622158 1.06039
20.4719838034 1.08276
20.9713056366 1.10119
21.4706277157 1.04488
21.9699500404 0.949417
22.4692726109 0.877249
22.9685954272 0.798556
23.4679184893 0.757914
23.9672417972 0.712831
24.4665653509 0.674288
24.9658891505 0.611277
