-40.5636899575	28.2157196629	-24.9440349973	345.215446392	-3859.62170132
-40.5649922123	28.2200673872	-24.4451612183	345.215446392	-3878.8802868
-40.5662945732	28.2244150991	-23.9462871573	345.214830652	-3884.84677404
-40.5675970402	28.2287627987	-23.4474128141	345.214214775	-3870.20270902
-40.5688996134	28.2331104859	-22.9485381889	345.21359876	-3831.11440169
-40.5702022926	28.2374581608	-22.4496632816	345.212982609	-3786.04382658
-40.5715050781	28.2418058234	-21.9507880921	345.21236632	-3754.07173465
-40.5728079697	28.2461534736	-21.4519126204	345.211749893	-3740.49435506
-40.5741109676	28.2505011114	-20.9530368665	345.21113333	-3735.46760666
-40.5754140717	28.2548487369	-20.4541608304	345.210516629	-3729.91790529
-40.5767172821	28.2591963501	-19.955284512	345.20989979	-3725.14027493
-40.5780205989	28.2635439508	-19.4564079113	345.209282815	-3721.56647536
-40.579324022	28.2678915392	-18.9575310283	345.208665701	-3719.15171402
-40.5806275514	28.2722391153	-18.458653863	345.208048451	-3723.33454296
-40.5819311872	28.2765866789	-17.9597764152	345.207431062	-3729.54120078
-40.5832349295	28.2809342302	-17.4608986851	345.206813537	-3737.3379213
-40.5845387782	28.2852817691	-16.9620206725	345.206195873	-3747.72253251
-40.5858427334	28.2896292957	-16.4631423775	345.205578073	-3759.50935227
-40.5871467951	28.2939768098	-15.9642638	345.204960134	-3774.00447181
-40.5884509634	28.2983243115	-15.4653849399	345.204342058	-3790.05856551
-40.5897552382	28.3026718009	-14.9665057974	345.203723844	-3807.40864633
-40.5910596196	28.3070192779	-14.4676263722	345.203105493	-3825.52084693
-40.5923641076	28.3113667424	-13.9687466645	345.202487004	-3843.91420048
-40.5936687023	28.3157141946	-13.4698666741	345.201868378	-3863.48481211
-40.5949734036	28.3200616344	-12.9709864011	345.201249613	-3885.77646937
-40.5962782116	28.3244090617	-12.4721058454	345.200630711	-3908.44208903
-40.5975831264	28.3287564767	-11.9732250069	345.200011671	-3933.38895134
-40.5988881479	28.3331038792	-11.4743438858	345.199392493	-3959.32721943
-40.6001932763	28.3374512693	-10.9754624819	345.198773178	-3985.97687997
-40.6014985114	28.341798647	-10.4765807951	345.198153725	-4013.55766379
-40.6028038534	28.3461460122	-9.97769882561	345.197534133	-4040.82351536
-40.6041093022	28.3504933651	-9.47881657323	345.196914404	-4068.91648789
-40.6054148579	28.3548407055	-8.97993403797	345.196294537	-4097.65605096
-40.6067205206	28.3591880334	-8.4810512198	345.195674532	-4125.11665853
-40.6080262902	28.363535349	-7.98216811871	345.195054389	-4151.73924414
-40.6093321668	28.3678826521	-7.48328473465	345.194434108	-4177.98369784
-40.6106381504	28.3722299427	-6.98440106761	345.193813689	-4204.37386954
-40.6119442411	28.3765772209	-6.48551711756	345.193193133	-4228.02045929
-40.6132504388	28.3809244866	-5.98663288446	345.192572437	-4249.99815945
-40.6145567436	28.3852717399	-5.4877483683	345.191951605	-4269.38660556
-40.6158631555	28.3896189808	-4.98886356903	345.191330633	-4285.39457224
-40.6171696746	28.3939662091	-4.48997848665	345.190709524	-4298.07071121
-40.6184763008	28.398313425	-3.99109312111	345.190088277	-4310.53533883
-40.6197830342	28.4026606285	-3.49220747239	345.189466891	-4318.73569304
-40.6210898749	28.4070078195	-2.99332154046	345.188845367	-4322.11088812
-40.6223968229	28.411354998	-2.4944353253	345.188223705	-4321.65837347
-40.6237038781	28.415702164	-1.99554882687	345.187601905	-4317.49935763
-40.6250110406	28.4200493175	-1.49666204516	345.186979966	-4305.43656184
-40.6263183105	28.4243964586	-0.997774980127	345.186357889	-4292.16829218
-40.6276256878	28.4287435871	-0.49888763175	345.185735674	-4277.02809837
-40.6289331724	28.4330907032	0	345.18511332	-4258.31331998
-40.6302407645	28.4374378068	0.49888791515	345.184490829	-4235.0876749
-40.6315484641	28.4417848979	0.997776113728	345.183868198	-4209.01927298
-40.6328562711	28.4461319765	1.49666459576	345.18324543	-4179.88989869
-40.6341641856	28.4504790426	1.99555336128	345.182622522	-4148.49110995
-40.6354722077	28.4548260961	2.4944424103	345.181999477	-4115.09946156
-40.6367803373	28.4591731372	2.99333174287	345.181376293	-4080.56538271
-40.6380885746	28.4635201658	3.492221359	345.18075297	-4044.61506236
-40.6393969195	28.4678671818	3.99111125872	345.180129509	-4006.52316458
-40.640705372	28.4722141853	4.49000144206	345.17950591	-3967.13251966
-40.6420139322	28.4765611763	4.98889190905	345.178882171	-3926.96583367
-40.6433226001	28.4809081548	5.48778265972	345.178258295	-3885.79390642
-40.6446313757	28.4852551207	5.98667369408	345.177634279	-3845.86469796
-40.6459402591	28.4896020741	6.48556501218	345.177010125	-3805.28491466
-40.6472492503	28.493949015	6.98445661404	345.176385832	-3766.74736488
-40.6485583493	28.4982959433	7.48334849968	345.175761401	-3729.18724021
-40.6498675562	28.5026428591	7.98224066913	345.17513683	-3691.59663199
-40.6511768709	28.5069897624	8.48113312242	345.174512122	-3656.10099881
-40.6524862936	28.511336653	8.98002585958	345.173887274	-3623.54001911
-40.6537958242	28.5156835312	9.47891888064	345.173262287	-3592.01897331
-40.6551054627	28.5200303968	9.97781218561	345.172637162	-3563.69447555
-40.6564152092	28.5243772498	10.4767057745	345.172011898	-3538.68488749
-40.6577250638	28.5287240902	10.9755996474	345.171386495	-3515.24881786
-40.6590350264	28.5330709181	11.4744938043	345.170760953	-3493.46122612
-40.660345097	28.5374177335	11.9733882453	345.170135272	-3474.66630499
-40.6616552758	28.5417645362	12.4722829703	345.169509452	-3459.20948374
-40.6629655627	28.5461113264	12.9711779794	345.168883493	-3445.45702715
-40.6642759577	28.550458104	13.4700732726	345.168257396	-3434.92108934
-40.665586461	28.554804869	13.9689688499	345.167631159	-3427.01129111
-40.6668970724	28.5591516214	14.4678647114	345.167004783	-3421.04100708
-40.6682077921	28.5634983613	14.9667608571	345.166378268	-3416.12479173
-40.6695186201	28.5678450885	15.465657287	345.165751614	-3413.1982526
-40.6708295563	28.5721918031	15.9645540012	345.165124821	-3412.35738578
-40.6721406009	28.5765385052	16.4634509997	345.16449789	-3412.49943482
-40.6734517539	28.5808851946	16.9623482824	345.163870818	-3416.21685149
-40.6747630152	28.5852318715	17.4612458495	345.163243608	-3421.85037419
-40.6760743849	28.5895785357	17.960143701	345.162616258	-3428.37985214
-40.6773858631	28.5939251873	18.4590418368	345.161988769	-3436.85382324
-40.6786974498	28.5982718263	18.9579402571	345.161361141	-3447.14190314
-40.6800091449	28.6026184527	19.4568389617	345.160733373	-3460.31050116
-40.6813209486	28.6069650665	19.9557379509	345.160105467	-3474.23553411
-40.6826328608	28.6113116676	20.4546372246	345.159477421	-3491.45169711
-40.6839448816	28.6156582561	20.9535367827	345.158849235	-3509.44025038
-40.685257011	28.620004832	21.4524366255	345.15822091	-3529.46265519
-40.686569249	28.6243513952	21.9513367528	345.157592446	-3551.51398383
-40.6878815957	28.6286979458	22.4502371647	345.156963843	-3575.17786015
-40.6891940512	28.6330444838	22.9491378612	345.156335099	-3600.18468646
-40.6905066153	28.6373910091	23.4480388424	345.155706217	-3626.55456646
-40.6918192882	28.6417375217	23.9469401083	345.155077195	-3654.25405449
-40.6931320698	28.6460840218	24.4458416589	345.154448034	-3682.53052684
-40.6944449603	28.6504305091	24.9447434943	345.153818733	-3710.86093849
