-24.9391945033 0.414795
-24.4404177611 0.372225
-23.9416407276 0.333249
-23.4428634028 0.298756
-22.9440857867 0.265875
-22.4453078792 0.237322
-21.9465296804 0.210311
-21.4477511901 0.186488
-20.9489724084 0.16324
-20.4501933352 0.141347
-19.9514139705 0.119714
-19.4526343143 0.0995414
-18.9538543665 0.0809258
-18.4550741271 0.0654387
-17.9562935961 0.053146
-17.4575127734 0.0407256
-16.958731659 0.0277617
-16.4599502529 0.0185176
-15.961168555 0.0136314
-15.4623865654 0.0121549
-14.963604284 0.0121219
-14.4648217107 0.0114933
-13.9660388455 0.00959393
-13.4672556885 0.00706989
-12.9684722395 0.00416849
-12.4696884986 0.00192583
-11.9709044656 0
-11.4721201407 0.00028672
-10.9733355237 0.00163578
-10.4745506146 0.00421743
-9.97576541339 0.0074211
-9.47697992006 0.0118773
-8.97819413455 0.0163458
-8.47940805684 0.0231077
-7.98062168691 0.0353749
-7.48183502471 0.0499578
-6.98304807022 0.0667724
-6.4842608234 0.0875836
-5.98547328424 0.112993
-5.4866854527 0.141484
-4.98789732874 0.174036
-4.48910891235 0.213421
-3.99032020348 0.259173
-3.49153120211 0.31036
-2.99274190822 0.372032
-2.49395232176 0.441813
-1.99516244271 0.502972
-1.49637227104 0.527326
-0.997581806715 0.5471
-0.498791049713 0.574187
0 0.611939
0.498791342453 0.642547
0.997582977677 0.657879
1.4963749057 0.678562
1.99516712655 0.69598
2.49395964027 0.70746
2.99275244687 0.710319
3.4915455464 0.700829
3.99033893887 0.685365
4.48913262432 0.670896
4.98792660278 0.662808
5.48672087428 0.660793
5.98551543886 0.668553
6.48431029652 0.681137
6.98310544732 0.696888
7.48190089128 0.719998
7.98069662842 0.739301
8.47949265879 0.739771
8.9782889824 0.723525
9.47708559928 0.718936
9.97588250948 0.709349
10.474679713 0.699176
10.9734772099 0.679833
11.4722750002 0.671693
11.9710730839 0.659722
12.4698714611 0.646694
12.9686701318 0.631704
13.467469096 0.632839
13.9662683537 0.64436
14.465067905 0.658708
14.9638677499 0.663337
15.4626678884 0.63698
15.9614683206 0.60215
16.4602690465 0.576353
16.9590700662 0.553852
17.4578713795 0.541103
17.9566729867 0.533942
18.4554748877 0.531159
18.9542770825 0.525379
19.4530795712 0.51991
19.9518823537 0.514226
20.4506854303 0.484579
20.9494888007 0.431281
21.4482924652 0.391243
21.9470964237 0.369327
22.4459006762 0.35791
22.9447052228 0.359935
23.4435100636 0.357831
23.9423151984 0.353707
24.4411206275 0.355248
24.9399263507 0.352659
