-25.0060873476 0.557145
-24.5059620626 0.552551
-24.0058369221 0.548786
-23.5057119259 0.545432
-23.0055870741 0.543469
-22.5054623666 0.542031
-22.0053378035 0.543113
-21.5052133848 0.544938
-21.0050891104 0.547738
-20.5049649805 0.552127
-20.0048409949 0.556172
-19.5047171537 0.5617
-19.0045934569 0.566875
-18.5044699045 0.569788
-18.0043464965 0.567222
-17.5042232329 0.56003
-17.0041001137 0.548793
-16.5039771388 0.532769
-16.0038543084 0.513599
-15.5037316224 0.492608
-15.0036090809 0.471941
-14.5034866837 0.451677
-14.0033644309 0.434608
-13.5032423226 0.421668
-13.0031203587 0.412673
-12.5029985392 0.408213
-12.0028768642 0.408072
-11.5027553336 0.405731
-11.0026339474 0.400198
-10.5025127057 0.396696
-10.0023916084 0.393686
-9.50227065556 0.389081
-9.00214984716 0.383743
-8.50202918321 0.377892
-8.00190866372 0.370942
-7.50178828869 0.359761
-7.00166805811 0.346431
-6.501547972 0.331794
-6.00142803036 0.314541
-5.50130823318 0.294055
-5.00118858048 0.272587
-4.50106907225 0.249652
-4.00094970849 0.226503
-3.50083048922 0.201574
-3.00071141443 0.176208
-2.50059248413 0.150788
-2.00047369831 0.125716
-1.50035505699 0.102095
-1.00023656016 0.0789553
-0.50011820783 0.0586673
0 0.0420454
0.500118063327 0.0275684
1.00023598215 0.0165874
1.50035375646 0.00669236
2.00047138626 0.000231822
2.50058887155 0
3.00070621231 0.00187571
3.50082340856 0.00647957
4.00094046028 0.0127713
4.50105736748 0.0205138
5.00117413015 0.0285205
5.50129074829 0.0385671
6.00140722189 0.049039
6.50152355096 0.0600324
7.00163973549 0.0699552
7.50175577547 0.0793457
8.00187167091 0.0874195
8.50198742179 0.0946331
9.00210302813 0.10184
9.50221848992 0.10764
10.0023338071 0.112111
10.5024489798 0.117921
11.0025640079 0.122179
11.5026788915 0.125821
12.0027936304 0.129307
12.5029082248 0.132432
13.0030226746 0.134477
13.5031369799 0.136152
14.0032511406 0.139649
14.5033651567 0.142608
15.0034790282 0.142686
15.5035927551 0.141666
16.0037063374 0.139841
16.5038197751 0.137611
17.0039330683 0.135642
17.5040462168 0.133531
18.0041592208 0.131085
18.5042720801 0.128338
19.0043847948 0.126811
19.5044973649 0.124337
20.0046097904 0.121665
20.5047220713 0.120375
21.0048342076 0.119849
21.5049461993 0.12093
22.0050580463 0.123909
22.5051697487 0.13047
23.0052813065 0.137997
23.5053927196 0.146274
24.0055039881 0.156035
24.505615112 0.167962
25.0057260913 0.181643
