-24.9439538749 0.0889302
-24.445081707 0.0991549
-23.9462092574 0.112637
-23.4473365263 0.128062
-22.9484635136 0.145084
-22.4495902191 0.163618
-21.950716643 0.18298
-21.4518427852 0.203857
-20.9529686457 0.226903
-20.4540942243 0.251921
-19.9552195212 0.277475
-19.4563445362 0.302352
-18.9574692694 0.326783
-18.4585937207 0.352044
-17.95971789 0.376622
-17.4608417775 0.39975
-16.9619653829 0.42263
-16.4630887064 0.44365
-15.9642117479 0.462018
-15.4653345073 0.476963
-14.9664569846 0.491042
-14.4675791798 0.501701
-13.9687010929 0.507752
-13.4698227238 0.510752
-12.9709440725 0.509335
-12.472065139 0.503564
-11.9731859233 0.493731
-11.4743064253 0.480698
-10.975426645 0.464457
-10.4765465824 0.444086
-9.97766623736 0.420461
-9.47878560998 0.39383
-8.97990470019 0.363802
-8.48102350796 0.332722
-7.98214203326 0.300094
-7.48326027607 0.265984
-6.98437823635 0.231537
-6.48549591409 0.197435
-5.98661330925 0.166076
-5.4877304218 0.136009
-4.98884725172 0.107254
-4.48996379897 0.0816476
-3.99108006354 0.0589807
-3.4921960454 0.0408274
-2.99331174451 0.0255238
-2.49442716084 0.0142355
-1.99554229438 0.00743153
-1.4966571451 0.00208283
-0.997771712955 0
-0.498885997932 0.0043809
0 0.0105917
0.498886280869 0.0202296
0.997772844702 0.032261
1.49665969153 0.044512
1.99554682137 0.0580485
2.49443423427 0.073306
2.99332193023 0.0896975
3.4922099093 0.106456
3.9910981715 0.124311
4.48998671685 0.143154
4.98887554539 0.16152
5.48776465715 0.179031
5.98665405214 0.196664
6.4855437304 0.212308
6.98443369195 0.225737
7.48332393683 0.235793
7.98221446505 0.240411
8.48110527666 0.239527
8.97999637166 0.232087
9.4788877501 0.216814
9.977779412 0.1968
10.4766713574 0.174353
10.9755635863 0.15297
11.4744560987 0.131124
11.9733488947 0.110565
12.4722419743 0.0955134
12.9711353376 0.0855407
13.4700289845 0.0793625
13.968922915 0.0783588
14.4678171293 0.0825758
14.9667116273 0.093121
15.465606409 0.108553
15.9645014746 0.13445
16.463396824 0.171629
16.9622924572 0.214144
17.4611883742 0.256083
17.9600845752 0.295558
18.4589810601 0.331932
18.957877829 0.367364
19.4567748818 0.401626
19.9556722186 0.435695
20.4545698395 0.46866
20.9534677445 0.496409
21.4523659335 0.515836
21.9512644066 0.527197
22.4501631639 0.533718
22.9490622053 0.537553
23.447961531 0.539878
23.9468611409 0.543217
24.445761035 0.546595
24.9446612134 0.550309
