-24.9538265845 0.58968
-24.4547566097 0.54092
-23.9556863677 0.495926
-23.4566158584 0.455518
-22.9575450818 0.418721
-22.4584740378 0.387422
-21.9594027265 0.361202
-21.4603311478 0.340898
-20.9612593017 0.326401
-20.4621871882 0.316568
-19.9631148072 0.310654
-19.4640421588 0.31091
-18.9649692429 0.316025
-18.4658960594 0.32293
-17.9668226085 0.332163
-17.4677488899 0.343198
-16.9686749038 0.356195
-16.4696006501 0.369052
-15.9705261287 0.382223
-15.4714513397 0.393838
-14.972376283 0.404246
-14.4733009586 0.414062
-13.9742253665 0.420718
-13.4751495067 0.422826
-12.9760733791 0.422732
-12.4769969837 0.419859
-11.9779203205 0.412576
-11.4788433894 0.402126
-10.9797661905 0.390371
-10.4806887237 0.376709
-9.981610989 0.35645
-9.48253298638 0.335434
-8.9834547158 0.313494
-8.48437617726 0.289795
-7.98529737071 0.266498
-7.48621829615 0.2433
-6.98713895355 0.220314
-6.48805934288 0.198148
-5.98897946413 0.17762
-5.48989931726 0.157314
-4.99081890227 0.138732
-4.49173821911 0.121906
-3.99265726778 0.105668
-3.49357604825 0.0903704
-2.9944945605 0.0774288
-2.4954128045 0.0642706
-1.99633078023 0.0513606
-1.49724848767 0.0391332
-0.998165926789 0.027257
-0.499083097575 0.0149372
0 0.0048044
0.499083365956 0
0.998167000319 0.00322285
1.49725090311 0.0230019
1.99633507435 0.0809487
2.49541951407 0.152341
2.99450422228 0.229795
3.49358919901 0.310784
3.99267444428 0.363604
4.49175995812 0.383294
4.99084574055 0.395915
5.48993179158 0.403831
5.98901811125 0.413798
6.48810469957 0.428903
6.98719155657 0.449588
7.48627868226 0.474801
7.98536607669 0.503962
8.48445373985 0.536082
8.98354167179 0.570915
9.48262987252 0.608077
9.98171834205 0.646772
10.4808070804 0.686215
10.9798960877 0.725215
11.4789853638 0.763851
11.9780749088 0.801026
12.4771647227 0.836756
12.9762548056 0.869027
13.4753451575 0.899123
13.9744357784 0.926999
14.4735266682 0.951611
14.9726178271 0.971151
15.4717092551 0.987901
15.9708009522 1.00129
16.4698929183 1.00907
16.9689851536 1.01535
17.4680776581 1.01746
17.9671704317 1.01712
18.4662634745 1.01166
18.9653567866 1.00358
19.4644503678 0.992167
19.9635442184 0.975375
20.4626383382 0.956922
20.9617327273 0.936219
21.4608273858 0.914192
21.9599223136 0.889646
22.4590175108 0.864372
22.9581129774 0.836396
23.4572087134 0.808698
23.9563047189 0.779499
24.4554009938 0.751268
24.9544975382 0.722112
