-43.0401796281	28.313189524	-24.9651942352	33.5653732518	-3446.45284312
-43.0373555759	28.3169363142	-24.4658963295	33.5653732518	-3384.14493441
-43.0345313246	28.3206830463	-23.9665981801	33.5667127553	-3311.83878908
-43.0317068744	28.3244297202	-23.4672997869	33.5680525158	-3231.09039257
-43.028882225	28.328176336	-22.9680011499	33.5693925333	-3132.76078683
-43.0260573764	28.3319228937	-22.468702269	33.5707328079	-3052.36850176
-43.0232323287	28.3356693931	-21.9694031444	33.5720733395	-2990.27247917
-43.0204070818	28.3394158344	-21.4701037759	33.5734141283	-2984.77445831
-43.0175816355	28.3431622174	-20.9708041635	33.5747551743	-3004.48342924
-43.01475599	28.3469085422	-20.4715043072	33.5760964774	-3051.88632939
-43.0119301451	28.3506548088	-19.972204207	33.5774380378	-3085.35676233
-43.0091041008	28.3544010172	-19.4729038629	33.5787798554	-3075.663216
-43.006277857	28.3581471672	-18.9736032749	33.5801219304	-3042.75956196
-43.0034514138	28.361893259	-18.4743024429	33.5814642627	-3035.22655048
-43.000624771	28.3656392925	-17.975001367	33.5828068522	-3049.99699961
-42.9977979287	28.3693852677	-17.475700047	33.5841496993	-3077.61577057
-42.9949708868	28.3731311846	-16.976398483	33.5854928037	-3079.18583566
-42.9921436452	28.3768770432	-16.4770966751	33.5868361657	-3036.1150686
-42.9893162039	28.3806228434	-15.977794623	33.5881797851	-2948.74765658
-42.9864885628	28.3843685853	-15.4784923269	33.5895236621	-2870.72409021
-42.983660722	28.3881142688	-14.9791897868	33.5908677967	-2840.75271461
-42.9808326814	28.3918598939	-14.4798870025	33.5922121889	-2874.38543172
-42.9780044409	28.3956054606	-13.9805839741	33.5935568386	-2928.08765765
-42.9751760005	28.3993509689	-13.4812807016	33.5949017463	-2978.38904011
-42.9723473601	28.4030964188	-12.981977185	33.5962469114	-3024.80184724
-42.9695185198	28.4068418103	-12.4826734242	33.5975923343	-3057.75192865
-42.9666894794	28.4105871433	-11.9833694192	33.5989380152	-3075.3745067
-42.963860239	28.4143324179	-11.48406517	33.6002839538	-3044.33169368
-42.9610307984	28.4180776339	-10.9847606765	33.6016301501	-3054.84677226
-42.9582011576	28.4218227915	-10.4854559389	33.6029766045	-3093.39361536
-42.9553713167	28.4255678906	-9.98615095701	33.6043233168	-3159.48173548
-42.9525412755	28.4293129312	-9.48684573084	33.605670287	-3262.69083148
-42.9497110341	28.4330579133	-8.9875402604	33.6070175151	-3396.71591943
-42.9468805923	28.4368028368	-8.48823454565	33.6083650014	-3486.64914007
-42.9440499501	28.4405477017	-7.98892858658	33.6097127456	-3513.10750495
-42.9412191075	28.4442925081	-7.48962238317	33.6110607481	-3497.01038269
-42.9383880644	28.4480372559	-6.99031593541	33.6124090086	-3489.5998393
-42.9355568209	28.4517819451	-6.49100924328	33.6137575274	-3492.65658631
-42.9327253768	28.4555265757	-5.99170230676	33.6151063041	-3492.20866793
-42.9298937321	28.4592711477	-5.49239512584	33.6164553394	-3494.41536673
-42.9270618868	28.4630156611	-4.99308770049	33.6178046327	-3482.12191856
-42.9242298409	28.4667601158	-4.4937800307	33.6191541846	-3442.02100161
-42.9213975942	28.4705045118	-3.99447211646	33.6205039945	-3391.84612741
-42.9185651468	28.4742488492	-3.49516395774	33.621854063	-3370.46947874
-42.9157324985	28.4779931279	-2.99585555453	33.6232043899	-3366.28993347
-42.9128996495	28.4817373479	-2.49654690681	33.6245549751	-3396.19614949
-42.9100665995	28.4854815092	-1.99723801457	33.625905819	-3372.39095119
-42.9072333487	28.4892256117	-1.49792887779	33.6272569213	-3305.2629145
-42.9043998968	28.4929696555	-0.99861949644	33.6286082822	-3216.0130554
-42.901566244	28.4967136406	-0.499309870517	33.6299599016	-3181.76404887
-42.8987323901	28.5004575669	0	33.6313117796	-3161.62552423
-42.8958983351	28.5042014344	0.499310115128	33.6326639165	-3213.81498503
-42.893064079	28.5079452431	0.998620474885	33.6340163118	-3305.55132976
-42.8902296217	28.511688993	1.49793107929	33.6353689659	-3356.07529742
-42.8873949632	28.5154326841	1.99724192835	33.636721879	-3364.47349567
-42.8845601034	28.5191763163	2.4965530221	33.6380750506	-3389.12453523
-42.8817250423	28.5229198897	2.99586436054	33.6394284812	-3388.69326325
-42.8788897799	28.5266634043	3.49517594369	33.6407821706	-3402.81711156
-42.876054316	28.53040686	3.99448777158	33.6421361189	-3395.73937803
-42.8732186508	28.5341502567	4.49379984421	33.6434903262	-3397.40818662
-42.870382784	28.5378935946	4.99311216161	33.6448447923	-3411.53668674
-42.8675467158	28.5416368736	5.49242472379	33.6461995177	-3406.07185997
-42.864710446	28.5453800937	5.99173753077	33.6475545018	-3383.4680577
-42.8618739746	28.5491232548	6.49105058257	33.6489097454	-3358.01823869
-42.8590373015	28.5528663569	6.9903638792	33.6502652477	-3344.93835575
-42.8562004268	28.5566094001	7.48967742068	33.6516210094	-3298.63656128
-42.8533633503	28.5603523843	7.98899120703	33.6529770301	-3260.64822991
-42.850526072	28.5640953095	8.48830523826	33.6543333103	-3251.78593887
-42.847688592	28.5678381757	8.9876195144	33.6556898495	-3252.98297844
-42.84485091	28.5715809829	9.48693403545	33.6570466481	-3265.68059435
-42.8420130262	28.5753237311	9.98624880144	33.658403706	-3284.1931202
-42.8391749404	28.5790664202	10.4855638124	33.6597610231	-3253.93128355
-42.8363366527	28.5828090502	10.9848790683	33.6611185999	-3227.68922675
-42.8334981629	28.5865516212	11.4841945692	33.6624764361	-3222.11155443
-42.8306594711	28.5902941331	11.9835103151	33.6638345316	-3224.04859972
-42.8278205771	28.5940365859	12.482826306	33.6651928866	-3227.19352545
-42.824981481	28.5977789795	12.982142542	33.6665515012	-3224.51699801
-42.8221421826	28.6015213141	13.481459023	33.6679103755	-3224.24080972
-42.8193026821	28.6052635895	13.9807757491	33.669269509	-3211.95385581
-42.8164629792	28.6090058057	14.4800927202	33.6706289026	-3180.00888692
-42.813623074	28.6127479628	14.9794099365	33.6719885557	-3128.01705309
-42.8107829665	28.6164900607	15.4787273979	33.6733484684	-3060.43717937
-42.8079426565	28.6202320994	15.9780451045	33.674708641	-2994.20332318
-42.8051021441	28.6239740789	16.4773630561	33.6760690733	-2964.9847752
-42.8022614292	28.6277159992	16.976681253	33.6774297654	-2933.59118713
-42.7994205118	28.6314578602	17.4759996951	33.6787907176	-2886.4345554
-42.7965793917	28.635199662	17.9753183823	33.6801519293	-2846.51590734
-42.7937380691	28.6389414046	18.4746373148	33.6815134013	-2878.23387375
-42.7908965438	28.6426830878	18.9739564926	33.6828751329	-2928.93707472
-42.7880548157	28.6464247118	19.4732759155	33.6842371246	-2971.68324869
-42.7852128849	28.6501662764	19.9725955838	33.6855993766	-3002.5066628
-42.7823707513	28.6539077818	20.4719154974	33.6869618884	-2997.26382585
-42.7795284149	28.6576492278	20.9712356562	33.6883246602	-2925.47479937
-42.7766858756	28.6613906145	21.4705560604	33.6896876925	-2800.08115261
-42.7738431334	28.6651319418	21.9698767099	33.6910509847	-2728.72434228
-42.7710001882	28.6688732098	22.4691976048	33.6924145372	-2781.95136393
-42.76815704	28.6726144183	22.9685187451	33.6937783499	-2816.64593536
-42.7653136887	28.6763555675	23.4678401307	33.6951424228	-2818.08393109
-42.7624701343	28.6800966573	23.9671617618	33.6965067562	-2792.43956499
-42.7596263768	28.6838376876	24.4664836383	33.69787135	-2753.82140216
-42.7567824162	28.6875786585	24.9658057602	33.6992362038	-2729.17263396
