-24.9615026244 0.2356
-24.4622787424 0.23855
-23.9630546089 0.239895
-23.4638302238 0.239612
-22.964605587 0.238558
-22.4653806987 0.23683
-21.9661555588 0.234136
-21.4669301672 0.230283
-20.9677045239 0.225669
-20.468478629 0.220987
-19.9692524823 0.216119
-19.470026084 0.210996
-18.9707994339 0.2055
-18.471572532 0.200002
-17.9723453783 0.194742
-17.4731179729 0.188915
-16.9738903156 0.183852
-16.4746624065 0.180603
-15.9754342456 0.17801
-15.4762058327 0.174488
-14.976977168 0.170482
-14.4777482513 0.165239
-13.9785190827 0.158923
-13.4792896622 0.150174
-12.9800599897 0.137919
-12.4808300652 0.123149
-11.9815998887 0.102934
-11.4823694602 0.0772273
-10.9831387796 0.0488222
-10.4839078469 0.0204209
-9.98467666219 0
-9.48544522534 0.0131451
-8.98621353638 0.0480107
-8.48698159527 0.0834847
-7.98774940199 0.112506
-7.48851695654 0.133131
-6.98928425888 0.146939
-6.490051309 0.155297
-5.99081810689 0.157278
-5.49158465252 0.15251
-4.99235094587 0.142813
-4.49311698693 0.129416
-3.99388277567 0.112903
-3.49464831208 0.096165
-2.99541359613 0.0801259
-2.49617862782 0.0640487
-1.99694340711 0.0494018
-1.49770793399 0.035897
-0.99847220845 0.0253037
-0.499236230458 0.0173206
0 0.0124316
0.499236482943 0.0147829
0.998473218391 0.0232217
1.49771020636 0.0343906
1.99694744688 0.0471926
2.49618493995 0.0628443
2.9954226856 0.0840986
3.49466068386 0.10801
3.99389893473 0.136195
4.49313743824 0.167729
4.9923761944 0.200073
5.49161520324 0.232855
5.99085446477 0.265363
6.49009397901 0.298296
6.98933374598 0.332078
7.48857376571 0.364831
7.9878140382 0.396757
8.48705456348 0.428736
8.98629534156 0.458212
9.48553637247 0.486294
9.98477765623 0.512358
10.4840191928 0.5355
10.9832609823 0.556539
11.4825030247 0.575695
11.9817453201 0.591906
12.4809878683 0.606687
12.9802306695 0.618865
13.4794737237 0.629435
13.9787170309 0.638683
14.4779605911 0.64521
14.9772044043 0.650689
15.4764484706 0.652741
15.97569279 0.652677
16.4749373624 0.651887
16.974182188 0.648307
17.4734272666 0.643289
17.9726725984 0.635857
18.4719181834 0.626461
18.9711640216 0.614271
19.4704101129 0.597953
19.9696564575 0.578901
20.4689030553 0.557978
20.9681499064 0.535779
21.4673970108 0.511538
21.9666443684 0.484875
22.4658919794 0.456068
22.9651398437 0.425594
23.4643879613 0.395373
23.9636363323 0.363872
24.4628849567 0.332829
24.9621338345 0.301193
