-24.9905984461 0.752869
-24.4907817025 0.759063
-23.9909651539 0.768916
-23.4911488002 0.781745
-22.9913326415 0.797218
-22.4915166778 0.813213
-21.9917009089 0.824719
-21.491885335 0.817589
-20.9920699561 0.789645
-20.4922547721 0.74142
-19.9924397829 0.679188
-19.4926249888 0.613435
-18.9928103895 0.604583
-18.4929959851 0.617324
-17.9931817756 0.635468
-17.493367761 0.654929
-16.9935539414 0.675351
-16.4937403166 0.69606
-15.9939268867 0.717572
-15.4941136516 0.740378
-14.9943006115 0.763763
-14.4944877662 0.783272
-13.9946751158 0.800136
-13.4948626602 0.813635
-12.9950503995 0.823584
-12.4952383337 0.829845
-11.9954264626 0.831563
-11.4956147865 0.829483
-10.9958033052 0.821538
-10.4959920187 0.80839
-9.99618092699 0.7904
-9.49637003014 0.770415
-8.99655932811 0.758552
-8.4967488209 0.757234
-7.99693850849 0.766287
-7.49712839089 0.779721
-6.99731846808 0.782798
-6.49750874007 0.633006
-5.99769920685 0.418463
-5.49788986841 0.207783
-4.99808072476 0.0651483
-4.49827177587 0
-3.99846302176 0.00114621
-3.49865446241 0.0104521
-2.99884609782 0.015154
-2.49903792799 0.0151568
-1.99922995291 0.0137386
-1.49942217258 0.0133565
-0.999614586983 0.0167264
-0.499807196125 0.0246338
0 0.0397345
0.4998070014 0.06214
0.999613808079 0.0889856
1.49942042004 0.11953
1.99922683729 0.151284
2.49903305983 0.179863
2.99883908767 0.201133
3.49864492081 0.211335
3.99845055926 0.206873
4.49825600302 0.185678
4.9980612521 0.149049
5.4978663065 0.103096
5.99767116623 0.0639639
6.49747583129 0.0477678
6.99728030169 0.0701706
7.49708457742 0.131241
7.99688865851 0.195283
8.49669254495 0.233808
8.99649623674 0.246393
9.49629973389 0.259133
9.99610303642 0.277366
10.4959061443 0.306087
10.9957090576 0.333826
11.4955117762 0.358447
11.9953143003 0.382537
12.4951166297 0.406761
12.9949187645 0.428781
13.4947207047 0.446442
13.9945224504 0.462088
14.4943240014 0.475294
14.9941253579 0.486898
15.4939265197 0.496256
15.993727487 0.504963
16.4935282598 0.512422
16.993328838 0.518215
17.4931292216 0.523061
17.9929294106 0.527226
18.4927294051 0.52955
18.9925292051 0.531317
19.4923288105 0.530479
19.9921282214 0.526131
20.4919274378 0.517107
20.9917264596 0.503437
21.4915252869 0.48471
21.9913239197 0.460291
22.491122358 0.430112
22.9909206018 0.396172
23.4907186511 0.357494
23.9905165059 0.317482
24.4903141662 0.279998
24.9901116321 0.251224
