-24.9392131393 0.148917
-24.440436027 0.116296
-23.9416586234 0.0749874
-23.4428809284 0.0349082
-22.9441029419 0.00735489
-22.445324664 0
-21.9465460945 0.00235121
-21.4477672336 0.00330895
-20.9489880811 0.00383317
-20.450208637 0.00215592
-19.9514289012 0.00315415
-19.4526488739 0.00580238
-18.9538685548 0.00927884
-18.4550879441 0.0125583
-17.9563070416 0.0182752
-17.4575258473 0.0316489
-16.9587443613 0.053796
-16.4599625834 0.0903999
-15.9611805136 0.132147
-15.462398152 0.158473
-14.9636154984 0.174406
-14.4648325529 0.214221
-13.9660493154 0.249462
-13.4672657859 0.287176
-12.9684819644 0.324884
-12.4696978508 0.344493
-11.9709134451 0.37597
-11.4721287472 0.411103
-10.9733437572 0.417287
-10.4745584751 0.41546
-9.97577290065 0.433117
-9.47698703399 0.468285
-8.97820087505 0.510371
-8.4794144238 0.564635
-7.98062768021 0.622146
-7.48184064425 0.686826
-6.98305331589 0.733273
-6.4842656951 0.745997
-5.98547778185 0.741296
-5.4866895761 0.751727
-4.98790107784 0.754779
-4.48911228703 0.765446
-3.99032320364 0.757831
-3.49153382763 0.745021
-2.99274415899 0.718772
-2.49395419767 0.673751
-1.99516394366 0.637614
-1.49637339691 0.597821
-0.997582557409 0.562118
-0.498791425115 0.525169
0 0.484178
0.498791717964 0.454231
0.997583728809 0.443627
1.49637603256 0.430751
1.99516862925 0.42513
2.49396151892 0.42716
2.99275470158 0.434428
3.49154817727 0.444007
3.99034194602 0.458022
4.48913600786 0.484551
4.98793036281 0.513735
5.48672501092 0.5381
5.9855199522 0.561413
6.48431518669 0.56596
6.98311071442 0.565952
7.48190653542 0.560511
7.98070264971 0.566323
8.47949905733 0.591701
8.97829575831 0.611598
9.47709275268 0.62992
9.97589004046 0.646254
10.4746876217 0.650954
10.9734854964 0.647178
11.4722836646 0.644143
11.9710821264 0.63827
12.4698808817 0.624911
12.9686799306 0.607289
13.4674792731 0.619971
13.9662789093 0.654241
14.4650788392 0.66859
14.9638790627 0.660619
15.4626795801 0.636431
15.9614803912 0.607802
16.4602814961 0.5826
16.9590828948 0.596753
17.4578845874 0.625155
17.9566865739 0.652026
18.4554888543 0.680572
18.9542914287 0.703514
19.453094297 0.716044
19.9518974594 0.725765
20.4507009158 0.748156
20.9495046662 0.760727
21.4483087108 0.752516
21.9471130495 0.719461
22.4459176823 0.66245
22.9447226094 0.613966
23.4435278306 0.542905
23.9423333461 0.440986
24.4411391559 0.346267
24.93994526 0.293089
