-24.9439834263 0.152802
-24.4451106715 0.178085
-23.946237635 0.204018
-23.4473643166 0.22979
-22.9484907165 0.256233
-22.4496168345 0.283509
-21.9507426707 0.310963
-21.4518682249 0.339554
-20.9529934973 0.368151
-20.4541184877 0.395618
-19.9552431962 0.423213
-19.4563676226 0.449834
-18.9574917671 0.475387
-18.4586156295 0.500315
-17.9597392097 0.522706
-17.4608625079 0.544881
-16.961985524 0.566663
-16.4631082579 0.58684
-15.9642307096 0.603833
-15.465352879 0.621082
-14.9664747662 0.635578
-14.4675963712 0.648503
-13.9687176938 0.661945
-13.4698387341 0.673573
-12.9709594921 0.683247
-12.4720799677 0.689557
-11.9732001608 0.691666
-11.4743200715 0.689017
-10.9754396998 0.680554
-10.4765590455 0.666905
-9.9776781087 0.647182
-9.47879688936 0.618082
-8.97991538744 0.580627
-8.48103360291 0.535605
-7.98215153575 0.476892
-7.48326918592 0.410381
-6.9843865534 0.335558
-6.48550363816 0.251668
-5.98662044017 0.164756
-5.48773695941 0.087724
-4.98885319584 0.0367314
-4.48996914945 0.0129277
-3.99108482019 0.00266258
-3.49220020806 0
-2.99331531301 0.00548913
-2.49443013502 0.0236176
-1.99554467406 0.0516285
-1.49665893011 0.091641
-0.997772903132 0.134704
-0.498886593105 0.175399
0 0.210105
0.49888687621 0.23573
0.997774035555 0.251861
1.49666147806 0.263524
1.99554920375 0.271971
2.49443721266 0.278816
2.99332550481 0.287095
3.49221408024 0.297238
3.99110293896 0.308216
4.48999208101 0.321755
4.98888150641 0.336299
5.48777121519 0.350834
5.98666120738 0.366007
6.48555148301 0.380933
6.9844420421 0.395069
7.48333288468 0.406844
7.98222401078 0.41699
8.48111542042 0.424812
8.98000711364 0.43012
9.47889909046 0.432678
9.9777913509 0.434169
10.476683895 0.433393
10.9755767228 0.430475
11.4744698343 0.426245
11.9733632295 0.421088
12.4722569085 0.415501
12.9711508713 0.40783
13.4700451179 0.401145
13.9689396484 0.393495
14.4678344627 0.385265
14.9667295609 0.376672
15.4656249431 0.368454
15.9645206092 0.359111
16.4634165593 0.349283
16.9623127934 0.340292
17.4612093116 0.331394
17.9601061138 0.323323
18.4590032001 0.315689
18.9579005706 0.308535
19.4567982251 0.302988
19.9556961639 0.298398
20.4545943869 0.295255
20.953492894 0.293305
21.4523916855 0.292177
21.9512907612 0.292734
22.4501901213 0.294573
22.9490897656 0.299374
23.4479896944 0.305427
23.9468899075 0.315566
24.4457904051 0.326996
24.9446911871 0.338807
