-24.9439981797 0.114641
-24.4451251318 0.139728
-23.9462518022 0.169863
-23.4473781907 0.201392
-22.9485042973 0.23435
-22.449630122 0.267748
-21.9507556647 0.300113
-21.4518809255 0.331264
-20.9530059043 0.359139
-20.454130601 0.385371
-19.9552550157 0.407003
-19.4563791484 0.422383
-18.9575029989 0.430446
-18.4586265672 0.431831
-17.9597498534 0.425128
-17.4608728574 0.410323
-16.9619955792 0.389811
-16.4631180187 0.369419
-15.964240176 0.353086
-15.465362051 0.344852
-14.9664836436 0.344422
-14.4676049538 0.35354
-13.9687259817 0.375564
-13.4698467272 0.407217
-12.9709671902 0.442733
-12.4720873707 0.475772
-11.9732072687 0.506849
-11.4743268843 0.537768
-10.9754462172 0.562828
-10.4765652676 0.57151
-9.97768403536 0.567402
-9.47880252049 0.555417
-8.97992072295 0.53359
-8.48103864272 0.508516
-7.98215627977 0.480201
-7.48327363408 0.437277
-6.9843907056 0.372829
-6.48550749432 0.302062
-5.98662400021 0.232978
-5.48774022324 0.170689
-4.98885616339 0.116321
-4.48997182062 0.0711696
-3.99108719491 0.0374213
-3.49220228623 0.0155413
-2.99331709455 0.0027933
-2.49443161985 0
-1.99554586209 0.00546696
-1.49665982126 0.0150507
-0.997773497315 0.0295157
-0.498886890238 0.0480748
0 0.0694383
0.49888717343 0.0937118
0.997774630076 0.117884
1.49666236997 0.144172
1.99555039313 0.170247
2.4944386996 0.196228
2.99332728939 0.222036
3.49221616254 0.246849
3.99110531907 0.272628
4.48999475901 0.296892
4.98888448238 0.320018
5.48777448923 0.344226
5.98666477956 0.365835
6.48555535342 0.383033
6.98444621082 0.399772
7.4833373518 0.413259
7.98222877638 0.424242
8.48112048459 0.434525
8.98001247646 0.443323
9.47890475201 0.44942
9.97779731128 0.453698
10.4766901543 0.456694
10.9755832811 0.4587
11.4744766916 0.457827
11.973370386 0.455674
12.4722643642 0.452364
12.9711586264 0.444389
13.4700531724 0.436282
13.9689480023 0.427112
14.4678431162 0.416174
14.9667385141 0.402695
15.465634196 0.3874
15.964530162 0.371443
16.463426412 0.354721
16.9623229461 0.336083
17.4612197643 0.31709
17.9601168667 0.297171
18.4590142533 0.276113
18.957911924 0.254597
19.456809879 0.23548
19.9557081183 0.216585
20.4546066418 0.19799
20.9535054497 0.180158
21.4524045419 0.164511
21.9513039185 0.150125
22.4502035794 0.137459
22.9491035248 0.127081
23.4480037546 0.118565
23.9469042689 0.111772
24.4458050677 0.104854
24.9447061511 0.102203
