-24.9416208356 0.189341
-24.4427954308 0.231296
-23.9439697404 0.274431
-23.4451437641 0.317999
-22.9463175021 0.360436
-22.4474909542 0.402674
-21.9486641205 0.443753
-21.4498370009 0.483371
-20.9510095954 0.520331
-20.4521819039 0.554403
-19.9533539265 0.585866
-19.454525663 0.615218
-18.9556971136 0.637809
-18.4568682781 0.657257
-17.9580391565 0.670882
-17.4592097487 0.678059
-16.9603800549 0.681514
-16.4615500748 0.680817
-15.9627198085 0.674464
-15.4638892561 0.663273
-14.9650584173 0.647456
-14.4662272923 0.627285
-13.9673958809 0.602053
-13.4685641832 0.573546
-12.9697321991 0.541811
-12.4708999286 0.507836
-11.9720673717 0.469372
-11.4732345283 0.430025
-10.9744013985 0.389706
-10.4755679821 0.349229
-9.9767342791 0.306814
-9.47790028956 0.266242
-8.97906601342 0.228192
-8.48023145064 0.191333
-7.9813966012 0.157407
-7.48256146506 0.12537
-6.9837260422 0.0958917
-6.48489033258 0.0692138
-5.98605433618 0.0465788
-5.48721805298 0.0285815
-4.98838148293 0.0148896
-4.48954462602 0.00578507
-3.99070748221 0.000951315
-3.49187005147 0
-2.99303233378 0.00373487
-2.49419432911 0.0127729
-1.99535603743 0.0249849
-1.4965174587 0.0358178
-0.997678592909 0.0408245
-0.498839440018 0.0378151
0 0.032154
0.498839727172 0.0269065
0.997679741529 0.0225281
1.4965200431 0.0185422
1.99536063191 0.0160722
2.49420150799 0.0157912
2.99304267137 0.0156669
3.49188412207 0.0162357
3.99072586014 0.0182969
4.48956788559 0.0211046
4.98841019845 0.0241752
5.48725279875 0.0284211
5.98609568652 0.0324375
6.48493886179 0.0360323
6.98378232459 0.0388871
7.48262607495 0.0429664
7.98147011289 0.0469948
8.48031443845 0.0515961
8.97915905165 0.0571394
9.47800395252 0.0627298
9.97684914109 0.0682444
10.4756946174 0.0748261
10.9745403814 0.0829736
11.4733864333 0.0920028
11.9722327729 0.100717
12.4710794004 0.111397
12.9699263158 0.123415
13.4687735191 0.136561
13.9676210103 0.153189
14.4664687894 0.172428
14.9653168565 0.193069
15.4641652117 0.215972
15.9630138549 0.240998
16.4618627861 0.267549
16.9607120055 0.29458
17.459561513 0.322285
17.9584113086 0.350131
18.4572613925 0.377122
18.9561117645 0.403433
19.4549624248 0.428439
19.9538133733 0.452422
20.4526646102 0.475495
20.9515161354 0.498326
21.4503679489 0.520853
21.9492200508 0.543016
22.4480724411 0.563023
22.9469251199 0.581139
23.4457780871 0.598736
23.9446313429 0.612432
24.4434848871 0.62522
24.9423387199 0.638377
