-24.9392568563 0.0835465
-24.440478822 0.0853944
-23.9417004984 0.0873959
-23.4429218852 0.0897075
-22.9441429826 0.0922723
-22.4453637904 0.0955882
-21.9465843087 0.0997846
-21.4478045374 0.105924
-20.9490244765 0.11419
-20.450244126 0.123545
-19.9514634858 0.133878
-19.4526825558 0.147841
-18.9539013362 0.162167
-18.4551198268 0.17877
-17.9563380276 0.196797
-17.4575559385 0.215326
-16.9587735596 0.234014
-16.4599908909 0.251857
-15.9612079322 0.268441
-15.4624246836 0.285134
-14.963641145 0.299524
-14.4648573163 0.311735
-13.9660731977 0.323635
-13.467288789 0.332717
-12.9685040902 0.33831
-12.4697191013 0.342081
-11.9709338222 0.341662
-11.4721482529 0.337632
-10.9733623935 0.331707
-10.4745762437 0.323005
-9.97578980375 0.310936
-9.47700307344 0.295661
-8.97821605281 0.278312
-8.47942874181 0.258998
-7.98064114042 0.237744
-7.4818532486 0.215624
-6.98306506633 0.191621
-6.48427659357 0.166818
-5.9854878303 0.141441
-5.48669877648 0.118154
-4.98790943209 0.097214
-4.48911979709 0.0762963
-3.99032987146 0.056203
-3.49153965517 0.0391959
-2.99274914818 0.0249044
-2.49395835047 0.0139991
-1.995167262 0.0068482
-1.49637588275 0.00300133
-0.997584212689 0.000109152
-0.498792251782 0
0 0.00314257
0.498792542685 0.00837543
0.997585376302 0.0162107
1.49637850088 0.0265315
1.99517191646 0.0378915
2.49396562306 0.0497882
2.99275962071 0.0624021
3.49155390944 0.0769108
3.99034848928 0.090916
4.48914336027 0.105334
4.98793852243 0.118166
5.48673397579 0.130947
5.98552972039 0.142598
6.48432575624 0.153962
6.98312208339 0.164273
7.48191870185 0.17233
7.98071561167 0.176089
8.47951281287 0.176511
8.97831030548 0.173351
9.47710808953 0.16451
9.97590616505 0.149965
10.4747045321 0.132502
10.9735031906 0.114288
11.4723021407 0.0954149
11.9711013824 0.0762274
12.4699009157 0.059913
12.9687007407 0.0488224
13.4675008573 0.0406025
13.9663012657 0.0374651
14.4651019658 0.0398164
14.9639029576 0.0489398
15.4627042413 0.0646109
15.9615058167 0.0893202
16.4603076841 0.121742
16.9591098433 0.158228
17.4579122944 0.195023
17.9567150375 0.230838
18.4555180725 0.264107
18.9543213996 0.295192
19.4531250187 0.325503
19.9519289298 0.353778
20.4507331331 0.379847
20.9495376285 0.40224
21.448342416 0.419855
21.9471474957 0.433227
22.4459528676 0.444504
22.9447585317 0.454223
23.4435644882 0.463237
23.9423707369 0.471999
24.4411772779 0.480332
24.9399841113 0.489182
