-24.9382607619 0.297022
-24.4395026914 0.292538
-23.9407443298 0.289617
-23.4419856771 0.288494
-22.9432267331 0.289371
-22.4444674979 0.291303
-21.9457079715 0.295231
-21.4469481538 0.301281
-20.9481880447 0.307833
-20.4494276443 0.316194
-19.9506669526 0.325836
-19.4519059694 0.336294
-18.9531446948 0.347311
-18.4543831287 0.359591
-17.9556212711 0.371346
-17.456859122 0.383756
-16.9580966813 0.396776
-16.459333949 0.410217
-15.9605709251 0.422691
-15.4618076095 0.433894
-14.9630440023 0.444014
-14.4642801033 0.453568
-13.9655159126 0.46291
-13.4667514302 0.470646
-12.9679866559 0.477562
-12.4692215897 0.484398
-11.9704562317 0.490644
-11.4716905819 0.498985
-10.97292464 0.51099
-10.4741584062 0.529532
-9.97539188047 0.551001
-9.47662506267 0.563923
-8.97785795282 0.560479
-8.47909055089 0.541886
-7.98032285685 0.5151
-7.48155487067 0.481724
-6.98278659231 0.44443
-6.48401802174 0.404568
-5.98524915894 0.363842
-5.48648000388 0.324026
-4.98771055652 0.28519
-4.48894081684 0.247737
-3.9901707848 0.212938
-3.49140046037 0.180561
-2.99262984353 0.150505
-2.49385893424 0.123782
-1.99508773247 0.0994991
-1.49631623819 0.0774794
-0.997544451372 0.0580167
-0.498772371986 0.0424148
0 0.0285111
0.498772664615 0.0180064
0.997545621891 0.0105328
1.49631887186 0.00454943
1.99509241454 0.000684157
2.49386624998 0
2.9926403782 0.00200151
3.49141479923 0.00569872
3.99018951311 0.0119426
4.48896451985 0.0201156
4.9877398195 0.0288993
5.48651541209 0.0387075
5.98529129763 0.050847
6.48406747617 0.0637211
6.98284394774 0.0780506
7.48162071235 0.0926713
7.98039777006 0.10785
8.47917512087 0.122947
8.97795276484 0.138817
9.47673070198 0.154042
9.97550893232 0.169033
10.4742874559 0.182985
10.9730662727 0.196801
11.4718453829 0.209622
11.9706247864 0.222081
12.4694044832 0.23239
12.9681844734 0.241546
13.466964757 0.250073
13.9657453341 0.258235
14.4645262046 0.264374
14.9633073687 0.269588
15.4620888263 0.274993
15.9608705775 0.279422
16.4596526222 0.282544
16.9584349606 0.28618
17.4572175927 0.28926
17.9560005184 0.292451
18.4547837379 0.295559
18.9535672511 0.298965
19.452351058 0.302866
19.9511351588 0.306297
20.4499195535 0.310514
20.948704242 0.315358
21.4474892244 0.320519
21.9462745007 0.327464
22.445060071 0.335009
22.9438459353 0.342446
23.4426320936 0.349881
23.9414185459 0.358388
24.4402052923 0.366863
24.9389923329 0.375489
