-24.9393396709 0.347037
-24.4405600109 0.377649
-23.9417800602 0.407265
-23.4429998188 0.434876
-22.9442192867 0.462199
-22.4454384638 0.487759
-21.9466573501 0.511516
-21.4478759455 0.533427
-20.9490942502 0.552197
-20.4503122639 0.569626
-19.9515299867 0.585067
-19.4527474185 0.596623
-18.9539645594 0.60482
-18.4551814093 0.610295
-17.9563979681 0.613132
-17.4576142359 0.611902
-16.9588302125 0.609295
-16.4600458981 0.602456
-15.9612612924 0.593286
-15.4624763956 0.58065
-14.9636912076 0.565088
-14.4649057283 0.547389
-13.9661199577 0.527759
-13.4673338958 0.50546
-12.9685475426 0.48195
-12.469760898 0.456992
-11.970973962 0.431411
-11.4721867346 0.404974
-10.9733992157 0.376217
-10.4746114053 0.348081
-9.9758233034 0.319231
-9.47703490995 0.290775
-8.97824622492 0.263992
-8.47945724828 0.236524
-7.98066798 0.211181
-7.48187842005 0.186425
-6.9830885684 0.1611
-6.48429842502 0.137753
-5.98550798988 0.116704
-5.48671726295 0.0971308
-4.98792624419 0.0792122
-4.48913493359 0.0628632
-3.99034333111 0.0474335
-3.49155143672 0.0321521
-2.99275925039 0.0223257
-2.49396677209 0.0144603
-1.99517400179 0.00810001
-1.49638093946 0.00393224
-0.997587585073 0.00127793
-0.498793938596 0
0 0.00258864
0.498794230745 0.00838917
0.997588753667 0.015855
1.4963835688 0.0246547
1.99517867617 0.0364487
2.49397407581 0.0508647
2.99276976774 0.0669393
3.491565752 0.086837
3.99036202862 0.108929
4.48915859763 0.131406
4.98795545905 0.156787
5.48675261293 0.183847
5.98555005927 0.213628
6.48434779813 0.243967
6.98314582952 0.275575
7.48194415347 0.308024
7.98074277002 0.34116
8.4795416792 0.375248
8.97834088103 0.410224
9.47714037554 0.446172
9.97594016277 0.483942
10.4747402427 0.520754
10.9735406155 0.558172
11.472341281 0.595052
11.9711422394 0.63189
12.4699434907 0.66748
12.9687450348 0.702548
13.4675468719 0.736364
13.9663490019 0.768964
14.4651514249 0.799588
14.9639541409 0.827951
15.4627571499 0.853963
15.961560452 0.877127
16.4603640473 0.895576
16.9591679356 0.912397
17.4579721171 0.925569
17.9567765918 0.934849
18.4555813597 0.939057
18.9543864209 0.937866
19.4531917753 0.929083
19.951997423 0.911013
20.4508033641 0.884166
20.9496095986 0.845281
21.4484161264 0.783311
21.9472229477 0.705082
22.4460300624 0.621634
22.9448374706 0.539713
23.4436451723 0.460763
23.9424531676 0.385858
24.4412614564 0.322459
24.9400700388 0.284758
