-24.9538148487 0.633155
-24.4547451071 0.600931
-23.9556750983 0.570914
-23.4566048223 0.543706
-22.957534279 0.519412
-22.4584634685 0.49951
-21.9593923907 0.483556
-21.4603210455 0.471235
-20.9612494331 0.462575
-20.4621775532 0.458022
-19.963105406 0.456266
-19.4640329914 0.457835
-18.9649603093 0.461913
-18.4658873598 0.466649
-17.9668141429 0.473418
-17.4677406584 0.480699
-16.9686669064 0.488575
-16.4695928868 0.495278
-15.9705185997 0.501161
-15.471444045 0.505721
-14.9723692227 0.506837
-14.4732941328 0.502973
-13.9742187752 0.498288
-13.4751431499 0.491293
-12.9760672569 0.480624
-12.4769910962 0.465617
-11.9779146677 0.447425
-11.4788379715 0.425169
-10.9797610074 0.400191
-10.4806837756 0.373358
-9.98160627588 0.346014
-9.48252850832 0.317761
-8.98345047287 0.289302
-8.48437216951 0.261075
-7.98529359821 0.232998
-7.48621475896 0.206052
-6.98713565174 0.179546
-6.48805627651 0.153977
-5.98897663325 0.131086
-5.48989672195 0.108981
-4.99081654258 0.0889289
-4.49173609512 0.0706696
-3.99265537953 0.0554815
-3.49357439582 0.0424048
-2.99449314394 0.0307613
-2.49541162387 0.0208805
-1.9963298356 0.0131164
-1.4972477791 0.00651362
-0.998165454351 0.00157837
-0.499082861325 0
0 0.00024251
0.499083129645 0.00509742
0.998166527632 0.0221671
1.49725019399 0.0662372
1.99633412873 0.116769
2.49541833188 0.171347
2.99450280347 0.227178
3.49358754351 0.280826
3.99267255204 0.32629
4.49175782906 0.360008
4.99084337461 0.382088
5.48992918871 0.400043
5.98901527138 0.418529
6.48810162264 0.440397
6.98718824251 0.466495
7.48627513102 0.49707
7.9853622882 0.533709
8.48444971405 0.574827
8.98353740861 0.618656
9.4826253719 0.664137
9.98171360395 0.708803
10.4808021048 0.752654
10.9798908744 0.795009
11.4789799128 0.836222
11.9780692201 0.872222
12.4771587962 0.905185
12.9762486412 0.934016
13.4753387552 0.958449
13.974429138 0.979871
14.4735197898 0.99762
14.9726107106 1.01337
15.4717019004 1.02402
15.9707933592 1.02905
16.4698850871 1.03088
16.968977084 1.02775
17.46806935 1.02087
17.9671618852 1.01188
18.4662546894 0.999857
18.9653477628 0.985332
19.4644411054 0.966772
19.9635347172 0.94613
20.4626285982 0.923649
20.9617227485 0.899633
21.460817168 0.876701
21.9599118569 0.857498
22.459006815 0.837847
22.9581020425 0.815744
23.4571975393 0.794017
23.9562933055 0.771173
24.4553893412 0.747534
24.9544856462 0.72399
