-39.9341091123	29.0279943643	-25.0060361108	118.980760843	-3579.63113848
-39.9296105487	29.0258156137	-24.5059118541	118.980760843	-3571.87001155
-39.9251121749	29.0236367133	-24.0057877416	118.982943637	-3566.21004744
-39.9206139909	29.021457663	-23.5056637733	118.98512619	-3562.31903714
-39.9161159968	29.019278463	-23.0055399493	118.9873085	-3558.79435525
-39.9116181925	29.0170991131	-22.5054162694	118.98949057	-3554.95794217
-39.9071205779	29.0149196135	-22.0052927338	118.991672397	-3548.39245939
-39.9026231532	29.0127399641	-21.5051693424	118.993853983	-3539.87873719
-39.8981259182	29.010560165	-21.0050460953	118.996035327	-3529.63461166
-39.893628873	29.0083802162	-20.5049229924	118.99821643	-3517.072538
-39.8891320176	29.0062001178	-20.0048000338	119.000397291	-3503.91729613
-39.8846353519	29.0040198696	-19.5046772194	119.00257791	-3488.91210864
-39.8801388759	29.0018394718	-19.0045545492	119.004758287	-3471.82025942
-39.8756425897	28.9996589244	-18.5044320233	119.006938423	-3455.19015517
-39.8711464931	28.9974782273	-18.0043096416	119.009118317	-3447.76561522
-39.8666505863	28.9952973807	-17.5041874042	119.01129797	-3449.54172324
-39.8621548691	28.9931163845	-17.0040653111	119.013477381	-3459.67608416
-39.8576593416	28.9909352388	-16.5039433622	119.01565655	-3484.85730278
-39.8531640037	28.9887539435	-16.0038215576	119.017835478	-3530.04004574
-39.8486688555	28.9865724987	-15.5036998973	119.020014164	-3589.55280302
-39.844173897	28.9843909045	-15.0035783812	119.022192609	-3650.57903844
-39.839679128	28.9822091607	-14.5034570094	119.024370812	-3689.71235387
-39.8351845487	28.9800272676	-14.0033357819	119.026548773	-3714.98882785
-39.8306901589	28.9778452249	-13.5032146987	119.028726493	-3722.80841191
-39.8261959588	28.9756630329	-13.0030937597	119.030903971	-3715.90625806
-39.8217019482	28.9734806915	-12.502972965	119.033081207	-3710.55627163
-39.8172081272	28.9712982007	-12.0028523147	119.035258202	-3705.17422689
-39.8127144957	28.9691155606	-11.5027318086	119.037434956	-3699.27397352
-39.8082210537	28.9669327711	-11.0026114468	119.039611467	-3695.35429228
-39.8037278013	28.9647498323	-10.5024912293	119.041787738	-3696.71617124
-39.7992347384	28.9625667442	-10.0023711561	119.043963767	-3702.13268755
-39.794741865	28.9603835069	-9.50225122724	119.046139554	-3711.01816674
-39.7902491811	28.9582001203	-9.00213144266	119.048315099	-3723.45963715
-39.7857566866	28.9560165845	-8.50201180239	119.050490403	-3737.97865689
-39.7812643816	28.9538328994	-8.00189230643	119.052665466	-3753.92675081
-39.7767722661	28.9516490652	-7.50177295479	119.054840287	-3772.78369222
-39.77228034	28.9494650818	-7.00165374747	119.057014866	-3794.53796536
-39.7677886034	28.9472809492	-6.50153468447	119.059189204	-3818.64385966
-39.7632970561	28.9450966675	-6.00141576579	119.0613633	-3843.86210445
-39.7588056983	28.9429122367	-5.50129699144	119.063537155	-3870.29044423
-39.7543145298	28.9407276568	-5.00117836142	119.065710769	-3900.07520852
-39.7498235508	28.9385429278	-4.50105987573	119.06788414	-3930.33669523
-39.7453327611	28.9363580497	-4.00094153438	119.070057271	-3961.23069148
-39.7408421607	28.9341730227	-3.50082333737	119.07223016	-3992.89021218
-39.7363517497	28.9319878466	-3.0007052847	119.074402807	-4025.10377291
-39.731861528	28.9298025215	-2.50058737637	119.076575213	-4057.18505036
-39.7273714957	28.9276170474	-2.00046961239	119.078747377	-4088.29467489
-39.7228816526	28.9254314244	-1.50035199276	119.0809193	-4118.57120772
-39.7183919989	28.9232456524	-1.00023451748	119.083090982	-4148.04950109
-39.7139025344	28.9210597315	-0.500117186563	119.085262422	-4175.69133752
-39.7094132592	28.9188736618	0	119.08743362	-4201.02075572
-39.7049241732	28.9166874431	0.500117042202	119.089604578	-4223.68433956
-39.7004352765	28.9145010756	1.00023394004	119.091775293	-4242.00965575
-39.6959465691	28.9123145593	1.50035069351	119.093945767	-4257.36306999
-39.6914580508	28.9101278941	2.00046730261	119.096116	-4267.62884478
-39.6869697218	28.9079410801	2.50058376734	119.098285992	-4276.32974276
-39.6824815819	28.9057541174	3.00070008769	119.100455741	-4281.5691104
-39.6779936313	28.9035670058	3.50081626367	119.10262525	-4285.27774775
-39.6735058698	28.9013797456	4.00093229526	119.104794517	-4287.21269883
-39.6690182975	28.8991923366	4.50104818247	119.106963543	-4286.19971365
-39.6645309143	28.897004779	5.00116392529	119.109132327	-4281.34681324
-39.6600437202	28.8948170726	5.50127952373	119.11130087	-4275.73660902
-39.6555567153	28.8926292176	6.00139497777	119.113469171	-4266.63383542
-39.6510698995	28.8904412139	6.50151028742	119.115637231	-4258.33667086
-39.6465832728	28.8882530616	7.00162545266	119.11780505	-4249.54140126
-39.6420968352	28.8860647608	7.50174047351	119.119972627	-4241.05604356
-39.6376105867	28.8838763113	8.00185534996	119.122139963	-4231.7334802
-39.6331245272	28.8816877133	8.50197008199	119.124307058	-4224.12191146
-39.6286386568	28.8794989667	9.00208466962	119.126473911	-4217.98812239
-39.6241529754	28.8773100716	9.50219911284	119.128640523	-4213.48186383
-39.619667483	28.875121028	10.0023134116	119.130806893	-4210.46053198
-39.6151821797	28.8729318359	10.502427566	119.132973023	-4207.55590081
-39.6106970653	28.8707424954	11.002541576	119.13513891	-4205.2312636
-39.6062121399	28.8685530064	11.5026554415	119.137304557	-4201.75516482
-39.6017274036	28.866363369	12.0027691627	119.139469962	-4180.45229484
-39.5972428561	28.8641735831	12.5028827393	119.141635126	-4161.05714818
-39.5927584977	28.8619836489	13.0029961716	119.143800048	-4142.54037863
-39.5882743282	28.8597935663	13.5031094594	119.145964729	-4127.78465688
-39.5837903476	28.8576033354	14.0032226028	119.148129169	-4115.31252721
-39.5793065559	28.8554129562	14.5033356018	119.150293368	-4106.12451802
-39.5748229531	28.8532224286	15.0034484563	119.152457325	-4097.97303921
-39.5703395392	28.8510317528	15.5035611663	119.154621041	-4092.0249976
-39.5658563142	28.8488409286	16.0036737319	119.156784515	-4087.14936451
-39.5613732781	28.8466499563	16.5037861531	119.158947749	-4084.93235421
-39.5568904308	28.8444588357	17.0038984298	119.161110741	-4083.26529937
-39.5524077724	28.8422675669	17.5040105621	119.163273492	-4083.76672613
-39.5479253028	28.8400761499	18.0041225499	119.165436001	-4084.05020051
-39.543443022	28.8378845847	18.5042343932	119.167598269	-4084.74163571
-39.53896093	28.8356928714	19.0043460921	119.169760296	-4085.11542867
-39.5344790268	28.83350101	19.5044576465	119.171922082	-4084.78244359
-39.5299973124	28.8313090004	20.0045690564	119.174083627	-4085.12627596
-39.5255157868	28.8291168428	20.5046803219	119.17624493	-4083.7943812
-39.5210344499	28.8269245371	21.0047914429	119.178405992	-4081.52880244
-39.5165533017	28.8247320833	21.5049024194	119.180566813	-4078.70290577
-39.5120723423	28.8225394815	22.0050132514	119.182727392	-4075.09685534
-39.5075915716	28.8203467317	22.505123939	119.184887731	-4069.95420204
-39.5031109897	28.8181538339	23.0052344821	119.187047828	-4063.85155164
-39.4986305964	28.8159607881	23.5053448806	119.189207684	-4056.91833032
-39.4941503918	28.8137675944	24.0054551347	119.191367298	-4049.27169228
-39.4896703758	28.8115742527	24.5055652443	119.193526672	-4039.69661756
-39.4851905486	28.8093807631	25.0056752094	119.195685804	-4030.03792359
