-24.9393314062 0.206352
-24.4405519103 0.246637
-23.9417721238 0.287018
-23.4429920466 0.326448
-22.9442116787 0.365731
-22.4454310201 0.404018
-21.9466500707 0.441213
-21.4478688306 0.476465
-20.9490872997 0.509962
-20.4503054779 0.539925
-19.9515233652 0.568354
-19.4527409617 0.5953
-18.9539582672 0.61855
-18.4551752817 0.637683
-17.9563920053 0.654303
-17.4576084378 0.666493
-16.9588245793 0.674607
-16.4600404297 0.681966
-15.961255989 0.687152
-15.4624712572 0.684585
-14.9636862342 0.680327
-14.46490092 0.673476
-13.9661153145 0.661263
-13.4673294178 0.647577
-12.9685432298 0.633998
-12.4697567505 0.616887
-11.9709699798 0.596046
-11.4721829177 0.5735
-10.9733955643 0.548609
-10.4746079193 0.522398
-9.97581998296 0.496052
-9.47703175507 0.468846
-8.97824323565 0.439626
-8.47945442467 0.409035
-7.98066532209 0.378891
-7.4818759279 0.347361
-6.98308624205 0.3162
-6.48429626452 0.285592
-5.98550599528 0.255373
-5.4867154343 0.226261
-4.98792458155 0.198286
-4.48913343699 0.171335
-3.99034200061 0.145953
-3.49155027236 0.122141
-2.99275825222 0.0998281
-2.49396594016 0.0805882
-1.99517333615 0.0634042
-1.49638044016 0.0483612
-0.997587252156 0.0344088
-0.498793772113 0.0228219
0 0.0131125
0.498794064213 0.00622432
0.997588420555 0.00237942
1.49638306906 0.000595148
1.99517800975 0
2.49397324266 0.00249338
2.99276876783 0.00752466
3.49156458527 0.0148239
3.99036069501 0.0243264
4.4891570971 0.0367864
4.98795379156 0.050145
5.48675077841 0.0661207
5.9855480577 0.0836991
6.48434562944 0.103762
6.98314349367 0.126594
7.48194165041 0.150929
7.9807400997 0.177262
8.47953884157 0.204609
8.97833787605 0.233441
9.47713720316 0.263663
9.97593682294 0.294583
10.4747367354 0.326471
10.9735369406 0.359604
11.4723374386 0.39183
11.9711382293 0.424918
12.4699393129 0.458119
12.9687406892 0.491035
13.4675423585 0.522503
13.9663443207 0.553283
14.4651465758 0.582911
14.9639491239 0.611532
15.4627519649 0.636848
15.961555099 0.658893
16.4603585261 0.679056
16.9591622464 0.692513
17.4579662597 0.703016
17.9567705661 0.710873
18.4555751658 0.714897
18.9543800586 0.712208
19.4531852447 0.703481
19.951990724 0.689823
20.4507964966 0.668115
20.9496025625 0.641453
21.4484089218 0.609344
21.9472155745 0.571164
22.4460225205 0.52718
22.94482976 0.478084
23.443637293 0.425306
23.9424451194 0.368811
24.4412532394 0.312555
24.940061653 0.265353
