-25.0161071633 0.324408
-24.5157824823 0.314487
-24.0154579048 0.31145
-23.5151334308 0.312205
-23.0148090602 0.313709
-22.5144847931 0.314757
-22.0141606295 0.313951
-21.5138365694 0.313137
-21.0135126128 0.312652
-20.5131887597 0.311145
-20.0128650101 0.306912
-19.512541364 0.301369
-19.0122178215 0.294627
-18.5118943825 0.287108
-18.011571047 0.279436
-17.5112478151 0.272081
-17.0109246868 0.266466
-16.510601662 0.261568
-16.0102787408 0.25915
-15.5099559232 0.256418
-15.0096332092 0.253826
-14.5093105988 0.251867
-14.0089880921 0.252433
-13.5086656889 0.252506
-13.0083433893 0.254466
-12.5080211934 0.257731
-12.0076991012 0.259136
-11.5073771126 0.258726
-11.0070552276 0.256993
-10.5067334463 0.252653
-10.0064117687 0.245533
-9.50609019474 0.237291
-9.0057687245 0.230409
-8.50544735795 0.226666
-8.0051260951 0.22349
-7.50480493597 0.221527
-7.00448388057 0.210134
-6.50416292889 0.197926
-6.00384208094 0.181859
-5.50352133675 0.163386
-5.0032006963 0.143759
-4.50288015962 0.125726
-4.0025597267 0.107887
-3.50223939756 0.0906541
-3.00191917221 0.0749777
-2.50159905065 0.0594913
-2.00127903289 0.0459722
-1.50095911893 0.0324281
-1.0006393088 0.0204563
-0.500319602483 0.0125538
0 0.00670885
0.500319498643 0.0024628
1.00063889344 0
1.50095818438 0.00352042
2.00127737146 0.0120191
2.50159645466 0.0224487
3.00191543399 0.0348686
3.50223430943 0.0506812
4.00255308098 0.0679229
4.50287174862 0.0869273
5.00319031236 0.106307
5.50350877218 0.125901
6.00382712807 0.144374
6.50414538003 0.164247
7.00446352804 0.183777
7.50478157211 0.203547
8.00509951222 0.222672
8.50541734837 0.240768
9.00573508054 0.257833
9.50605270874 0.272649
10.0063702329 0.286172
10.5066876531 0.297651
11.0070049694 0.308083
11.5073221815 0.314745
12.0076392897 0.319314
12.5079562939 0.320722
13.008273194 0.319543
13.5085899901 0.315885
14.0089066821 0.312066
14.50922327 0.308638
15.0095397539 0.304272
15.5098561337 0.300356
16.0101724095 0.297143
16.5104885811 0.293105
17.0108046487 0.287543
17.5111206121 0.28063
18.0114364715 0.27272
18.5117522267 0.264223
19.0120678778 0.254436
19.5123834247 0.246351
20.0126988675 0.242791
20.5130142062 0.247518
21.0133294407 0.258764
21.513644571 0.273096
22.0139595972 0.290006
22.5142745191 0.304949
23.0145893369 0.31182
23.5149040505 0.296868
24.0152186599 0.250958
24.515533165 0.188129
25.015847566 0.117301
