-24.9538500502 0.307831
-24.4547796091 0.235936
-23.9557089007 0.178317
-23.4566379249 0.133933
-22.9575666817 0.0987951
-22.458495171 0.0691955
-21.9594233928 0.0425886
-21.4603513471 0.0222752
-20.9612790339 0.0134293
-20.4622064531 0.00654155
-19.9631336048 0.00205918
-19.4640604888 0
-18.9649871053 0.00301418
-18.4659134541 0.00957953
-17.9668395353 0.0178163
-17.4677653487 0.0343676
-16.9686908945 0.0524443
-16.4696161725 0.0717029
-15.9705411828 0.0921808
-15.4714659253 0.115759
-14.9723904 0.138875
-14.4733146068 0.162658
-13.9742385459 0.1858
-13.475162217 0.207525
-12.9760856203 0.227406
-12.4770087556 0.245781
-11.977931623 0.261386
-11.4788542225 0.272834
-10.9797765539 0.280643
-10.4806986174 0.28365
-9.9816204128 0.283267
-9.48254194017 0.28017
-8.98346319947 0.27391
-8.48438419067 0.265958
-7.98530491375 0.255489
-7.48622536869 0.243965
-6.98714555546 0.23086
-6.48806547404 0.217259
-5.9889851244 0.203133
-5.48990450654 0.189788
-4.99082362041 0.177578
-4.49174246601 0.16665
-3.9926610433 0.157881
-3.49357935227 0.152002
-2.99449739289 0.147244
-2.49541516513 0.143558
-1.99633266899 0.140052
-1.49724990442 0.133993
-0.998166871418 0.120731
-0.499083569951 0.102732
0 0.0827966
0.499083838459 0.0655838
0.998167945449 0.0510281
1.49725232099 0.0411541
1.99633696511 0.0376423
2.49542187783 0.0424122
2.99450705916 0.0523459
3.49359250915 0.069196
3.99267822779 0.0916893
4.49176421513 0.11617
4.99085047118 0.141823
5.48993699596 0.17
5.98902378951 0.201928
6.48811085183 0.233951
6.98719818295 0.266966
7.4862857829 0.301902
7.98537365169 0.336718
8.48446178936 0.372566
8.98355019592 0.40822
9.48263887139 0.446016
9.9817278158 0.485168
10.4808170292 0.525376
10.9799065115 0.566062
11.4789962629 0.607991
11.9780862833 0.648684
12.4771765727 0.688858
12.9762671312 0.728763
13.4753579588 0.766875
13.9744490556 0.802865
14.4735404214 0.835609
14.9726320565 0.86587
15.4717239607 0.894953
15.9708161341 0.921258
16.4699085768 0.943646
16.9690012887 0.961086
17.4680942699 0.974498
17.9671875204 0.98314
18.4662810402 0.988716
18.9653748293 0.990309
19.4644688878 0.988223
19.9635632157 0.98193
20.462657813 0.968081
20.9617526798 0.950493
21.460847816 0.927609
21.9599432217 0.900195
22.4590388969 0.871301
22.9581348416 0.842103
23.4572310558 0.811557
23.9563275396 0.779319
24.455424293 0.746704
24.954521316 0.714202
