-25.0059593123 0.899936
-24.5058365968 0.890247
-24.0057140252 0.879119
-23.5055915977 0.865639
-23.0054693141 0.851756
-22.5053471746 0.842078
-22.0052251791 0.834762
-21.5051033276 0.827695
-21.0049816202 0.821552
-20.5048600567 0.817446
-20.0047386373 0.817085
-19.504617362 0.8186
-19.0044962307 0.823355
-18.5043752434 0.831027
-18.0042544001 0.838526
-17.5041337009 0.845885
-17.0040131458 0.850535
-16.5038927347 0.85139
-16.0037724676 0.848791
-15.5036523446 0.845705
-15.0035323657 0.843647
-14.5034125308 0.808494
-14.00329284 0.759296
-13.5031732933 0.724004
-13.0030538907 0.72506
-12.5029346321 0.727111
-12.0028155176 0.725884
-11.5026965471 0.719461
-11.0025777208 0.709551
-10.5024590385 0.69602
-10.0023405004 0.680511
-9.50222210629 0.659034
-9.0021038563 0.63464
-8.50198575042 0.609012
-8.00186778863 0.583128
-7.50174997095 0.555971
-7.00163229737 0.525948
-6.5015147679 0.495704
-6.00139738254 0.465068
-5.5012801413 0.433465
-5.00116304418 0.401925
-4.50104609117 0.371024
-4.00092928229 0.339542
-3.50081261753 0.306086
-3.00069609691 0.272006
-2.50057972041 0.236811
-2.00046348805 0.202658
-1.50034739982 0.168883
-1.00023145574 0.135274
-0.500115655796 0.104372
0 0.0780612
0.500115511648 0.0537154
1.00023087915 0.0310307
1.50034610249 0.0131844
2.00046118168 0.00367639
2.5005761167 0.00100045
3.00069090757 0
3.50080555427 0.00088583
4.0009200568 0.00834697
4.50103441516 0.0189217
5.00114862935 0.0320387
5.50126269936 0.0480718
6.0013766252 0.0654923
6.50149040685 0.0831645
7.00160404432 0.102635
7.5017175376 0.121797
8.00183088669 0.143325
8.50194409159 0.164139
9.00205715229 0.185523
9.5021700688 0.205597
10.0022828411 0.224662
10.5023954692 0.243954
11.0025079531 0.258821
11.5026202928 0.273052
12.0027324883 0.285793
12.5028445395 0.298269
13.0029564466 0.309065
13.5030682094 0.316442
14.003179828 0.322547
14.5032913024 0.326981
15.0034026325 0.329709
15.5035138184 0.33146
16.0036248601 0.33136
16.5037357576 0.329881
17.0038465108 0.327498
17.5039571197 0.323419
18.0040675845 0.318988
18.5041779049 0.315255
19.0042880812 0.310225
19.5043981131 0.306022
20.0045080009 0.301621
20.5046177443 0.298052
21.0047273435 0.293882
21.5048367985 0.290125
22.0049461091 0.286615
22.5050552756 0.283337
23.0051642977 0.281334
23.5052731756 0.280613
24.0053819091 0.279971
24.5054904985 0.280457
25.0055989435 0.280622
