-24.9416497811 0.27304
-24.4428238016 0.293504
-23.9439975361 0.31524
-23.4451709848 0.338088
-22.9463441474 0.363602
-22.4475170241 0.388468
-21.9486896148 0.412837
-21.4498619194 0.436008
-20.9510339379 0.45822
-20.4522056703 0.478146
-19.9533771166 0.496526
-19.4545482766 0.511731
-18.9557191505 0.52433
-18.4568897382 0.534223
-17.9580600396 0.539892
-17.4592300547 0.542679
-16.9603997836 0.541609
-16.461569226 0.536999
-15.9627383821 0.528999
-15.4639072518 0.519543
-14.9650758351 0.506888
-14.4662441319 0.492095
-13.9674121422 0.473947
-13.468579866 0.455195
-12.9697473033 0.433877
-12.470914454 0.411768
-11.972081318 0.388589
-11.4732478955 0.365447
-10.9744141863 0.342552
-10.4755801904 0.319507
-9.97674590774 0.296073
-9.47791133837 0.271479
-8.97907648223 0.247315
-8.48024133927 0.223333
-7.98140590949 0.199328
-7.48257019284 0.176255
-6.9837341893 0.153227
-6.48489789884 0.130882
-5.98606132143 0.108899
-5.48722445704 0.0883932
-4.98838730565 0.0685545
-4.48954986722 0.0501979
-3.99071214172 0.0334325
-3.49187412914 0.0199394
-2.99303582943 0.00952713
-2.49419724257 0.00263791
-1.99535836853 0
-1.49651920728 0.00308137
-0.997679758795 0.0129635
-0.498840023045 0.0291668
0 0.0543843
0.498840310367 0.087816
0.997680908086 0.12619
1.49652179319 0.169806
1.99536296569 0.218141
2.49420442564 0.269137
2.99304617305 0.320462
3.49188820796 0.370122
3.99073053039 0.415817
4.48957314038 0.451981
4.98841603794 0.474853
5.48725922311 0.481406
5.98610269593 0.478412
6.48494645641 0.469779
6.98379050458 0.4574
7.48263484048 0.443772
7.98147946413 0.430896
8.48032437557 0.41663
8.97916957481 0.40392
9.47801506189 0.393138
9.97686083684 0.38797
10.4757068997 0.385679
10.9745532505 0.388293
11.4733998892 0.392452
11.9722468159 0.399168
12.4710940306 0.407206
12.9699415333 0.417212
13.4687893242 0.428653
13.9676374031 0.440014
14.4664857701 0.452161
14.9653344253 0.462889
15.4641833687 0.470787
15.9630326002 0.478796
16.4618821201 0.486204
16.9607319281 0.491023
17.4595820245 0.494432
17.9584324092 0.495323
18.4572830823 0.494024
18.9561340437 0.491522
19.4549852935 0.488268
19.9538368318 0.483448
20.4526886586 0.476986
20.9515407738 0.468857
21.4503931776 0.459934
21.9492458699 0.449662
22.4480988508 0.438161
22.9469521203 0.426346
23.4458056784 0.415009
23.9446595252 0.403201
24.4435136607 0.391574
24.9423680849 0.379883
