-24.9660050957 0.534908
-24.4666909983 0.508298
-23.9673766561 0.480362
-23.4680620691 0.452526
-22.9687472373 0.425255
-22.4694321605 0.398212
-21.9701168389 0.370753
-21.4708012724 0.345398
-20.971485461 0.322112
-20.4721694047 0.299737
-19.9728531034 0.279322
-19.4735365571 0.261264
-18.9742197659 0.24413
-18.4749027296 0.228908
-17.9755854484 0.215435
-17.4762679221 0.204376
-16.9769501508 0.194202
-16.4776321344 0.18537
-15.9783138729 0.177823
-15.4789953663 0.171261
-14.9796766146 0.166503
-14.4803576177 0.162282
-13.9810383757 0.158691
-13.4817188886 0.15454
-12.9823991562 0.150846
-12.4830791787 0.146083
-11.9837589559 0.141577
-11.4844384879 0.136857
-10.9851177746 0.131353
-10.4857968161 0.125723
-9.98647561231 0.118382
-9.48715416319 0.111334
-8.98783246876 0.103538
-8.48851052898 0.0945756
-7.98918834386 0.0851157
-7.48986591336 0.0753204
-6.99054323747 0.0650947
-6.49122031619 0.0546878
-5.99189714948 0.0454728
-5.49257373733 0.0360031
-4.99325007972 0.0276663
-4.49392617665 0.019377
-3.99460202809 0.012266
-3.49527763402 0.0063553
-2.99595299443 0.00240942
-2.4966281093 0
-1.99730297862 4.71952e-05
-1.49797760237 0.00135953
-0.998651980522 0.00407442
-0.499326113071 0.00855664
0 0.0142772
0.499326358711 0.0230587
0.998652963076 0.033693
1.49797981312 0.0447499
1.99730690884 0.0593375
2.49663425028 0.0751952
2.99596183743 0.0930944
3.49528967033 0.112062
3.99461774898 0.132897
4.4939460734 0.155808
4.99327464362 0.180106
5.49260345964 0.206407
5.99193252148 0.232915
6.49126182916 0.260884
6.9905913827 0.289734
7.48992118211 0.319386
7.9892512274 0.349873
8.48858151861 0.381209
8.98791205574 0.412528
9.4872428388 0.442699
9.98657386782 0.472871
10.4859051428 0.50187
10.9852366638 0.530651
11.4845684308 0.557816
11.9839004438 0.58192
12.4832327028 0.604398
12.982565208 0.625116
13.4818979591 0.648535
13.9812309564 0.677189
14.4805641998 0.703609
14.9798976893 0.7273
15.4792314249 0.750977
15.9785654067 0.772897
16.4778996346 0.828004
16.9772341088 0.889481
17.4765688291 0.916811
17.9759037957 0.89749
18.4752390085 0.875641
18.9745744675 0.856114
19.4739101729 0.840967
19.9732461245 0.830966
20.4725823224 0.823072
20.9719187666 0.81543
21.4712554572 0.807429
21.9705923941 0.800047
22.4699295774 0.798762
22.9692670071 0.811732
23.4686046832 0.838271
23.9679426057 0.871605
24.4672807746 0.907553
24.96661919 0.943199
