-42.5391127837	28.3172947267	-24.9388381024	2.2315989947	-3923.79823425
-42.5389138818	28.3217879192	-24.4400685092	2.2315989947	-3923.09981505
-42.538714963	28.3262811115	-23.9412986239	2.23169335152	-3923.02625731
-42.5385160274	28.3307743035	-23.4425284465	2.23178772986	-3921.25895385
-42.538317075	28.3352674952	-22.9437579768	2.23188213045	-3918.61821038
-42.5381181058	28.3397606866	-22.444987215	2.23197655206	-3916.06445364
-42.5379191198	28.3442538777	-21.9462161609	2.23207099572	-3901.06599833
-42.5377201169	28.3487470685	-21.4474448145	2.23216546112	-3845.4547932
-42.5375210971	28.3532402591	-20.9486731759	2.23225994839	-3791.94989623
-42.5373220605	28.3577334493	-20.4499012449	2.23235445698	-3763.72618077
-42.5371230071	28.3622266393	-19.9511290215	2.23244898774	-3739.91259139
-42.5369239368	28.366719829	-19.4523565057	2.23254353988	-3715.06709416
-42.5367248497	28.3712130184	-18.9535836975	2.23263811401	-3696.4416331
-42.5365257457	28.3757062075	-18.4548105969	2.23273270982	-3682.67522082
-42.5363266248	28.3801993963	-17.9560372038	2.23282732736	-3676.20153116
-42.536127487	28.3846925848	-17.4572635181	2.23292196681	-3669.8225483
-42.5359283324	28.389185773	-16.9584895399	2.23301662765	-3667.87568841
-42.5357291609	28.393678961	-16.4597152692	2.23311131044	-3667.58353546
-42.5355299725	28.3981721486	-15.9609407058	2.23320601519	-3666.6911965
-42.5353307672	28.402665336	-15.4621658498	2.23330074146	-3648.84851691
-42.535131545	28.407158523	-14.9633907011	2.23339548966	-3607.89430997
-42.5349323059	28.4116517098	-14.4646152597	2.23349025954	-3533.41015186
-42.53473305	28.4161448963	-13.9658395256	2.23358505124	-3450.15003908
-42.5345337771	28.4206380825	-13.4670634987	2.23367986476	-3401.19771266
-42.5343344872	28.4251312684	-12.9682871791	2.23377469992	-3402.49755865
-42.5341351805	28.429624454	-12.4695105666	2.23386955714	-3434.92650751
-42.5339358569	28.4341176394	-11.9707336613	2.23396443596	-3452.29661608
-42.5337365163	28.4386108244	-11.4719564631	2.23405933665	-3486.9707272
-42.5335371587	28.4431040092	-10.9731789719	2.23415425911	-3529.4651794
-42.5333377843	28.4475971936	-10.4744011879	2.23424920341	-3582.52920905
-42.5331383929	28.4520903778	-9.97562311086	2.23434416961	-3634.41784276
-42.5329389846	28.4565835617	-9.47684474083	2.2344391574	-3632.47154438
-42.5327395593	28.4610767453	-8.97806607777	2.23453416708	-3636.87296817
-42.532540117	28.4655699285	-8.47928712165	2.2346291988	-3645.12683575
-42.5323406578	28.4700631116	-7.98050787244	2.23472425206	-3663.6166656
-42.5321411816	28.4745562943	-7.48172833011	2.23481932736	-3676.16169373
-42.5319416885	28.4790494767	-6.98294849462	2.23491442458	-3678.33127292
-42.5317421783	28.4835426588	-6.48416836596	2.23500954332	-3680.91707257
-42.5315426512	28.4880358407	-5.98538794408	2.23510468414	-3681.89779269
-42.5313431072	28.4925290222	-5.48660722896	2.23519984663	-3682.22498043
-42.5311435461	28.4970222035	-4.98782622056	2.23529503132	-3680.31874161
-42.530943968	28.5015153844	-4.48904491887	2.23539023742	-3680.23603482
-42.530744373	28.5060085651	-3.99026332384	2.23548546581	-3682.28294538
-42.5305447609	28.5105017455	-3.49148143544	2.23558071573	-3677.04377445
-42.5303451318	28.5149949256	-2.99269925366	2.23567598766	-3668.95573746
-42.5301454857	28.5194881054	-2.49391677845	2.23577128152	-3659.35501463
-42.5299458226	28.5239812849	-1.99513400979	2.23586659714	-3643.83951194
-42.5297461425	28.5284744641	-1.49635094764	2.23596193458	-3621.24805706
-42.5295464454	28.532967643	-0.997567591981	2.23605729417	-3598.81748346
-42.5293467312	28.5374608217	-0.498783942777	2.23615267547	-3572.95927916
-42.529147	28.541954	0	2.23624807866	-3541.19536189
-42.5289472518	28.546447178	0.498784236381	2.23634350372	-3503.47462413
-42.5287474865	28.5509403558	0.997568766396	2.23643895088	-3463.86722818
-42.5285477041	28.5554335333	1.49635359008	2.23653441979	-3419.91407385
-42.5283479047	28.5599267104	1.99513870745	2.23662991056	-3378.24005935
-42.5281480883	28.5644198873	2.49392411855	2.23672542339	-3352.25427242
-42.5279482548	28.5689130639	2.9927098234	2.23682095788	-3389.12969179
-42.5277484042	28.5734062402	3.49149582203	2.23691651458	-3424.30323617
-42.5275485365	28.5778994162	3.99028211448	2.23701209308	-3428.13103674
-42.5273486518	28.5823925919	4.48906870078	2.23710769353	-3321.35539111
-42.52714875	28.5868857673	4.98785558095	2.23720331586	-3202.65479211
-42.5269488311	28.5913789424	5.48664275502	2.23729896026	-3090.61247227
-42.5267488951	28.5958721173	5.98543022303	2.23739462642	-3048.50001862
-42.526548942	28.6003652918	6.484217985	2.23749031467	-3080.37082384
-42.5263489719	28.604858466	6.98300604097	2.23758602481	-3100.23098096
-42.5261489846	28.60935164	7.48179439096	2.23768175684	-3113.15509605
-42.5259489802	28.6138448136	7.980583035	2.237777511	-3125.06776576
-42.5257489587	28.618337987	8.47937197313	2.23787328704	-3135.66761454
-42.52554892	28.6228311601	8.97816120538	2.23796908493	-3230.96869338
-42.5253488643	28.6273243328	9.47695073176	2.238064905	-3252.46893723
-42.5251487914	28.6318175053	9.97574055233	2.23816074684	-3224.52054989
-42.5249487014	28.6363106775	10.4745306671	2.23825661074	-3196.42065228
-42.5247485943	28.6408038494	10.9733210761	2.23835249656	-3165.90054931
-42.52454847	28.645297021	11.4721117794	2.2384484045	-3147.2246361
-42.5243483286	28.6497901923	11.9709027769	2.23854433442	-3139.02330195
-42.52414817	28.6542833633	12.4696940688	2.23864028621	-3119.81666245
-42.5239479942	28.658776534	12.968485655	2.23873626002	-3070.09880761
-42.5237478014	28.6632697044	13.4672775357	2.23883225594	-3010.23408695
-42.5235475913	28.6677628746	13.9660697107	2.23892827378	-2958.21763313
-42.5233473641	28.6722560444	14.4648621802	2.23902431361	-2920.76943
-42.5231471197	28.6767492139	14.9636549441	2.23912037551	-2912.2121596
-42.5229468581	28.6812423832	15.4624480026	2.23921645939	-2928.61324256
-42.5227465793	28.6857355521	15.9612413556	2.23931256532	-2981.19642107
-42.5225462833	28.6902287208	16.4600350031	2.23940869336	-3042.45467213
-42.5223459702	28.6947218891	16.9588289452	2.23950484319	-3090.26180612
-42.5221456399	28.6992150572	17.457623182	2.23960101521	-3105.115472
-42.5219452923	28.7037082249	17.9564177134	2.23969720923	-3128.38947559
-42.5217449276	28.7082013924	18.4552125395	2.2397934254	-3199.23007496
-42.5215445456	28.7126945596	18.9540076603	2.23988966357	-3279.38482747
-42.5213441464	28.7171877265	19.4528030759	2.23998592355	-3372.66333883
-42.52114373	28.7216808931	19.9515987862	2.24008220599	-3454.05098388
-42.5209432964	28.7261740594	20.4503947913	2.24017851006	-3496.55428333
-42.5207428455	28.7306672254	20.9491910913	2.24027483672	-3513.44754015
-42.5205423774	28.7351603911	21.4479876861	2.24037118494	-3519.88316845
-42.5203418921	28.7396535565	21.9467845758	2.24046755538	-3524.24860432
-42.5201413895	28.7441467216	22.4455817605	2.24056394808	-3527.90421666
-42.5199408697	28.7486398864	22.94437924	2.24066036252	-3532.74498869
-42.5197403326	28.7531330509	23.4431770146	2.24075679935	-3540.87978076
-42.5195397783	28.7576262151	23.9419750842	2.24085325814	-3552.35944956
-42.5193392067	28.762119379	24.4407734488	2.24094973914	-3567.07984691
-42.5191386178	28.7666125427	24.9395721085	2.24104624209	-3582.77933611
