-40.8361482145	28.1546137158	-24.9392568563	353.605118018	-4073.01001948
-40.8367162831	28.1590823391	-24.440478822	353.605118018	-4071.1620247
-40.8372843991	28.1635509601	-23.9417004984	353.604849954	-4069.16054667
-40.8378525625	28.1680195788	-23.4429218852	353.604581828	-4066.84901377
-40.8384207734	28.1724881951	-22.9441429826	353.604313641	-4064.28417498
-40.8389890318	28.1769568091	-22.4453637904	353.604045393	-4060.96824301
-40.8395573376	28.1814254207	-21.9465843087	353.603777083	-4056.77183642
-40.840125691	28.18589403	-21.4478045374	353.603508712	-4050.63268665
-40.8406940918	28.1903626369	-20.9490244765	353.603240279	-4042.3667893
-40.8412625402	28.1948312415	-20.450244126	353.602971784	-4033.01124154
-40.8418310362	28.1992998437	-19.9514634858	353.602703228	-4022.67798194
-40.8423995796	28.2037684436	-19.4526825558	353.602434611	-4008.71585542
-40.8429681707	28.2082370412	-18.9539013362	353.602165932	-3994.38914494
-40.8435368093	28.2127056363	-18.4551198268	353.601897191	-3977.78663697
-40.8441054955	28.2171742292	-17.9563380276	353.601628389	-3959.75909267
-40.8446742292	28.2216428197	-17.4575559385	353.601359525	-3941.23041269
-40.8452430106	28.2261114078	-16.9587735596	353.6010906	-3922.54265078
-40.8458118397	28.2305799936	-16.4599908909	353.600821613	-3904.69944947
-40.8463807163	28.235048577	-15.9612079322	353.600552564	-3888.11557149
-40.8469496407	28.2395171581	-15.4624246836	353.600283454	-3871.42240456
-40.8475186126	28.2439857368	-14.963641145	353.600014282	-3857.03215223
-40.8480876323	28.2484543131	-14.4648573163	353.599745049	-3844.82109478
-40.8486566997	28.2529228872	-13.9660731977	353.599475753	-3832.92166566
-40.8492258147	28.2573914588	-13.467288789	353.599206397	-3823.83990365
-40.8497949775	28.2618600281	-12.9685040902	353.598936978	-3818.24687926
-40.850364188	28.266328595	-12.4697191013	353.598667498	-3814.47526344
-40.8509334462	28.2707971596	-11.9709338222	353.598397956	-3814.89435565
-40.8515027522	28.2752657218	-11.4721482529	353.598128353	-3818.92473489
-40.852072106	28.2797342817	-10.9733623935	353.597858687	-3824.84953496
-40.8526415075	28.2842028391	-10.4745762437	353.59758896	-3833.55156971
-40.8532109568	28.2886713943	-9.97578980375	353.597319172	-3845.62007151
-40.853780454	28.293139947	-9.47700307344	353.597049321	-3860.89525908
-40.8543499989	28.2976084975	-8.97821605281	353.596779409	-3878.24404909
-40.8549195917	28.3020770455	-8.47942874181	353.596509435	-3897.55848852
-40.8554892324	28.3065455912	-7.98064114042	353.596239399	-3918.81246739
-40.8560589209	28.3110141345	-7.4818532486	353.595969301	-3940.93251031
-40.8566286572	28.3154826754	-6.98306506633	353.595699142	-3964.93551525
-40.8571984415	28.319951214	-6.48427659357	353.595428921	-3989.73821083
-40.8577682736	28.3244197502	-5.9854878303	353.595158637	-4015.11576136
-40.8583381537	28.3288882841	-5.48669877648	353.594888292	-4038.40203312
-40.8589080816	28.3333568156	-4.98790943209	353.594617885	-4059.34246071
-40.8594780576	28.3378253447	-4.48911979709	353.594347417	-4080.26020341
-40.8600480814	28.3422938714	-3.99032987146	353.594076886	-4100.35348997
-40.8606181532	28.3467623958	-3.49153965517	353.593806294	-4117.36054446
-40.861188273	28.3512309178	-2.99274914818	353.59353564	-4131.65210501
-40.8617584408	28.3556994374	-2.49395835047	353.593264923	-4142.55741175
-40.8623286566	28.3601679547	-1.995167262	353.592994145	-4149.70826796
-40.8628989204	28.3646364696	-1.49637588275	353.592723305	-4153.5551401
-40.8634692322	28.3691049821	-0.997584212689	353.592452403	-4156.44731785
-40.8640395921	28.3735734922	-0.498792251782	353.592181439	-4156.55646965
-40.86461	28.378042	0	353.591910413	-4153.41389837
-40.865180456	28.3825105054	0.498792542685	353.591639325	-4148.18104368
-40.86575096	28.3869790084	0.997585376302	353.591368175	-4140.34580976
-40.8663215122	28.3914475091	1.49637850088	353.591096963	-4130.02494711
-40.8668921124	28.3959160073	1.99517191646	353.590825689	-4118.66500549
-40.8674627608	28.4003845032	2.49396562306	353.590554353	-4106.76822713
-40.8680334573	28.4048529967	2.99275962071	353.590282955	-4094.15441726
-40.868604202	28.4093214878	3.49155390944	353.590011495	-4079.64567655
-40.8691749948	28.4137899766	3.99034848928	353.589739973	-4065.64051573
-40.8697458357	28.418258463	4.48914336027	353.589468389	-4051.22249093
-40.8703167249	28.422726947	4.98793852243	353.589196743	-4038.39062341
-40.8708876622	28.4271954286	5.48673397579	353.588925035	-4025.6092602
-40.8714586478	28.4316639078	5.98552972039	353.588653264	-4013.95890602
-40.8720296815	28.4361323846	6.48432575624	353.588381432	-4002.59400561
-40.8726007636	28.4406008591	6.98312208339	353.588109537	-3992.28312251
-40.8731718938	28.4450693312	7.48191870185	353.58783758	-3984.22687922
-40.8737430723	28.4495378009	7.98071561167	353.587565562	-3980.46700601
-40.8743142991	28.4540062682	8.47951281287	353.587293481	-3980.04583879
-40.8748855742	28.4584747331	8.97831030548	353.587021337	-3983.20545657
-40.8754568976	28.4629431956	9.47710808953	353.586749132	-3992.04650315
-40.8760282693	28.4674116558	9.97590616505	353.586476864	-4006.5915184
-40.8765996893	28.4718801135	10.4747045321	353.586204535	-4024.05452509
-40.8771711576	28.4763485689	10.9735031906	353.585932143	-4042.26834712
-40.8777426743	28.4808170219	11.4723021407	353.585659688	-4061.14155599
-40.8783142394	28.4852854725	11.9711013824	353.585387172	-4080.32909902
-40.8788858529	28.4897539207	12.4699009157	353.585114593	-4096.64350022
-40.8794575147	28.4942223665	12.9687007407	353.584841952	-4107.73408523
-40.8800292249	28.4986908099	13.4675008573	353.584569249	-4115.95396726
-40.8806009836	28.5031592509	13.9663012657	353.584296484	-4119.09134237
-40.8811727907	28.5076276896	14.4651019658	353.584023656	-4116.74004534
-40.8817446462	28.5120961258	14.9639029576	353.583750766	-4107.61663124
-40.8823165502	28.5165645597	15.4627042413	353.583477813	-4091.94552429
-40.8828885027	28.5210329911	15.9615058167	353.583204799	-4067.2362434
-40.8834605036	28.5255014202	16.4603076841	353.582931722	-4034.81470226
-40.8840325531	28.5299698468	16.9591098433	353.582658582	-3998.32883493
-40.884604651	28.5344382711	17.4579122944	353.582385381	-3961.53316356
-40.8851767975	28.538906693	17.9567150375	353.582112116	-3925.71880848
-40.8857489925	28.5433751124	18.4555180725	353.58183879	-3892.44955258
-40.886321236	28.5478435295	18.9543213996	353.581565401	-3861.3639788
-40.8868935281	28.5523119442	19.4531250187	353.58129195	-3831.05339465
-40.8874658688	28.5567803564	19.9519289298	353.581018436	-3802.77851941
-40.8880382581	28.5612487663	20.4507331331	353.58074486	-3776.70941582
-40.888610696	28.5657171738	20.9495376285	353.580471222	-3754.31678425
-40.8891831825	28.5701855788	21.448342416	353.580197521	-3736.70119254
-40.8897557176	28.5746539815	21.9471474957	353.579923757	-3723.32905983
-40.8903283013	28.5791223818	22.4459528676	353.579649931	-3712.05262779
-40.8909009337	28.5835907796	22.9447585317	353.579376043	-3702.3330693
-40.8914736148	28.5880591751	23.4435644882	353.579102092	-3693.31940402
-40.8920463446	28.5925275681	23.9423707369	353.578828079	-3684.55747106
-40.892619123	28.5969959588	24.4411772779	353.578554003	-3676.2249353
-40.8931919502	28.601464347	24.9399841113	353.578279865	-3667.37446211
