-24.9392246261 0.00531384
-24.4404472857 0.0169484
-23.941669654 0.0167746
-23.4428917307 0.0117794
-22.944113516 0.00741538
-22.4453350097 0.0040585
-21.9465562118 0
-21.4477771224 0.0070334
-20.9489977413 0.0257987
-20.4502180686 0.0496446
-19.9514381042 0.0776138
-19.4526578481 0.116503
-18.9538773002 0.155201
-18.4550964606 0.170271
-17.9563153291 0.172754
-17.4575339058 0.171524
-16.9587521907 0.170825
-16.4599701836 0.162982
-15.9611878846 0.147377
-15.4624052937 0.142678
-14.9636224108 0.149589
-14.4648392358 0.151402
-13.9660557688 0.153898
-13.4672720098 0.163167
-12.9684879586 0.172629
-12.4697036153 0.195434
-11.9709189798 0.205665
-11.4721340521 0.219986
-10.9733488322 0.221117
-10.4745633201 0.235065
-9.97577751562 0.26618
-9.47699141885 0.296386
-8.97820502974 0.320632
-8.47941834824 0.330973
-7.98063137434 0.323925
-7.481844108 0.324357
-6.9830565492 0.332467
-6.4842686979 0.349365
-5.98548055406 0.363792
-5.48669211767 0.360876
-4.9879033887 0.353081
-4.4891143671 0.367322
-3.99032505286 0.386754
-3.49153544594 0.406269
-2.99274554631 0.427865
-2.49395535394 0.419585
-1.99516486881 0.368627
-1.49637409088 0.328063
-0.997583020119 0.302427
-0.498791656504 0.283597
0 0.268385
0.49879194942 0.257495
0.997584191787 0.261396
1.49637672713 0.293172
1.99516955548 0.33368
2.49396267687 0.372275
2.99275609133 0.425797
3.49154979888 0.500995
3.99034379955 0.567146
4.48913809339 0.630227
4.9879326804 0.692931
5.48672756064 0.755875
5.98552273412 0.81671
6.48431820087 0.860528
6.98311396093 0.900018
7.48191001433 0.93109
7.98070636109 0.948529
8.47950300124 0.952981
8.97829993482 0.944987
9.47709716186 0.932734
9.97589468237 0.930687
10.4746924964 0.944074
10.973490604 0.977038
11.4722890051 1.02755
11.9710876999 1.08365
12.4698866883 1.1242
12.9686859703 1.1561
13.467485546 1.19347
13.9662854155 1.23271
14.4650855787 1.21435
14.9638860357 1.20422
15.4626867865 1.21027
15.9614878311 1.22197
16.4602891696 1.22912
16.9590908021 1.2383
17.4578927284 1.20157
17.9566949487 1.1298
18.455497463 1.0724
18.9543002713 1.02806
19.4531033736 0.984293
19.9519067701 0.945894
20.4507104606 0.92772
20.9495144453 0.878767
21.4483187241 0.814382
21.9471232972 0.746515
22.4459281644 0.680623
22.944733326 0.619452
23.4435387818 0.56697
23.9423445319 0.526292
24.4411505763 0.47192
24.9399569152 0.414676
