-24.940347217 0.184437
-24.4415473596 0.173021
-23.9427472133 0.165781
-23.4439467783 0.162745
-22.9451460544 0.164811
-22.4463450416 0.174488
-21.9475437399 0.188834
-21.4487421493 0.206271
-20.9499402697 0.226192
-20.4511381011 0.24859
-19.9523356435 0.271561
-19.4535328968 0.294656
-18.9547298611 0.317829
-18.4559265362 0.339977
-17.9571229222 0.361013
-17.4583190191 0.379836
-16.9595148267 0.396515
-16.4607103451 0.410598
-15.9619055742 0.420603
-15.4631005141 0.429344
-14.9642951646 0.435944
-14.4654895258 0.438836
-13.9666835976 0.437415
-13.4678773799 0.434032
-12.9690708729 0.426447
-12.4702640764 0.415212
-11.9714569903 0.402688
-11.4726496148 0.387248
-10.9738419497 0.368698
-10.475033995 0.348862
-9.9762257507 0.326335
-9.47741721675 0.303285
-8.97860839313 0.279028
-8.4797992798 0.253579
-7.98098987674 0.227748
-7.48218018391 0.202139
-6.9833702013 0.176708
-6.48455992886 0.152615
-5.98574936657 0.130018
-5.4869385144 0.108034
-4.98812737232 0.0867362
-4.4893159403 0.0683006
-3.99050421831 0.051729
-3.49169220633 0.0365223
-2.99287990431 0.0248711
-2.49406731224 0.0151884
-1.99525443008 0.00736197
-1.49644125781 0.00168688
-0.99762779539 0
-0.498814042797 0.000777274
0 0.00426174
0.49881433303 0.010558
0.997628956323 0.0182782
1.49644386991 0.0275932
1.99525907381 0.0403807
2.49407456807 0.0562389
2.99289035271 0.0727726
3.49170642775 0.0901298
3.99052279324 0.111603
4.48933944919 0.133733
4.98815639564 0.156346
5.48697363261 0.181354
5.98579116014 0.207411
6.48460897826 0.232601
6.98342708699 0.258846
7.48224548636 0.285574
7.9810641764 0.31227
8.47988315715 0.338834
8.97870242863 0.364989
9.47752199087 0.39049
9.97634184389 0.41472
10.4751619877 0.438899
10.9739824224 0.46318
11.472803148 0.487618
11.9716241645 0.510543
12.4704454719 0.532942
12.9692670703 0.554158
13.4680889596 0.574387
13.96691114 0.593721
14.4657336115 0.612012
14.964556374 0.629561
15.4633794276 0.64559
15.9622027724 0.660124
16.4610264084 0.673136
16.9598503355 0.684225
17.4586745539 0.693039
17.9574990635 0.699873
18.4563238644 0.708031
18.9551489566 0.714924
19.4539743402 0.720367
19.9528000151 0.726822
20.4516259815 0.734421
20.9504522393 0.742926
21.4492787885 0.750496
21.9481056292 0.758873
22.4469327614 0.766105
22.9457601852 0.772401
23.4445879006 0.778103
23.9434159075 0.783937
24.4422442061 0.789995
24.9410727964 0.79682
