-24.9392200462 0.509548
-24.4404427968 0.443023
-23.941665256 0.3754
-23.4428874237 0.311892
-22.9441093 0.233316
-22.4453308848 0.151995
-21.946552178 0.0846883
-21.4477731797 0.0365288
-20.9489938897 0.00958093
-20.4502143081 0
-19.9514344349 0.00283758
-19.45265427 0.0103638
-18.9538738134 0.0157535
-18.455093065 0.0208365
-17.9563120248 0.024945
-17.4575306928 0.0230068
-16.958749069 0.0270134
-16.4599671533 0.0400471
-15.9611849457 0.0557041
-15.4624024462 0.0708831
-14.9636196548 0.0813254
-14.4648365713 0.0885088
-13.9660531958 0.0965704
-13.4672695283 0.104573
-12.9684855687 0.114466
-12.4697013169 0.122602
-11.9709167731 0.128497
-11.472131937 0.13443
-10.9733468088 0.143019
-10.4745613883 0.155313
-9.97577567559 0.176545
-9.47698967057 0.212799
-8.97820337323 0.230395
-8.47941678354 0.24775
-7.98062990147 0.23724
-7.48184272698 0.216135
-6.98305526006 0.218469
-6.48426750066 0.223743
-5.98547944876 0.229988
-5.48669110433 0.235126
-4.98790246734 0.235635
-4.48911353776 0.252063
-3.99032431556 0.275259
-3.49153480071 0.309345
-2.99274499317 0.336164
-2.49395489293 0.350823
-1.99516449994 0.36437
-1.49637381419 0.384252
-0.997582835634 0.388103
-0.498791564247 0.391863
0 0.365732
0.498791857138 0.352913
0.997584007195 0.393037
1.4963764502 0.440232
1.99516918619 0.495157
2.49396221519 0.52922
2.99275553722 0.553185
3.49154915233 0.554105
3.99034306054 0.549528
4.48913726187 0.550474
4.98793175636 0.518145
5.48672654405 0.488159
5.98552162495 0.469276
6.4843169991 0.47341
6.98311266653 0.515709
7.48190862726 0.562205
7.98070488134 0.598978
8.47950142878 0.633684
8.97829826962 0.675313
9.47709540389 0.712072
9.97589283161 0.744296
10.4746905528 0.768274
10.9734885675 0.809409
11.4722868758 0.833868
11.9710854777 0.880789
12.4698843731 0.917932
12.9686835622 0.95527
13.467483045 0.997111
13.9662828214 1.03987
14.4650828916 1.06527
14.9638832555 1.0704
15.4626839132 1.08101
15.9614848648 1.10544
16.4602861101 1.14699
16.9590876494 1.18115
17.4578894825 1.15672
17.9566916096 1.09675
18.4554940306 1.02884
18.9542967457 0.969617
19.4530997547 0.935503
19.9519030578 0.936813
20.450706655 0.945774
20.9495105463 0.91706
21.4483147317 0.909702
21.9471192113 0.920726
22.4459239851 0.949101
22.9447290532 0.977313
23.4435344155 0.949774
23.942340072 0.906595
24.4411460229 0.839529
24.9399522682 0.773208
