-24.9417130726 0.172441
-24.4428858363 0.166494
-23.9440583136 0.161239
-23.4452305047 0.156173
-22.9464024094 0.150525
-22.4475740278 0.144658
-21.9487453598 0.139263
-21.4499164054 0.133203
-20.9510871645 0.127071
-20.4522576371 0.12083
-19.9534278232 0.112368
-19.4545977228 0.102574
-18.9557673359 0.0922733
-18.4569366623 0.0811431
-17.9581057021 0.0702558
-17.4592744552 0.0588917
-16.9604429217 0.0474536
-16.4616111015 0.0352363
-15.9627789945 0.02362
-15.4639466007 0.0143102
-14.9651139202 0.00609251
-14.4662809528 0.00171351
-13.9674476986 0.00115906
-13.4686141575 0.000401071
-12.9697803294 0
-12.4709462145 0.00190243
-11.9721118125 0.00371535
-11.4732771236 0.00679504
-10.9744421476 0.0116276
-10.4756068846 0.0177121
-9.97677133451 0.0255145
-9.47793549729 0.0313705
-8.97909937292 0.0372474
-8.48026296138 0.0423545
-7.98142626264 0.0465131
-7.48258927668 0.0500774
-6.98375200345 0.0519619
-6.48491444293 0.0528162
-5.9860765951 0.0537396
-5.48723845992 0.0538322
-4.98840003738 0.0538083
-4.48956132742 0.0548716
-3.99072233004 0.0570379
-3.49188304519 0.0597935
-2.99304347286 0.0638943
-2.49420361301 0.0706592
-1.99536346562 0.0793357
-1.49652303065 0.0891151
-0.997682308073 0.101093
-0.498841297866 0.113779
0 0.128008
0.498841585557 0.143973
0.997683458831 0.161704
1.49652561985 0.180023
1.99536806865 0.198515
2.49421080525 0.21629
2.99305382968 0.234935
3.49189714198 0.253687
3.99074074216 0.270612
4.48958463027 0.287023
4.98842880632 0.303284
5.48727327034 0.318947
5.98611802238 0.33315
6.48496306244 0.34667
6.98380839056 0.35962
7.48265400678 0.370879
7.98149991112 0.382774
8.4803461036 0.394128
8.97919258426 0.405903
9.47803935312 0.417852
9.97688641021 0.430879
10.4757337556 0.444303
10.9745813892 0.459675
11.4734293112 0.475209
11.9722775215 0.491932
12.4711260202 0.509603
12.9699748073 0.529339
13.4688238828 0.549494
13.9676732468 0.57047
14.4665228993 0.591629
14.9653728403 0.612787
15.4642230698 0.633122
15.9630735879 0.653489
16.4619243946 0.672748
16.96077549 0.690815
17.459626874 0.707476
17.9584785467 0.722176
18.4573305081 0.736846
18.9561827583 0.749881
19.4550352972 0.760129
19.9538881249 0.76904
20.4527412415 0.776112
20.9515946469 0.78085
21.4504483412 0.785899
21.9493023245 0.789996
22.4481565966 0.793419
22.9470111578 0.796188
23.4458660079 0.798328
23.9447211471 0.801
24.4435765753 0.802596
24.9424322927 0.803939
