-24.9614117852 0.972282
-24.4621897087 0.951266
-23.9629673812 0.9289
-23.4637448025 0.906655
-22.9645219727 0.883037
-22.4652988918 0.859498
-21.9660755597 0.834822
-21.4668519764 0.809622
-20.9676281418 0.782427
-20.4684040561 0.751821
-19.9691797191 0.716968
-19.4699551309 0.677306
-18.9707302914 0.631003
-18.4715052006 0.576395
-17.9722798584 0.511148
-17.4730542649 0.435245
-16.9738284201 0.359551
-16.4746023239 0.295861
-15.9753759763 0.242774
-15.4761493772 0.20271
-14.9769225268 0.176946
-14.4776954248 0.186163
-13.9784680714 0.200163
-13.4792404665 0.16773
-12.9800126101 0.12597
-12.4807845022 0.0883027
-11.9815561427 0.0580735
-11.4823275316 0.0350793
-10.983098669 0.0179161
-10.4838695547 0.00686661
-9.98464018885 0.00126822
-9.48541057132 0
-8.98618070212 0.00276508
-8.48695058124 0.00792954
-7.98772020865 0.0137886
-7.48848958434 0.0212812
-6.98925870829 0.0286467
-6.49002758048 0.0364586
-5.99079620089 0.0438075
-5.4915645695 0.0514646
-4.99233268629 0.0595712
-4.49310055124 0.0673776
-3.99386816434 0.0752355
-3.49463552556 0.0838961
-2.99540263489 0.0926017
-2.4961694923 0.102337
-1.99693609778 0.112129
-1.49770245131 0.123891
-0.998468552869 0.13716
-0.499234402439 0.151385
0 0.166767
0.499234654467 0.184525
0.998469560979 0.203462
1.49770471956 0.224348
1.99694013022 0.245959
2.49617579299 0.26824
2.99541170788 0.292303
3.49464787491 0.317952
3.9938842941 0.344027
4.49312096546 0.372952
4.99235788903 0.402697
5.49159506482 0.433058
5.99083249284 0.464348
6.49007017311 0.496532
6.98930810566 0.528785
7.4885462905 0.560208
7.98778472765 0.591638
8.48702341714 0.62213
8.98626235897 0.65247
9.48550155317 0.681979
9.98474099976 0.709658
10.4839806988 0.735951
10.9832206502 0.76017
11.482460854 0.782152
11.9817013104 0.801671
12.4809420192 0.819391
12.9801829805 0.836569
13.4794241943 0.851768
13.9786656607 0.865466
14.4779073796 0.877377
14.9771493511 0.887508
15.4763915752 0.89392
15.9756340519 0.898772
16.4748767812 0.901663
16.9741197632 0.902726
17.4733629978 0.90221
17.9726064852 0.898748
18.4718502252 0.893154
18.971094218 0.88485
19.4703384635 0.873784
19.9695829618 0.86047
20.4688277129 0.84489
20.9680727167 0.827032
21.4673179734 0.807198
21.966563483 0.784515
22.4658092453 0.760081
22.9650552606 0.733442
23.4643015287 0.703315
23.9635480498 0.67287
24.4627948238 0.641648
24.9620418507 0.609575
