-41.3537107091	28.1935676068	-24.9416440008	11.3031738461	-4027.4698155
-41.3527106908	28.1979769891	-24.4428181361	11.3031738461	-3998.20790404
-41.3517105899	28.2023863642	-23.9439919854	11.3036463404	-3966.79971816
-41.3507104065	28.206795732	-23.4451655489	11.3041189418	-3932.55425819
-41.3497101406	28.2112050925	-22.9463388265	11.3045916495	-3898.27429285
-41.3487097921	28.2156144457	-22.4475118181	11.3050644647	-3863.08450235
-41.3477093609	28.2200237917	-21.9486845237	11.3055373864	-3828.00972312
-41.3467088471	28.2244331304	-21.4498569433	11.3060104151	-3793.4071764
-41.3457082507	28.2288424618	-20.9510290768	11.3064835507	-3760.82806746
-41.3447075715	28.2332517859	-20.4522009242	11.3069567933	-3731.49103934
-41.3437068097	28.2376611027	-19.9533724856	11.3074301429	-3703.37371435
-41.3427059651	28.2420704123	-19.4545437608	11.3079035991	-3681.16604596
-41.3417050378	28.2464797145	-18.9557147499	11.3083771628	-3663.40012628
-41.3407040277	28.2508890095	-18.4568854527	11.3088508332	-3647.70226734
-41.3397029349	28.2552982972	-17.9580558693	11.3093246107	-3634.76049996
-41.3387017592	28.2597075776	-17.4592259997	11.3097984951	-3627.88906123
-41.3377005007	28.2641168507	-16.9603958438	11.310272487	-3625.89995795
-41.3366991593	28.2685261165	-16.4615654016	11.3107465854	-3627.2726758
-41.3356977351	28.272935375	-15.9627346731	11.3112207914	-3635.00002709
-41.3346962279	28.2773446261	-15.4639036581	11.3116951045	-3645.74660727
-41.3336946378	28.28175387	-14.9650723568	11.3121695243	-3659.32467591
-41.3326929648	28.2861631066	-14.4662407691	11.3126440517	-3675.59168998
-41.3316912088	28.2905723359	-13.9674088949	11.3131186861	-3696.517557
-41.3306893699	28.2949815578	-13.4685767342	11.3135934277	-3720.13604901
-41.3296874479	28.2993907725	-12.969744287	11.3140682766	-3745.13343818
-41.3286854429	28.3037999798	-12.4709115533	11.3145432326	-3773.51679485
-41.3276833548	28.3082091798	-11.972078533	11.315018296	-3802.26192993
-41.3266811836	28.3126183725	-11.4732452261	11.3154934665	-3830.06342583
-41.3256789294	28.3170275579	-10.9744116326	11.3159687444	-3859.42442582
-41.324676592	28.321436736	-10.4755777524	11.3164441296	-3889.46714115
-41.3236741715	28.3258459067	-9.97674358555	11.3169196222	-3918.48696051
-41.3226716678	28.3302550701	-9.47790913197	11.3173952221	-3947.83617318
-41.321669081	28.3346642262	-8.97907439165	11.3178709292	-3976.66006452
-41.3206664109	28.3390733749	-8.48023936456	11.3183467442	-4004.44310904
-41.3196636576	28.3434825164	-7.98140405066	11.3188226658	-4031.23980362
-41.318660821	28.3478916504	-7.48256844994	11.3192986956	-4056.99399362
-41.3176579012	28.3523007772	-6.98373256236	11.3197748325	-4081.7556015
-41.316654898	28.3567098966	-6.48489638789	11.3202510767	-4104.41762385
-41.3156518116	28.3611190087	-5.98605992651	11.3207274287	-4125.61273898
-41.3146486418	28.3655281134	-5.48722317818	11.3212038879	-4145.52080921
-41.3136453886	28.3699372108	-4.98838614288	11.321680455	-4162.5244706
-41.3126420521	28.3743463008	-4.48954882057	11.3221571293	-4178.38998211
-41.3116386321	28.3787553835	-3.99071121124	11.3226339112	-4190.91260448
-41.3106351288	28.3831644589	-3.49187331484	11.3231108007	-4201.74064889
-41.3096315419	28.3875735269	-2.99303513136	11.323587798	-4209.85130128
-41.3086278716	28.3919825875	-2.49419666076	11.3240649026	-4215.329293
-41.3076241178	28.3963916408	-1.99535790302	11.3245421152	-4218.01850275
-41.3066202805	28.4008006867	-1.4965188581	11.3250194349	-4217.8472143
-41.3056163596	28.4052097253	-0.997679525973	11.3254968628	-4212.48379608
-41.3046123552	28.4096187565	-0.498839906616	11.3259743983	-4203.43303442
-41.3036082671	28.4140277804	0	11.3264520413	-4191.24385854
-41.3026040955	28.4184367969	0.498840193906	11.3269297922	-4173.60796361
-41.3015998402	28.422845806	0.99768067513	11.3274076506	-4152.56458569
-41.3005955013	28.4272548077	1.4965214437	11.3278856168	-4128.53585629
-41.2995910788	28.4316638021	1.99536249965	11.3283636912	-4101.08679818
-41.2985865725	28.4360727891	2.494203843	11.328841873	-4070.31055302
-41.2975819825	28.4404817687	2.99304547378	11.3293201628	-4036.87835733
-41.2965773087	28.444890741	3.49188739203	11.3297985603	-4004.04463182
-41.2955725512	28.4492997058	3.99072959776	11.3302770659	-3973.6422634
-41.2945677099	28.4537086633	4.48957209102	11.3307556791	-3945.69100449
-41.2935627848	28.4581176134	4.98841487182	11.3312344004	-3921.14974968
-41.2925577759	28.4625265562	5.4872579402	11.3317132293	-3904.65388925
-41.2915526831	28.4669354915	5.98610129618	11.3321921666	-3895.17220952
-41.2905475064	28.4713444195	6.4849449398	11.3326712115	-3889.49036541
-41.2895422459	28.47575334	6.98378887108	11.3331503645	-3892.66862381
-41.2885369014	28.4801622532	7.48263309005	11.3336296255	-3904.7562912
-41.287531473	28.484571159	7.98147759673	11.3341089944	-3921.51194044
-41.2865259606	28.4889800573	8.48032239117	11.3345884715	-3938.65179203
-41.2855203643	28.4933889483	8.97916747338	11.3350680566	-3953.73661575
-41.2845146839	28.4977978319	9.4780128434	11.3355477497	-3966.2456496
-41.2835089195	28.5022067081	9.97685850125	11.336027551	-3974.95444387
-41.282503071	28.5066155768	10.475704447	11.3365074603	-3979.32842659
-41.2814971385	28.5110244382	10.9745506806	11.3369874777	-3977.88141218
-41.2804911218	28.5154332921	11.4733972021	11.3374676034	-3972.20159484
-41.2794850211	28.5198421387	11.9722440116	11.337947837	-3962.67741513
-41.2784788362	28.5242509778	12.471091109	11.338428179	-3950.30359087
-41.2774725671	28.5286598095	12.9699384945	11.3389086292	-3936.81158058
-41.2764662139	28.5330686338	13.468786168	11.3393891875	-3921.51163685
-41.2754597764	28.5374774507	13.9676341295	11.3398698541	-3904.9592668
-41.2744532548	28.5418862602	14.4664823791	11.3403506291	-3888.67887324
-41.2734466488	28.5462950622	14.9653309169	11.3408315121	-3872.28168391
-41.2724399586	28.5507038569	15.4641797428	11.3413125036	-3856.70040893
-41.2714331841	28.555112644	15.9630288569	11.3417936035	-3842.75047794
-41.2704263252	28.5595214238	16.4618782592	11.3422748113	-3829.62003073
-41.2694193821	28.5639301961	16.9607279497	11.342756128	-3817.06716168
-41.2684123545	28.568338961	17.4595779285	11.3432375527	-3807.02427324
-41.2674052426	28.5727477185	17.9584281955	11.3437190861	-3798.68004217
-41.2663980462	28.5771564685	18.4572787509	11.3442007276	-3792.00072366
-41.2653907655	28.5815652111	18.9561295947	11.3446824777	-3787.02338544
-41.2643834002	28.5859739463	19.4549807268	11.345164336	-3783.79809071
-41.2633759505	28.590382674	19.9538321473	11.3456463032	-3781.95401398
-41.2623684163	28.5947913943	20.4526838562	11.3461283785	-3780.98152085
-41.2613607976	28.5992001071	20.9515358536	11.3466105625	-3782.82575447
-41.2603530943	28.6036088124	21.4503881395	11.3470928551	-3785.96520671
-41.2593453064	28.6080175104	21.9492407139	11.3475752561	-3790.01568177
-41.258337434	28.6124262008	22.4480935769	11.3480577657	-3795.02955556
-41.2573294769	28.6168348839	22.9469467284	11.3485403838	-3801.23431773
-41.2563214353	28.6212435594	23.4458001686	11.3490231107	-3808.09834758
-41.2553133089	28.6256522275	23.9446538973	11.3495059462	-3815.91466
-41.2543050979	28.6300608882	24.4435079147	11.34998889	-3824.93488173
-41.2532968022	28.6344695413	24.9423622209	11.3504719429	-3834.3278589
