-24.9404219097 0.557142
-24.4416207011 0.576954
-23.9428191979 0.59708
-23.4440174 0.61605
-22.9452153075 0.634471
-22.4464129203 0.653083
-21.9476102383 0.672563
-21.4488072616 0.692609
-20.9500039901 0.712504
-20.4512004238 0.732156
-19.9523965626 0.750711
-19.4535924065 0.767306
-18.9547879556 0.782781
-18.4559832097 0.796202
-17.9571781688 0.806922
-17.4583728329 0.814359
-16.959567202 0.819136
-16.4607612761 0.819913
-15.961955055 0.816992
-15.4631485389 0.810723
-14.9643417276 0.799757
-14.4655346211 0.784163
-13.9667272194 0.763681
-13.4679195225 0.740334
-12.9691115304 0.7138
-12.4703032429 0.686593
-11.9714946601 0.661116
-11.472685782 0.63853
-10.9738766085 0.61709
-10.4750671395 0.596561
-9.97625737515 0.575625
-9.47744731531 0.554166
-8.97863695997 0.530757
-8.4798263091 0.504582
-7.98101536268 0.475604
-7.48220412067 0.443723
-6.98339258304 0.408411
-6.48458074976 0.371354
-5.98576862081 0.333242
-5.48695619615 0.293318
-4.98814347576 0.255119
-4.48933045961 0.216039
-3.99051714766 0.17917
-3.49170353989 0.145382
-2.99288963626 0.112181
-2.49407543676 0.0810249
-1.99526094135 0.055017
-1.49644614999 0.0335689
-0.997631062671 0.015591
-0.498815679349 0.00571624
0 0.00148229
0.498815975406 0
0.9976322469 0.00382139
1.49644881451 0.0190371
1.99526567826 0.0397827
2.49408283819 0.0657818
2.99290029432 0.0963373
3.49171804669 0.128504
3.99053609532 0.158799
4.48935444023 0.186614
4.98817308147 0.211947
5.48699201906 0.233954
5.98581125303 0.251931
6.48463078341 0.26704
6.98345061022 0.279707
7.4822707335 0.289612
7.98109115328 0.297137
8.47991186959 0.30377
8.97873288244 0.308301
9.47755419188 0.311537
9.97637579794 0.313369
10.4751977006 0.314401
10.9740199 0.316051
11.4728423961 0.318568
11.9716651889 0.324754
12.4704882784 0.341902
12.9693116648 0.36183
13.4681353479 0.382414
13.9669593279 0.40296
14.4657836048 0.42478
14.9646081786 0.447229
15.4634330493 0.467639
15.962258217 0.487724
16.4610836817 0.50662
16.9599094434 0.524335
17.4587355021 0.540894
17.9575618579 0.556289
18.4563885108 0.570525
18.9552154609 0.583602
19.4540427081 0.595451
19.9528702526 0.606812
20.4516980942 0.617685
20.9505262331 0.629612
21.4493546693 0.64031
21.9481834028 0.651506
22.4470124336 0.663053
22.9458417618 0.674422
23.4446713874 0.686483
23.9435013105 0.699201
24.4423315309 0.713265
24.9411620489 0.728535
