-24.941555334 1.2913
-24.4427315178 1.32818
-23.9439074045 1.3573
-23.445082994 1.38618
-22.9462582864 1.4021
-22.4474332816 1.40359
-21.9486079796 1.39537
-21.4497823803 1.43652
-20.9509564837 1.49855
-20.4521302898 1.57291
-19.9533037986 1.65166
-19.4544770101 1.68652
-18.9556499241 1.71281
-18.4568225407 1.72286
-17.9579948598 1.73673
-17.4591668815 1.7514
-16.9603386056 1.74966
-16.4615100322 1.73003
-15.9626811613 1.69898
-15.4638519927 1.62706
-14.9650225265 1.53387
-14.4661927627 1.4596
-13.9673627011 1.40449
-13.4685323419 1.34584
-12.9697016849 1.29188
-12.4708707301 1.19771
-11.9720394775 1.10883
-11.4732079271 1.03965
-10.9743760789 1.00089
-10.4755439327 1.00063
-9.97671148866 1.03981
-9.47787874664 1.10227
-8.97904570665 1.18475
-8.48021236865 1.14457
-7.98137873262 1.05388
-7.48254479853 0.859455
-6.98371056634 0.693713
-6.48487603603 0.692458
-5.98604120758 0.720523
-5.48720608095 0.721561
-4.98837065611 0.73631
-4.48953493303 0.733072
-3.99069891169 0.751538
-3.49186259206 0.777695
-2.99302597411 0.7674
-2.4941890578 0.770666
-1.99535184311 0.782021
-1.49651433002 0.785036
-0.997676518489 0.776095
-0.498838408492 0.773584
0 0.768301
0.498838707015 0.783568
0.997677712584 0.800945
1.49651701673 0.819103
1.99535661949 0.82799
2.49419652089 0.819309
2.99303672095 0.779877
3.49187721971 0.718199
3.9907180172 0.637689
4.48955911344 0.549526
4.98840050846 0.458572
5.48724220229 0.388878
5.98608419496 0.323838
6.4849264865 0.302508
6.98376907693 0.267505
7.48261196629 0.257166
7.98145515461 0.25227
8.48029864191 0.24665
8.97914242822 0.260298
9.47798651357 0.306127
9.97683089799 0.307373
10.4756755815 0.307269
10.9745205641 0.226038
11.4733658459 0.153309
11.9722114269 0.0967034
12.4710573071 0.0902689
12.9699034865 0.0728708
13.4687499652 0.0747221
13.9675967432 0.0665209
14.4664438206 0.0722243
14.9652911972 0.0769356
15.4641388733 0.107585
15.9629868488 0.153797
16.4618351237 0.191819
16.9606836981 0.20328
17.4595325719 0.168144
17.9583817453 0.120036
18.4572312183 0.080344
18.9560809908 0.0596166
19.454931063 0.0396741
19.9537814348 0.02794
20.4526321062 0.0370881
20.9514830774 0.0377291
21.4503343483 0
21.9491859189 0.00697363
22.4480377893 0.0453257
22.9468899595 0.101946
23.4457424296 0.166808
23.9445951995 0.209316
24.4434482694 0.232583
24.9423016391 0.280946
