-24.9456197862 0.504139
-24.4467144911 0.487615
-23.9478089065 0.486858
-23.4489030326 0.483168
-22.9499968692 0.483128
-22.4510904163 0.485161
-21.952183674 0.486453
-21.4532766421 0.483439
-20.9543693207 0.489972
-20.4554617097 0.478478
-19.9565538091 0.471159
-19.4576456188 0.469423
-18.9587371389 0.472718
-18.4598283693 0.488048
-17.96091931 0.521827
-17.462009961 0.553778
-16.9631003222 0.569476
-16.4641903936 0.568756
-15.9652801752 0.533724
-15.466369667 0.492007
-14.9674588688 0.468111
-14.4685477808 0.456464
-13.9696364028 0.431515
-13.4707247349 0.400651
-12.971812777 0.346427
-12.4729005291 0.294312
-11.9739879912 0.168027
-11.4750751632 0.0621322
-10.9761620451 0.045765
-10.4772486369 0.0313059
-9.97833493851 0.0165773
-9.47942094999 0.0103977
-8.98050667127 0.00665275
-8.48159210233 0.00265086
-7.98267724313 0.000645862
-7.48376209366 0
-6.98484665389 0.00384854
-6.48593092378 0.0113209
-5.98701490331 0.0226034
-5.48809859246 0.0479079
-4.9891819912 0.0555393
-4.49026509949 0.0679639
-3.99134791733 0.058349
-3.49243044466 0.061708
-2.99351268148 0.0828049
-2.49459462776 0.103634
-1.99567628346 0.0984115
-1.49675764856 0.142134
-0.997838723037 0.17276
-0.498919506858 0.215966
0 0.228829
0.498919797565 0.243992
0.997839885863 0.268177
1.49676026492 0.27334
1.99568093477 0.282978
2.49460189543 0.324913
2.99352314693 0.353847
3.49244468929 0.352414
3.99136652256 0.324235
4.49028864674 0.30971
4.98921106187 0.274599
5.48813376797 0.27996
5.98705676507 0.277459
6.4859800532 0.268352
6.98490363239 0.24831
7.48382750265 0.268929
7.98275166403 0.290573
8.48167611653 0.298594
8.9806008602 0.304334
9.47952589506 0.305749
9.97845122113 0.311936
10.4773768384 0.319936
10.976302747 0.32594
11.4752289469 0.331605
11.9741554381 0.337942
12.4730822206 0.346663
12.9720092945 0.356631
13.4709366598 0.366196
13.9698643166 0.37907
14.4687922648 0.394766
14.9677205044 0.405881
15.4666490356 0.405497
15.9655778583 0.405291
16.4645069726 0.403203
16.9634363784 0.403342
17.4623660759 0.406917
17.961296065 0.409938
18.4602263458 0.414237
18.9591569183 0.417589
19.4580877824 0.435862
19.9570189384 0.488896
20.4559503861 0.497101
20.9548821256 0.456026
21.4538141569 0.437479
21.9527464801 0.447463
22.4516790951 0.476521
22.9506120021 0.507594
23.449545201 0.513899
23.9484786918 0.514246
24.4474124746 0.530689
24.9463465494 0.548864
