-24.945639704 0.784997
-24.4467340132 0.823126
-23.9478280329 0.826579
-23.4489217631 0.818995
-22.9500152038 0.836243
-22.4511083548 0.797178
-21.9522012163 0.775886
-21.4532937881 0.78951
-20.9543860702 0.814857
-20.4554780627 0.798569
-19.9565697655 0.786221
-19.4576611785 0.751167
-18.9587523017 0.728612
-18.4598431352 0.758487
-17.9609336788 0.857128
-17.4620239326 0.917693
-16.9631138965 0.881103
-16.4642035704 0.838677
-15.9652929545 0.787911
-15.4663820486 0.663359
-14.9674708527 0.521334
-14.4685593668 0.37227
-13.9696475909 0.251227
-13.4707355249 0.171697
-12.9718231688 0.11583
-12.4729105226 0.0760403
-11.9739975863 0.0838965
-11.4750843597 0.143094
-10.976170843 0.153067
-10.4772570361 0.166752
-9.97834293886 0.163506
-9.47942855137 0.177987
-8.98051387358 0.201613
-8.48159890545 0.220833
-7.98268364695 0.237937
-7.48376809807 0.251169
-6.98485225878 0.253634
-6.48593612904 0.245362
-5.98701970883 0.224937
-5.48810299813 0.206961
-4.9891859969 0.192423
-4.49026870513 0.202519
-3.99135112277 0.211715
-3.49243324982 0.217032
-2.99351508623 0.205708
-2.49459663199 0.198332
-1.99567788707 0.192715
-1.49675885143 0.168801
-0.997839525062 0.114049
-0.498919907927 0.0613494
0 0.0263816
0.498920198743 0.00651315
0.997840688331 0
1.49676146879 0.00323703
1.99568254014 0.0116614
2.49460390242 0.0184875
2.99352555566 0.0178665
3.49244749986 0.0122466
3.99136973508 0.0122203
4.49029226132 0.0153794
4.98921507862 0.0216833
5.48813818701 0.0266955
5.98706158651 0.0315614
6.48598527714 0.0300601
6.98490925894 0.027177
7.48383353193 0.0237751
7.98275809614 0.0368773
8.4816829516 0.0456625
8.98060809832 0.0648287
9.47953353634 0.0804249
9.97845926569 0.092756
10.4773852864 0.102524
10.9763115985 0.11489
11.4752382019 0.136093
11.9741650968 0.165661
12.4730922832 0.228048
12.9720197611 0.288471
13.4709475304 0.324582
13.9698755913 0.373662
14.4688039438 0.436125
14.9677325878 0.493452
15.4666615235 0.539876
15.9655907508 0.568965
16.4645202698 0.575744
16.9634500805 0.556658
17.4623801829 0.570374
17.961310577 0.582586
18.4602412629 0.597134
18.9591722407 0.610384
19.4581035102 0.634898
19.9570350716 0.665607
20.4559669249 0.705517
20.9548990701 0.742247
21.4538315072 0.772549
21.9527642363 0.795073
22.4516972574 0.804829
22.9506305705 0.806968
23.4495641757 0.811545
23.9484980729 0.834554
24.4474322622 0.8592
24.9463667436 0.871148
