-41.2301269479	28.8473017944	-24.9702926089	36.1417105898	-3043.81140338
-41.2270990992	28.8509330406	-24.470892622	36.1417105898	-3019.32937169
-41.2240710391	28.8545642192	-23.9714923959	36.1431715411	-2994.84149605
-41.2210427675	28.8581953301	-23.4720919306	36.1446327624	-2973.01158051
-41.2180142843	28.8618263734	-22.9726912261	36.1460942539	-2955.08905289
-41.2149855896	28.865457349	-22.4732902824	36.1475560159	-2943.8377196
-41.2119566832	28.8690882569	-21.9738890995	36.1490180476	-2939.34109421
-41.2089275652	28.8727190971	-21.4744876774	36.15048035	-2937.85642935
-41.2058982355	28.8763498696	-20.975086016	36.1519429224	-2936.89351396
-41.2028686941	28.8799805743	-20.4756841153	36.1534057651	-2932.26253466
-41.1998389409	28.8836112113	-19.9762819754	36.1548688784	-2921.39280971
-41.1968089758	28.8872417806	-19.4768795962	36.1563322619	-2904.97159137
-41.1937787989	28.890872282	-18.9774769777	36.1577959159	-2888.85377209
-41.1907484101	28.8945027157	-18.4780741198	36.1592598402	-2878.87745177
-41.1877178093	28.8981330815	-17.9786710226	36.1607240352	-2880.03831941
-41.1846869965	28.9017633796	-17.4792676861	36.1621885005	-2892.55177118
-41.1816559717	28.9053936097	-16.9798641102	36.1636532368	-2903.28405668
-41.1786247348	28.9090237721	-16.4804602949	36.1651182433	-2908.1604561
-41.1755932858	28.9126538665	-15.9810562402	36.1665835205	-2907.10464969
-41.1725616247	28.9162838931	-15.4816519461	36.1680490684	-2910.263234
-41.1695297513	28.9199138518	-14.9822474125	36.1695148873	-2932.14981968
-41.1664976656	28.9235437426	-14.4828426396	36.1709809765	-2966.4009305
-41.1634653677	28.9271735654	-13.9834376271	36.1724473367	-3010.80593579
-41.1604328574	28.9308033203	-13.4840323752	36.1739139676	-3068.8440834
-41.1574001348	28.9344330072	-12.9846268839	36.1753808694	-3134.03550191
-41.1543671997	28.9380626262	-12.485221153	36.1768480421	-3195.85214841
-41.1513340522	28.9416921772	-11.9858151826	36.1783154857	-3255.3800875
-41.1483006921	28.9453216601	-11.4864089726	36.1797832004	-3313.57991043
-41.1452671195	28.9489510751	-10.9870025232	36.1812511858	-3372.0215328
-41.1422333344	28.952580422	-10.4875958341	36.1827194422	-3431.3047134
-41.1391993365	28.9562097009	-9.98818890552	36.1841879702	-3489.37491368
-41.136165126	28.9598389117	-9.48878173732	36.1856567688	-3546.81315596
-41.1331307028	28.9634680544	-8.98937432952	36.1871258386	-3601.33067794
-41.1300960668	28.967097129	-8.48996668209	36.1885951796	-3653.71720034
-41.1270612181	28.9707261356	-7.99055879504	36.1900647917	-3703.13084334
-41.1240261564	28.974355074	-7.49115066833	36.1915346753	-3750.01387616
-41.1209908819	28.9779839442	-6.99174230197	36.19300483	-3795.23223963
-41.1179553944	28.9816127463	-6.49233369592	36.194475256	-3837.96792171
-41.114919694	28.9852414803	-5.99292485018	36.1959459533	-3876.46635232
-41.1118837805	28.988870146	-5.49351576474	36.1974169222	-3912.35514066
-41.108847654	28.9924987436	-4.99410643957	36.1988881622	-3944.90873845
-41.1058113144	28.996127273	-4.49469687467	36.2003596738	-3975.09478987
-41.1027747616	28.9997557341	-3.99528707002	36.201831457	-4002.5275296
-41.0997379956	29.003384127	-3.4958770256	36.2033035115	-4026.94030005
-41.0967010164	29.0070124516	-2.9964667414	36.2047758375	-4049.24818708
-41.0936638239	29.0106407079	-2.49705621741	36.2062484355	-4069.91477494
-41.0906264181	29.014268896	-1.9976454536	36.2077213045	-4087.05468889
-41.087588799	29.0178970157	-1.49823444998	36.2091944457	-4100.83260365
-41.0845509664	29.0215250672	-0.998823206508	36.2106678585	-4113.10000184
-41.0815129204	29.0251530503	-0.499411723188	36.2121415428	-4123.85779031
-41.0784746609	29.028780965	0	36.2136154988	-4133.15602532
-41.0754361878	29.0324088114	0.499411963072	36.2150897271	-4138.0259083
-41.0723975012	29.0360365895	0.998824166041	36.2165642268	-4135.60641404
-41.069358601	29.0396642991	1.49823660892	36.2180389983	-4131.31566123
-41.0663194871	29.0432919403	1.99764929173	36.2195140421	-4123.62670841
-41.0632801595	29.0469195131	2.49706221448	36.2209893576	-4112.60807541
-41.0602406181	29.0505470174	2.99647537718	36.2224649449	-4096.8511353
-41.057200863	29.0541744533	3.49588877986	36.2239408046	-4077.41457815
-41.054160894	29.0578018208	3.99530242252	36.2254169362	-4057.08577591
-41.0511207111	29.0614291197	4.49471630517	36.2268933395	-4043.69800371
-41.0480803143	29.0650563502	4.99413042785	36.2283700156	-4016.22929754
-41.0450397036	29.0686835121	5.49354479055	36.2298469633	-3975.80449999
-41.0419988789	29.0723106055	5.99295939329	36.2313241836	-3935.68007153
-41.0389578401	29.0759376304	6.4923742361	36.2328016758	-3904.02969099
-41.0359165872	29.0795645867	6.99178931897	36.2342794404	-3894.64974589
-41.0328751202	29.0831914745	7.49120464193	36.2357574774	-3905.60775508
-41.029833439	29.0868182936	7.990620205	36.2372357864	-3931.03459572
-41.0267915436	29.0904450441	8.49003600818	36.238714368	-3962.37350585
-41.0237494339	29.0940717261	8.98945205149	36.2401932221	-3990.41023897
-41.0207071099	29.0976983394	9.48886833494	36.2416723483	-4010.96792995
-41.0176645716	29.101324884	9.98828485855	36.2431517474	-4023.90823712
-41.0146218188	29.10495136	10.4877016223	36.2446314185	-4030.78953043
-41.0115788517	29.1085777673	10.9871186263	36.2461113626	-4035.21922429
-41.00853567	29.1122041059	11.4865358705	36.2475915793	-4035.89901687
-41.0054922739	29.1158303758	11.9859533549	36.249072068	-4027.47520054
-41.0024486631	29.119456577	12.4853710795	36.25055283	-4005.62616658
-40.9994048378	29.1230827094	12.9847890444	36.2520338643	-3974.92130737
-40.9963607978	29.1267087731	13.4842072495	36.2535151715	-3937.87227633
-40.9933165431	29.130334768	13.9836256949	36.2549967516	-3894.21682691
-40.9902720737	29.1339606941	14.4830443806	36.2564786042	-3837.91301213
-40.9872273895	29.1375865515	14.9824633066	36.2579607298	-3773.8040927
-40.9841824905	29.14121234	15.481882473	36.259443128	-3700.21309626
-40.9811373766	29.1448380597	15.9813018796	36.2609257995	-3616.8875074
-40.9780920479	29.1484637105	16.4807215266	36.2624087435	-3524.58764571
-40.9750465041	29.1520892925	16.980141414	36.2638919609	-3426.59019545
-40.9720007454	29.1557148056	17.4795615417	36.2653754511	-3329.43923723
-40.9689547716	29.1593402498	17.9789819099	36.2668592143	-3275.38958621
-40.9659085828	29.1629656251	18.4784025184	36.2683432507	-3271.18282648
-40.9628621788	29.1665909315	18.9778233674	36.2698275602	-3274.62838997
-40.9598155596	29.170216169	19.4772444568	36.2713121426	-3278.15974177
-40.9567687253	29.1738413375	19.9766657866	36.2727969983	-3279.4633575
-40.9537216757	29.177466437	20.4760873569	36.2742821273	-3280.90504389
-40.9506744108	29.1810914676	20.9755091677	36.2757675297	-3281.95038107
-40.9476269305	29.1847164292	21.4749312189	36.2772532051	-3281.43187774
-40.9445792349	29.1883413217	21.9743535107	36.278739154	-3277.82896323
-40.9415313239	29.1919661452	22.473776043	36.2802253761	-3272.80373203
-40.9384831974	29.1955908997	22.9731988158	36.2817118717	-3265.22996108
-40.9354348553	29.1992155852	23.4726218292	36.2831986409	-3256.48988883
-40.9323862977	29.2028402015	23.9720450832	36.2846856835	-3244.49471226
-40.9293375246	29.2064647488	24.4714685777	36.2861729992	-3229.79746042
-40.9262885357	29.210089227	24.9708923128	36.2876605888	-3212.97154325
