-24.9415831578 0.668156
-24.442758789 0.728995
-23.9439341229 0.811242
-23.4451091595 0.847864
-22.9462838989 0.843314
-22.4474583408 0.835675
-21.9486324854 0.844513
-21.4498063326 0.835611
-20.9509798823 0.845998
-20.4521531346 0.856616
-19.9533260893 0.858434
-19.4544987466 0.900935
-18.9556711063 0.943821
-18.4568431684 0.949842
-17.9580149329 0.907679
-17.4591863997 0.871464
-16.9603575689 0.844673
-16.4615284404 0.779636
-15.9626990141 0.701336
-15.4638692901 0.652146
-14.9650392683 0.619621
-14.4662089487 0.571243
-13.9673783312 0.519091
-13.4685474159 0.482938
-12.9697162027 0.435244
-12.4708846915 0.387197
-11.9720528824 0.340133
-11.4732207753 0.315911
-10.9743883701 0.301622
-10.475555667 0.309007
-9.97672266569 0.322238
-9.47788936633 0.333583
-8.97905576883 0.344597
-8.48022187317 0.36282
-7.98138767931 0.387747
-7.48255318724 0.420242
-6.98371839691 0.444456
-6.48488330831 0.443364
-5.9860479214 0.398231
-5.48721223615 0.358391
-4.98837625254 0.314182
-4.48953997053 0.256108
-3.9907033901 0.165922
-3.49186651122 0.0885319
-2.99302933386 0.0439663
-2.49419185799 0.0156616
-1.99535408358 0.00347834
-1.49651601061 0
-0.99767763904 0.0114297
-0.498838968847 0.0555148
0 0.118681
0.498839267529 0.232436
0.997678833767 0.28574
1.49651869875 0.246561
1.99535886249 0.236961
2.49419932503 0.25558
2.9930400864 0.293032
3.49188114662 0.322571
3.99072250573 0.33647
4.48956416374 0.389248
4.9884061207 0.438624
5.48724837662 0.484094
5.98609093155 0.500317
6.48493378549 0.508766
6.9837769385 0.527806
7.48262039058 0.557538
7.98146414178 0.577118
8.48030819212 0.591637
8.97915254163 0.564242
9.47799719033 0.525629
9.97684213826 0.508073
10.4756873855 0.512887
10.9745329319 0.511449
11.4733787777 0.535377
11.9722249228 0.52354
12.4710713673 0.551557
12.9699181112 0.543537
13.4687651545 0.558483
13.9676124973 0.598336
14.4664601396 0.675453
14.9653080813 0.723085
15.4641563226 0.799529
15.9630048635 0.864717
16.461853704 0.913471
16.9607028441 0.935492
17.4595522839 0.94843
17.9584020233 0.969174
18.4572520625 0.946856
18.9561024013 0.930041
19.45495304 0.889791
19.9538039785 0.871707
20.4526552168 0.883797
20.9515067549 0.901321
21.4503585929 0.920737
21.9492107308 0.923503
22.4480631687 0.910573
22.9469159066 0.89767
23.4457689444 0.898449
23.9446222823 0.916599
24.4434759202 0.926557
24.9423298582 0.935043
