-24.9568705769 0.93369
-24.4577397268 0.922242
-23.9586086092 0.912122
-23.4594772241 0.906394
-22.9603455715 0.906114
-22.4612136513 0.909399
-21.9620814637 0.91764
-21.4629490084 0.928438
-20.9638162855 0.935134
-20.4646832951 0.935677
-19.9655500369 0.934994
-19.4664165111 0.938156
-18.9672827177 0.94153
-18.4681486565 0.94443
-17.9690143276 0.948247
-17.4698797309 0.951622
-16.9707448665 0.953002
-16.4716097343 0.953122
-15.9724743343 0.952076
-15.4733386664 0.946731
-14.9742027307 0.938162
-14.4750665271 0.926078
-13.9759300556 0.910429
-13.4767933162 0.88745
-12.9776563088 0.86254
-12.4785190335 0.835418
-11.9793814902 0.802473
-11.4802436789 0.761828
-10.9811055995 0.714423
-10.4819672522 0.661083
-9.9828286367 0.598085
-9.48368975315 0.529738
-8.98455060149 0.457724
-8.48541118169 0.380356
-7.98627149374 0.294278
-7.48713153761 0.200049
-6.98799131329 0.111526
-6.48885082074 0.0567654
-5.98971005996 0.0288523
-5.49056903091 0.0108081
-4.99142773358 0.000595416
-4.49228616794 0
-3.99314433398 0.000491625
-3.49400223167 0.00175085
-2.99485986099 0.00468421
-2.49571722193 0.00816875
-1.99657431445 0.0123085
-1.49743113854 0.0170317
-0.998287694173 0.0224203
-0.499143981335 0.028386
0 0.0346498
0.499144249852 0.0415366
0.998288768242 0.0491773
1.49743355519 0.0573244
1.99657861072 0.0656141
2.49572393486 0.0739545
2.99486952761 0.0822371
3.49401538901 0.09106
3.99316151908 0.100825
4.49230791783 0.111405
4.99145458529 0.122965
5.49060152148 0.135016
5.98974872642 0.148109
6.48889620013 0.164655
6.98804394263 0.182699
7.48719195395 0.204848
7.9863402341 0.23281
8.48548878311 0.266112
8.984637601 0.307388
9.48378668778 0.359268
9.98293604349 0.426072
10.4820856681 0.506463
10.9812355617 0.591798
11.4803857243 0.644607
11.9795361559 0.67965
12.4786868565 0.714295
12.9778378262 0.754611
13.4769890649 0.795698
13.9761405727 0.841293
14.4752923497 0.89272
14.9744443957 0.948913
15.4735967109 1.01107
15.9727492953 1.07877
16.4719021489 1.15078
16.9710552716 1.22706
17.4702086637 1.30472
17.9693623249 1.38082
18.4685162555 1.44612
18.9676704553 1.4995
19.4668249245 1.53223
19.965979663 1.53071
20.4651346709 1.49364
20.9642899481 1.44331
21.4634454948 1.39333
21.9626013109 1.34778
22.4617573964 1.30545
22.9609137514 1.26822
23.4600703759 1.23441
23.9592272699 1.20444
24.4583844334 1.17901
24.9575418664 1.15736
