-24.9678539791 0.101414
-24.4685028777 0.137938
-23.9691515325 0.179312
-23.4697999436 0.223838
-22.9704481109 0.271968
-22.4710960344 0.321525
-21.9717437141 0.372162
-21.47239115 0.422716
-20.973038342 0.472983
-20.4736852901 0.521439
-19.9743319944 0.567701
-19.4749784548 0.611158
-18.9756246712 0.65015
-18.4762706437 0.683974
-17.9769163723 0.712245
-17.4775618569 0.73287
-16.9782070976 0.746233
-16.4788520943 0.752792
-15.9794968469 0.752914
-15.4801413555 0.747121
-14.9807856201 0.733446
-14.4814296406 0.716449
-13.9820734171 0.6991
-13.4827169495 0.682312
-12.9833602377 0.665992
-12.4840032819 0.651948
-11.9846460819 0.643001
-11.4852886378 0.640795
-10.9859309494 0.643484
-10.486573017 0.651608
-9.98721484026 0.663303
-9.48785641935 0.675437
-8.98849775421 0.6825
-8.48913884483 0.679948
-7.98977969118 0.661854
-7.49042029325 0.624301
-6.99106065102 0.564545
-6.49170076449 0.491181
-5.99234063362 0.409991
-5.49298025842 0.326751
-4.99361963886 0.247979
-4.49425877492 0.176143
-3.99489766659 0.119544
-3.49553631385 0.080624
-2.9961747167 0.0528457
-2.4968128751 0.032477
-1.99745078905 0.0158458
-1.49808845853 0.00272372
-0.998725883529 0
-0.499363064024 0.00525238
0 0.0196333
0.499363308556 0.0546149
0.998726861661 0.109565
1.49809065933 0.179199
1.99745470158 0.247775
2.49681898843 0.284023
2.99618351989 0.286164
3.49554829597 0.282525
3.9949133167 0.278305
4.49427858209 0.275184
4.99364409216 0.274454
5.49300984691 0.276275
5.99237584637 0.279362
6.49174209056 0.284683
6.99110857948 0.291132
7.49047531316 0.298407
7.9898422916 0.30807
8.48920951483 0.318513
8.98857698287 0.330435
9.48794469572 0.344314
9.9873126534 0.360114
10.4866808559 0.379187
10.9860493033 0.401667
11.4854179956 0.426792
11.9847869328 0.453506
12.4841561148 0.480955
12.9835255419 0.513335
13.4828952138 0.548453
13.9822651307 0.579541
14.4816352926 0.607095
14.9810056995 0.62878
15.4803763513 0.647372
15.9797472482 0.661938
16.4791183902 0.672621
16.9784897771 0.681005
17.4778614092 0.689637
17.9772332863 0.697128
18.4766054085 0.703931
18.9759777759 0.710927
19.4753503884 0.717919
19.974723246 0.725265
20.4740963488 0.734609
20.9734696967 0.743809
21.4728432899 0.75585
21.9722171282 0.768553
22.4715912118 0.782924
22.9709655406 0.798888
23.4703401147 0.81633
23.9697149341 0.835452
24.4690899987 0.853279
24.9684653086 0.869042
