-24.9415603574 1.15072
-24.4427364414 1.14525
-23.9439122283 1.14403
-23.445087718 1.15051
-22.9462629106 1.14388
-22.4474378059 1.15428
-21.9486124039 1.16563
-21.4497867047 1.15785
-20.9509607082 1.13995
-20.4521344143 1.1183
-19.9533078231 1.11669
-19.4544809344 1.12711
-18.9556537484 1.11828
-18.4568262649 1.0534
-17.9579984839 1.01979
-17.4591704054 0.999038
-16.9603420293 1.04033
-16.4615133557 1.07801
-15.9626843845 1.02218
-15.4638551156 0.813058
-14.9650255491 0.606821
-14.466195685 0.447231
-13.9673655231 0.335679
-13.4685350634 0.325256
-12.969704306 0.338713
-12.4708732508 0.360444
-11.9720418977 0.408679
-11.4732102468 0.454545
-10.974378298 0.461037
-10.4755460513 0.465819
-9.9767135066 0.465644
-9.47788066396 0.367871
-8.97904752331 0.177881
-8.48021408463 0.0487226
-7.98138034789 0.0208514
-7.48254631305 0.0490829
-6.9837119801 0.0416193
-6.484877349 0.00990307
-5.98604241972 0.0208046
-5.48720719223 0.0391192
-4.98837166651 0.0831555
-4.48953584252 0.0390058
-3.99069972024 0
-3.49186329964 0.00546936
-2.99302658069 0.0457489
-2.49418956336 0.0805014
-1.99535224762 0.108695
-1.49651463344 0.14243
-0.997676720797 0.151809
-0.49883850966 0.170449
0 0.199498
0.498838808212 0.241319
0.997677915006 0.322829
1.49651732041 0.416017
1.99535702445 0.538461
2.49419702716 0.642408
2.99303732856 0.705094
3.49187792869 0.75894
3.99071882757 0.806046
4.48956002524 0.847806
4.98840152171 0.887851
5.48724331703 0.923299
5.98608541121 0.929268
6.48492780429 0.928768
6.98377049629 0.945262
7.48261348725 0.964823
7.98145677719 0.987137
8.48030036614 1.02336
8.97914425413 1.03799
9.47798844119 1.02181
9.97683292735 1.02668
10.4756777126 1.02912
10.9745227971 1.02969
11.4733681807 1.03514
11.9722138635 1.04631
12.4710598456 1.06254
12.9699061269 1.07124
13.4687527076 1.07765
13.9675995875 1.05778
14.4664467669 1.01758
14.9652942456 0.908496
15.4641420237 0.810665
15.9629901012 0.719016
16.4618384782 0.626044
16.9606871548 0.565343
17.4595361308 0.515044
17.9583854064 0.442613
18.4572349816 0.379963
18.9560848564 0.32529
19.4549350308 0.244161
19.9537855049 0.189635
20.4526362787 0.158138
20.9514873522 0.149055
21.4503387255 0.120998
21.9491903985 0.13254
22.4480423714 0.139018
22.9468946441 0.166776
23.4457472167 0.199276
23.9446000892 0.256427
24.4434532615 0.309858
24.9423067339 0.335791
