-24.9414345914 0.981477
-24.4426132004 0.943407
-23.9437915118 0.943855
-23.4449695257 0.950372
-22.946147242 0.950538
-22.4473246607 0.944754
-21.9485017818 0.936917
-21.4496786052 0.942276
-20.9508551309 0.952646
-20.4520313588 0.968952
-19.953207289 0.976635
-19.4543829214 0.94857
-18.955558256 0.929167
-18.4567332927 0.922291
-17.9579080316 0.904376
-17.4590824725 0.888933
-16.9602566156 0.892393
-16.4614304606 0.912699
-15.9626040077 0.940829
-15.4637772567 0.958424
-14.9649502077 0.989552
-14.4661228606 1.02653
-13.9672952154 1.0351
-13.4684672721 0.995433
-12.9696390306 0.94087
-12.4708104909 0.909133
-11.971981653 0.848549
-11.4731525168 0.750007
-10.9743230823 0.644745
-10.4754933495 0.538638
-9.97666331843 0.444836
-9.47783298895 0.444057
-8.97900236106 0.466004
-8.48017143475 0.473629
-7.98134020998 0.466923
-7.48250868673 0.489685
-6.98367686496 0.502542
-6.48484474465 0.515705
-5.98601232577 0.510579
-5.48717960828 0.449032
-4.98834659217 0.366177
-4.48951327739 0.277305
-3.99067966393 0.164159
-3.49184575175 0.0872997
-2.99301154083 0.0338919
-2.49417703113 0.00446283
-1.99534222262 0.00778378
-1.49650711529 0
-0.997671709093 0.00472445
-0.498836004006 0.0361601
0 0.0888755
0.498836302953 0.172569
0.997672904883 0.21316
1.49650980582 0.218407
1.99534700579 0.226948
2.49418450482 0.226028
2.99302230294 0.226324
3.49186040019 0.230718
3.99069879658 0.235633
4.48953749215 0.257097
4.98837648693 0.278802
5.48721578094 0.301803
5.98605537422 0.315243
6.48489526679 0.326706
6.98373545868 0.32692
7.48257594993 0.314843
7.98141674055 0.319288
8.48025783058 0.347021
8.97909922004 0.407679
9.47794090898 0.442106
9.9767828974 0.428116
10.4756251853 0.432088
10.9744677728 0.44398
11.4733106599 0.452055
11.9721538466 0.454115
12.4709973329 0.401801
12.9698411189 0.36245
13.4686852046 0.34241
13.96752959 0.353143
14.4663742752 0.38966
14.9652192601 0.399346
15.4640645449 0.419452
15.9629101295 0.465679
16.4617560139 0.527872
16.9606021983 0.589175
17.4594486825 0.620967
17.9582954667 0.653045
18.457142551 0.734172
18.9559899352 0.807789
19.4548376194 0.85611
19.9536856037 0.885487
20.4525338881 0.897273
20.9513824727 0.908028
21.4502313574 0.913278
21.9490805422 0.936399
22.4479300273 0.968411
22.9467798126 1.02063
23.4456298982 1.04995
23.944480284 1.05302
24.4433309702 1.01776
24.9421819568 0.982147
