-24.9457124151 0.890342
-24.44680528 0.907142
-23.9478978549 0.922108
-23.44899014 0.924345
-22.9500821351 0.927847
-22.4511738402 0.919659
-21.9522652553 0.914831
-21.4533563804 0.921346
-20.9544472154 0.933285
-20.4555377603 0.929562
-19.9566280151 0.936438
-19.4577179798 0.932472
-18.9588076543 0.932578
-18.4598970385 0.939121
-17.9609861326 0.9577
-17.4620749364 0.981251
-16.9631634499 0.997626
-16.4642516731 1.0139
-15.965339606 1.04628
-15.4664272485 1.04153
-14.9675146006 1.04579
-14.4686016623 1.05064
-13.9696884336 1.03919
-13.4707749143 1.03016
-12.9718611046 1.03602
-12.4729470044 1.03413
-11.9740326136 1.02397
-11.4751179323 1.00465
-10.9762029603 0.979563
-10.4772876977 0.95667
-9.97837214447 0.935077
-9.47945630054 0.911181
-8.98054016589 0.894051
-8.4816237405 0.877604
-7.98270702435 0.878252
-7.48379001741 0.8629
-6.98487271965 0.799586
-6.48595513104 0.71253
-5.98703725156 0.613216
-5.48811908119 0.541428
-4.98920061988 0.477986
-4.49028186762 0.393456
-3.99136282438 0.307283
-3.49244349014 0.238839
-2.99352386486 0.201747
-2.49460394852 0.162026
-1.9956837411 0.0950771
-1.49676324256 0.0233702
-0.997842452885 0
-0.49892137204 0.0108879
0 0.0187153
0.498921663259 0.0290519
0.997843617765 0.0347499
1.49676586355 0.0402724
1.99568840063 0.0509115
2.49461122904 0.0626687
2.9935343488 0.0776188
3.49245775994 0.0893038
3.99138146249 0.102505
4.49030545647 0.125559
4.98922974192 0.155639
5.48815431885 0.198759
5.9870791873 0.255944
6.48600434728 0.327286
6.98492979884 0.383182
7.48385554198 0.408845
7.98278157675 0.42974
8.48170790317 0.467509
8.98063452125 0.52156
9.47956143104 0.587231
9.97848863256 0.615892
10.4774161258 0.649777
10.9763439109 0.698091
11.4752719877 0.742076
11.9742003564 0.758815
12.473129017 0.721188
12.9720579694 0.719668
13.4709872137 0.720938
13.96991675 0.74579
14.4688465783 0.780097
14.9677766985 0.795527
15.4667071108 0.793762
15.9656378151 0.791354
16.4645688115 0.790165
16.9635000999 0.8038
17.4624316805 0.793865
17.9613635533 0.747971
18.4602957182 0.717004
18.9592281754 0.619386
19.4581609247 0.562275
19.9570939663 0.563837
20.4560273002 0.597114
20.9549609265 0.615627
21.453894845 0.62631
21.9528290559 0.61641
22.4517635592 0.629345
22.9506983549 0.621564
23.4496334431 0.63368
23.9485688237 0.632249
24.4475044969 0.66183
24.9464404625 0.700234
