-24.9465377438 0.755666
-24.4476140224 0.744152
-23.9486900143 0.735094
-23.4497657195 0.734492
-22.950841138 0.736499
-22.4519162698 0.74065
-21.9529911149 0.748619
-21.4540656731 0.759262
-20.9551399445 0.77121
-20.4562139291 0.783938
-19.9572876269 0.797049
-19.4583610377 0.808191
-18.9594341616 0.815854
-18.4605069986 0.816047
-17.9615795486 0.80756
-17.4626518115 0.792989
-16.9637237875 0.819663
-16.4647954764 0.883264
-15.9658668782 0.933537
-15.466937993 0.938326
-14.9680088205 0.919091
-14.469079361 0.890254
-13.9701496142 0.854425
-13.4712195802 0.814492
-12.972289259 0.773499
-12.4733586506 0.731874
-11.9744277548 0.688936
-11.4754965717 0.64677
-10.9765651013 0.604141
-10.4776333435 0.559605
-9.97870129827 0.513699
-9.47976896565 0.466507
-8.98083634557 0.41799
-8.48190343802 0.368197
-7.98297024296 0.319071
-7.48403676037 0.271063
-6.98510299023 0.225862
-6.4861689325 0.182935
-5.98723458717 0.143234
-5.4882999542 0.108768
-4.98936503356 0.0796905
-4.49042982524 0.0540068
-3.9914943292 0.0328627
-3.49255854542 0.0170203
-2.99362247388 0.00587061
-2.49468611454 0
-1.99574946737 0.000208929
-1.49681253237 0.0043227
-0.997875309485 0.0126791
-0.498937798706 0.025063
0 0.042991
0.498938086657 0.0652245
0.997876461294 0.0920877
1.49681512393 0.12352
1.99575407461 0.159132
2.49469331333 0.197716
2.99363284015 0.239683
3.49257265507 0.284434
3.99151275813 0.331305
4.49045314935 0.378342
4.98939382875 0.424917
5.48833479638 0.471272
5.98727605224 0.517611
6.48621759637 0.560351
6.9851594288 0.598268
7.48410154954 0.630303
7.98304395863 0.638454
8.48198665609 0.627908
8.98092964195 0.618174
9.47987291623 0.615741
9.97881647897 0.615108
10.4777603302 0.622883
10.9767044699 0.641288
11.4756488981 0.667329
11.9745936149 0.702342
12.4735386203 0.742472
12.9724839143 0.787075
13.4714294969 0.832205
13.9703753682 0.879411
14.4693215282 0.92192
14.9682679769 0.955187
15.4672147143 0.983674
15.9661617404 1.00116
16.4651090554 1.00152
16.9640566592 0.99651
17.4630045518 1.00171
17.9619527333 1.03179
18.4609012037 1.08344
18.959849963 1.14603
19.4587990113 1.208
19.9577483485 1.25392
20.4566979748 1.29042
20.95564789 1.32135
21.4545980943 1.34862
21.9535485877 1.37269
22.4524993702 1.39598
22.9514504418 1.41451
23.4504018026 1.42708
23.9493534525 1.43319
24.4483053917 1.43252
24.9472576201 1.42193
