-24.9414277335 0.838537
-24.4426064787 0.848474
-23.9437849263 0.847267
-23.4449630765 0.849657
-22.9461409292 0.868462
-22.4473184842 0.899734
-21.9484957417 0.914494
-21.4496727015 0.937049
-20.9508493636 0.943855
-20.4520257281 0.957921
-19.9532017948 0.958701
-19.4543775638 0.96997
-18.9555530351 0.979016
-18.4567282085 0.996822
-17.957903084 1.01569
-17.4590776617 1.04385
-16.9602519415 1.07051
-16.4614259234 1.08153
-15.9625996074 1.10817
-15.4637729933 1.14697
-14.9649460812 1.13898
-14.4661188711 1.13289
-13.9672913629 1.12018
-13.4684635567 1.10788
-12.9696354523 1.12277
-12.4708070497 1.13686
-11.971978349 1.17384
-11.47314935 1.19653
-10.9743200528 1.20726
-10.4754904573 1.21722
-9.97666056354 1.17824
-9.47783037143 1.11217
-8.97899988096 0.929932
-8.4801690921 0.700314
-7.98133800482 0.475433
-7.4825066191 0.255975
-6.9836749349 0.124216
-6.4848429522 0.0709878
-5.98601067096 0.0472637
-5.48717809116 0.0202063
-4.98834521277 0
-4.48951203576 0.00110315
-3.9906785601 0.00829058
-3.49184478577 0.00819788
-2.99301071272 0.00769212
-2.49417634094 0.00980196
-1.9953416704 0.014086
-1.49650670106 0.0173776
-0.997671432902 0.0194851
-0.498835865891 0.0218428
0 0.0258872
0.498836164799 0.032255
0.997672628535 0.0400254
1.49650939124 0.0456953
1.99534645294 0.0495035
2.49418381366 0.0520385
2.99302147343 0.051243
3.49185943229 0.0464552
3.99069769026 0.0435721
4.48953624736 0.0424922
4.98837510363 0.0479256
5.4872142591 0.0526629
5.9860537138 0.0626365
6.48489346775 0.0774252
6.98373352098 0.0897829
7.48257387352 0.11382
7.9814145254 0.146411
8.48025547666 0.175059
8.97909672731 0.20282
9.47793827738 0.228362
9.97678012691 0.251386
10.4756222759 0.273308
10.9744647245 0.284091
11.4733074725 0.297343
11.9721505202 0.305191
12.4709938674 0.316767
12.9698375143 0.327629
13.4686814608 0.344175
13.967525707 0.365605
14.4663702529 0.386659
14.9652150985 0.406949
15.464060244 0.411751
15.9629056892 0.410276
16.4617514342 0.414621
16.9605974792 0.424981
17.4594438239 0.437087
17.9582904687 0.451153
18.4571374133 0.466037
18.9559846579 0.499353
19.4548322025 0.524575
19.9536800472 0.535234
20.4525281919 0.553915
20.9513766367 0.577683
21.4502253815 0.607833
21.9490744266 0.625899
22.4479237718 0.648925
22.9467734172 0.675125
23.4456233628 0.704552
23.9444736087 0.729665
24.4433241549 0.75443
24.9421750014 0.773615
