-24.970363458 0.970745
-24.4709620621 0.966621
-23.9715604268 0.960101
-23.4721585519 0.917339
-22.9727564375 0.824455
-22.4733540836 0.752844
-21.9739514901 0.780094
-21.4745486571 0.812475
-20.9751455845 0.838195
-20.4757422723 0.862227
-19.9763387205 0.88652
-19.476934929 0.908174
-18.977530898 0.924687
-18.4781266272 0.935804
-17.9787221169 0.93908
-17.4793173668 0.934161
-16.979912377 0.919492
-16.4805071475 0.896971
-15.9811016783 0.866114
-15.4816959694 0.824409
-14.9822900207 0.775373
-14.4828838322 0.718538
-13.9834774039 0.651675
-13.4840707359 0.573026
-12.984663828 0.484492
-12.4852566803 0.392911
-11.9858492927 0.312465
-11.4864416653 0.249009
-10.9870337981 0.186204
-10.4876256909 0.127996
-9.98821734381 0.0822861
-9.48880875681 0.0480988
-8.98939992989 0.0242561
-8.48999086301 0.00913411
-7.99058155618 0
-7.49117200936 0.00270807
-6.99176222256 0.00749518
-6.49235219575 0.0125376
-5.99294192892 0.018449
-5.49353142205 0.0256703
-4.99412067514 0.0338388
-4.49470968816 0.0434399
-3.9952984611 0.0485629
-3.49588699394 0.0436742
-2.99647528668 0.0372552
-2.49706333929 0.0305808
-1.99765115177 0.0265196
-1.49823872409 0.0250362
-0.998826056247 0.0269196
-0.499413148222 0.0325655
0 0.042397
0.499413388431 0.0672452
0.99882701709 0.111201
1.49824088599 0.171669
1.99765499514 0.254277
2.49706934456 0.350366
2.99648393427 0.430935
3.49589876427 0.480273
3.99531383459 0.504717
4.49472914523 0.50613
4.99414469622 0.508578
5.49356048756 0.516219
5.99297651927 0.527984
6.49239279137 0.543863
6.99180930387 0.557292
7.49122605678 0.572689
7.99064305012 0.588614
8.4900602839 0.603141
8.98947775815 0.616128
9.48889547286 0.627915
9.98831342806 0.640065
10.4877316238 0.650529
10.98715006 0.659308
11.4865687367 0.665197
11.985987654 0.669292
12.4854068119 0.6721
12.9848262103 0.673703
13.4842458493 0.673981
13.9836657289 0.674353
14.4830858492 0.673844
14.98250621 0.67196
15.4819268115 0.669873
15.9813476537 0.667561
16.4807687366 0.665371
16.9801900601 0.664787
17.4796116243 0.664417
17.9790334293 0.665163
18.478455475 0.664774
18.9778777614 0.665324
19.4773002886 0.666102
19.9767230566 0.667732
20.4761460653 0.66989
20.9755693149 0.671913
21.4749928053 0.671008
21.9744165365 0.651222
22.4738405085 0.626236
22.9732647214 0.641238
23.4726891752 0.664887
23.9721138699 0.693603
24.4715388055 0.701389
24.970963982 0.688066
