-24.9415702586 0.996134
-24.4427461459 1.02635
-23.9439217361 1.06285
-23.4450970291 1.10546
-22.9462720248 1.15689
-22.4474467233 1.1247
-21.9486211244 1.08495
-21.4497952282 1.02733
-20.9509690346 0.984924
-20.4521425437 0.894698
-19.9533157553 0.823247
-19.4544886695 0.77242
-18.9556612861 0.741837
-18.4568336053 0.707933
-17.9580056269 0.663164
-17.459177351 0.596558
-16.9603487775 0.488042
-16.4615199063 0.434865
-15.9626907375 0.379852
-15.463861271 0.322206
-14.9650315068 0.265097
-14.4662014448 0.268804
-13.9673710851 0.275866
-13.4685404275 0.27492
-12.9697094722 0.268881
-12.470878219 0.276271
-11.9720466679 0.305105
-11.4732148188 0.356645
-10.9743826719 0.379691
-10.4755502269 0.390427
-9.97671748398 0.343989
-9.47788444301 0.298184
-8.97905110397 0.273951
-8.48021746684 0.256439
-7.98138353159 0.246154
-7.4825492982 0.231671
-6.98371476663 0.224357
-6.48487993686 0.238458
-5.98604480885 0.263744
-5.48720938258 0.282534
-4.98837365801 0.298366
-4.48953763513 0.311361
-3.9907013139 0.300958
-3.49186469429 0.264147
-2.99302777627 0.23835
-2.49419055981 0.209508
-1.9953530449 0.184961
-1.49651523148 0.164615
-0.997677119549 0.139137
-0.498838709065 0.0922972
0 0.070614
0.498839007673 0.0913952
0.997678313982 0.0724725
1.49651791896 0.0210261
1.99535782263 0
2.49419802502 0.00634455
2.99303852617 0.00639329
3.49187932609 0.0123663
3.99072042483 0.0364201
4.4895618224 0.0592232
4.98840351885 0.0872456
5.48724551418 0.131023
5.98608780844 0.176111
6.48493040166 0.207381
6.98377329385 0.231654
7.48261648506 0.26918
7.9814599753 0.312677
8.48030376461 0.372878
8.97914785302 0.419633
9.47799224055 0.459553
9.97683692724 0.523707
10.4756819131 0.602136
10.9745271982 0.67819
11.4733727825 0.698389
11.9722186661 0.724763
12.471064849 0.746016
12.9699113312 0.76791
13.4687581127 0.795462
13.9676051937 0.80443
14.466452574 0.793408
14.9653002538 0.809877
15.4641482331 0.827916
15.9629965118 0.862826
16.4618450901 0.9003
16.9606939679 0.959506
17.4595431454 1.01413
17.9583926224 1.06405
18.457242399 1.10648
18.9560924754 1.14274
19.4549428514 1.17033
19.9537935271 1.20665
20.4526445026 1.24664
20.9514957779 1.28005
21.450347353 1.30534
21.949199228 1.31525
22.4480514028 1.31057
22.9469038774 1.31793
23.4457566521 1.29257
23.9446097266 1.23755
24.4434631012 1.16129
24.9423167757 1.09943
