-24.9465226388 0.840831
-24.4475992175 0.8374
-23.9486755095 0.824914
-23.449751515 0.811391
-22.9508272338 0.803058
-22.451902666 0.800727
-21.9529778115 0.800703
-21.4540526703 0.801118
-20.9551272423 0.800651
-20.4562015276 0.798704
-19.9572755262 0.79349
-19.4583492379 0.786353
-18.9594226628 0.777217
-18.4604958008 0.768589
-17.9615686519 0.773399
-17.4626412161 0.798044
-16.9637134934 0.820794
-16.4647854837 0.840735
-15.965857187 0.856295
-15.4669286032 0.866027
-14.9679997325 0.867811
-14.4690705746 0.861025
-13.9701411297 0.847517
-13.4712113976 0.830635
-12.9722813783 0.815336
-12.4733510719 0.800314
-11.9744204783 0.783624
-11.4754895974 0.775198
-10.9765584293 0.753271
-10.4776269739 0.723682
-9.97869523119 0.687725
-9.47976320112 0.642468
-8.98083088369 0.585642
-8.48189827886 0.52054
-7.98296538662 0.449962
-7.48403220692 0.375765
-6.98509873976 0.302295
-6.48616498509 0.233349
-5.9872309429 0.173057
-5.48829661316 0.125335
-4.98936199584 0.0871282
-4.49042709091 0.057836
-3.99149189835 0.0359044
-3.49255641814 0.0195979
-2.99362065024 0.00768749
-2.49468459463 0.00105389
-1.99574825128 0
-1.49681162017 0.0020718
-0.997874701273 0.00977097
-0.498937494557 0.021006
0 0.033968
0.498937782426 0.0494927
0.997875852747 0.0680815
1.49681421099 0.0899231
1.99575285718 0.112657
2.49469179134 0.136858
2.9936310135 0.162421
3.49257052369 0.188347
3.99151032193 0.215148
4.49045040825 0.240533
4.98939078268 0.266611
5.48833144523 0.290676
5.98727239595 0.311823
6.48621363484 0.331931
6.98515516195 0.351297
7.4840969773 0.369743
7.9830390809 0.391387
8.4819814728 0.41799
8.98092415301 0.441151
9.47986712156 0.464539
9.97881037847 0.495473
10.4777539238 0.532463
10.9766977575 0.573533
11.4756418797 0.617756
11.9745862903 0.664185
12.4735309895 0.711165
12.9724759772 0.758223
13.4714212534 0.804783
13.9703668182 0.852075
14.4693126716 0.896733
14.9682588136 0.94123
15.4672052443 0.984947
15.9661519636 1.02564
16.4650989717 1.06493
16.9640462685 1.10364
17.4629938541 1.14104
17.9619417284 1.17603
18.4608898916 1.2092
18.9598383436 1.24087
19.4587870844 1.27071
19.9577361142 1.29783
20.4566854328 1.32254
20.9556350405 1.34375
21.454584937 1.36079
21.9535351226 1.37419
22.4524855972 1.38138
22.9514363608 1.38412
23.4503874135 1.38305
23.9493387553 1.37892
24.4482903862 1.3683
24.9472423063 1.3535
