-24.9678375513 0.0490571
-24.4684867765 0.0855287
-23.9691357581 0.135517
-23.469784496 0.186063
-22.9704329901 0.236375
-22.4710812406 0.286015
-21.9717292473 0.33383
-21.4723770103 0.381069
-20.9730245295 0.427376
-20.4736718049 0.471771
-19.9743188365 0.513622
-19.4749656243 0.553228
-18.9756121683 0.589493
-18.4762584684 0.621829
-17.9769045246 0.649539
-17.477550337 0.672906
-16.9781959054 0.69284
-16.47884123 0.709065
-15.9794863106 0.722079
-15.4801311473 0.7298
-14.98077574 0.734068
-14.4814200887 0.736531
-13.9820641935 0.738237
-13.4827080542 0.738664
-12.9833516709 0.738671
-12.4839950436 0.739473
-11.9846381722 0.739564
-11.4852810567 0.737795
-10.9859236972 0.735619
-10.4865660935 0.731901
-9.98720824571 0.725118
-9.48785015379 0.713982
-8.98849181772 0.699325
-8.48913323747 0.680416
-7.98977441304 0.656014
-7.49041534441 0.619121
-6.99105603157 0.571474
-6.49169647449 0.516723
-5.99233667316 0.456647
-5.49297662756 0.395392
-4.99361633769 0.333365
-4.49425580351 0.273723
-3.99489502503 0.217114
-3.49553400222 0.165555
-2.99617273506 0.121214
-2.49681122354 0.083996
-1.99744946765 0.0539684
-1.49808746736 0.0316942
-0.998725222673 0.0149373
-0.499362733556 0.00381117
0 0
0.49936297801 0.00546551
0.998726200492 0.0202602
1.49808966746 0.0414488
1.99745337893 0.0747371
2.49681733492 0.111421
2.99618153545 0.142861
3.49554598052 0.167785
3.99491067016 0.188148
4.49427560438 0.204501
4.9936407832 0.220173
5.49300620663 0.235735
5.99237187469 0.250945
6.4917377874 0.267062
6.99110394476 0.283281
7.49047034681 0.301
7.98983699354 0.31998
8.48920388498 0.340435
8.98857102115 0.362362
9.48793840205 0.386601
9.98730602771 0.412609
10.4866738981 0.439488
10.9860420134 0.469342
11.4854103734 0.501983
11.9847789782 0.538531
12.4841478279 0.578197
12.9835169224 0.619988
13.4828862618 0.644997
13.982255846 0.64744
14.4816256752 0.647235
14.9809957493 0.647223
15.4803660683 0.646712
15.9797366322 0.642967
16.4791074411 0.639697
16.978478495 0.637304
17.4778497938 0.634545
17.9772213377 0.632111
18.4765931266 0.62925
18.9759651605 0.626495
19.4753374395 0.622766
19.9747099635 0.620379
20.4740827327 0.619725
20.9734557469 0.622594
21.4728290062 0.628342
21.9722025107 0.637467
22.4715762603 0.649946
22.9709502551 0.666906
23.4703244951 0.686081
23.9696989802 0.708209
24.4690737106 0.732095
24.9684486861 0.756266
