-24.9414316848 0.773059
-24.4426103516 0.83861
-23.9437887208 0.886123
-23.4449667924 0.921226
-22.9461445665 0.964185
-22.447322043 0.996279
-21.9484992219 1.01245
-21.4496761031 1.02555
-20.9508526866 1.04203
-20.4520289724 1.0599
-19.9532049605 1.07391
-19.4543806508 1.0779
-18.9555560432 1.09471
-18.4567311379 1.10914
-17.9579059347 1.11485
-17.4590804336 1.12372
-16.9602546346 1.12804
-16.4614285377 1.13195
-15.9626021427 1.12054
-15.4637754498 1.11698
-14.9649484588 1.11746
-14.4661211698 1.12446
-13.9672935827 1.13416
-13.4684656974 1.11818
-12.969637514 1.08136
-12.4708090324 1.04088
-11.9719802527 0.980843
-11.4731511746 0.935047
-10.9743217983 0.875061
-10.4754921238 0.745343
-9.97666215085 0.551862
-9.47783187958 0.429257
-8.97900130994 0.427101
-8.48017044189 0.465176
-7.98133927539 0.533338
-7.48250781042 0.652563
-6.98367604696 0.712488
-6.48484398497 0.672902
-5.98601162442 0.586778
-5.48717896529 0.522621
-4.98834600755 0.40097
-4.48951275116 0.263018
-3.9906791961 0.109763
-3.49184534235 0.0104898
-2.99301118986 0.0034885
-2.49417673861 0.000236155
-1.99534198858 0
-1.49650693973 0.00662667
-0.997671592037 0.013173
-0.49883594547 0.0196546
0 0.0269454
0.498836244399 0.0324306
0.997672787761 0.0425584
1.49650963011 0.0682354
1.99534677148 0.101502
2.49418421189 0.140799
2.99302195138 0.181254
3.49185998997 0.221964
3.99069832769 0.264497
4.48953696458 0.293924
4.98837590066 0.315458
5.48721513595 0.336205
5.9860546705 0.351647
6.48489450432 0.363301
6.98373463744 0.374991
7.4825750699 0.386776
7.98141580172 0.400672
8.48025683293 0.424438
8.97909816357 0.449711
9.47793979365 0.481081
9.97678172321 0.512096
10.4756239523 0.54457
10.9744664809 0.572712
11.473309309 0.601532
11.9721524368 0.622969
12.4709958642 0.6386
12.9698395912 0.64659
13.4686836179 0.676801
13.9675279443 0.703574
14.4663725704 0.725528
14.9652174964 0.753596
15.4640627221 0.766315
15.9629082476 0.776372
16.4617540729 0.788789
16.9606001982 0.808312
17.4594466234 0.821175
17.9582933484 0.82504
18.4571403735 0.822908
18.9559876985 0.81758
19.4548353236 0.821709
19.9536832487 0.83239
20.4525314739 0.836635
20.9513799992 0.842861
21.4502288247 0.844629
21.9490779503 0.848425
22.4479273761 0.85821
22.9467771021 0.871288
23.4456271283 0.892322
23.9444774549 0.925584
24.4433280817 0.941805
24.9421790089 0.953689
