-24.9465679061 1.11206
-24.4476435855 1.09553
-23.9487189781 1.07622
-23.4497940838 1.05824
-22.9508689027 1.04916
-22.4519434347 1.05681
-21.9530176797 1.07604
-21.4540916378 1.09967
-20.9551653089 1.1217
-20.4562386931 1.13904
-19.9573117901 1.17806
-19.4583846001 1.21063
-18.959457123 1.22276
-18.4605293589 1.2251
-17.9616013075 1.22032
-17.462672969 1.20668
-16.9637443433 1.18778
-16.4648154304 1.16233
-15.9658862302 1.13196
-15.4669567428 1.105
-14.968026968 1.08614
-14.469096906 1.05987
-13.9701665566 1.02119
-13.4712359198 0.974623
-12.9723049956 0.923472
-12.4733737839 0.870354
-11.9744422848 0.815605
-11.4755104982 0.758455
-10.9765784241 0.699605
-10.4776460625 0.638807
-9.9787134133 0.574795
-9.47978047651 0.508378
-8.9808472521 0.440583
-8.48191374005 0.373071
-7.98297994033 0.308331
-7.4840458529 0.256386
-6.98511147776 0.21663
-6.48617681487 0.181833
-5.9872418642 0.147085
-5.48830662572 0.121191
-4.98937109942 0.0968484
-4.49043528526 0.0748988
-3.99149918322 0.058322
-3.49256279327 0.0418722
-2.99362611539 0.0267553
-2.49468914955 0.0143681
-1.99575189572 0.00651986
-1.49681435387 0.00113147
-0.997876523992 0
-0.498938406042 0.00292721
0 0.00840411
0.498938694161 0.0141249
0.997877676466 0.0235967
1.49681694694 0.0359834
1.99575650562 0.0489251
2.49469635252 0.0642446
2.99363648766 0.0794174
3.49257691109 0.0932348
3.99151762282 0.104029
4.49045862287 0.115994
4.98939991128 0.125796
5.48834148807 0.13499
5.98728335327 0.143904
6.48622550691 0.15048
6.985167949 0.156081
7.48411067958 0.162192
7.98305369867 0.169696
8.4819970063 0.177401
8.9809406025 0.182206
9.47988448728 0.194033
9.97882866068 0.195332
10.4777731227 0.178676
10.9767178734 0.193155
11.4756629129 0.216556
11.974608241 0.247083
12.4735538579 0.277176
12.9724997635 0.296368
13.471445958 0.307791
13.9703924413 0.317034
14.4693392134 0.320379
14.9682862744 0.324518
15.4672336243 0.32992
15.9661812632 0.335211
16.465129191 0.340831
16.9640774077 0.343005
17.4630259135 0.345009
17.9619747084 0.364735
18.4609237922 0.381415
18.9598731652 0.385971
19.4588228273 0.383372
19.9577727785 0.387365
20.4567230189 0.389667
20.9556735485 0.393337
21.4546243673 0.396591
21.9535754753 0.401948
22.4525268726 0.415739
22.9514785592 0.432971
23.4504305352 0.444383
23.9493828004 0.453727
24.4483353551 0.454935
24.9472881991 0.455566
