-40.9043378885	28.7446197923	-24.9404293471	3.51479806724	-3310.11821889
-40.90402346	28.7491079368	-24.4416279908	3.51479806724	-3281.62638837
-40.9037090045	28.7535960805	-23.9428263399	3.5149492886	-3250.93177433
-40.903394522	28.7580842235	-23.4440243942	3.51510054471	-3217.12613982
-40.9030800124	28.7625723658	-22.9452221539	3.51525183557	-3177.93128913
-40.9027654757	28.7670605074	-22.4464196188	3.51540316066	-3132.5107697
-40.902450912	28.7715486482	-21.9476167889	3.51555452072	-3081.93791939
-40.9021363213	28.7760367883	-21.4488136643	3.51570591507	-3061.77680281
-40.9018217035	28.7805249277	-20.9500102448	3.51585734434	-3060.01070331
-40.9015070586	28.7850130664	-20.4512065304	3.51600880804	-3075.30668805
-40.9011923866	28.7895012043	-19.9524025211	3.51616030647	-3099.54401148
-40.9008776875	28.7939893415	-19.453598217	3.51631183953	-3123.52315952
-40.9005629613	28.7984774779	-18.9547936178	3.51646340721	-3143.12620701
-40.900248208	28.8029656137	-18.4559887237	3.51661500957	-3158.57752746
-40.8999334277	28.8074537487	-17.9571835346	3.51676664668	-3171.22980612
-40.8996186201	28.8119418829	-17.4583780504	3.51691831822	-3183.64139379
-40.8993037855	28.8164300165	-16.9595722712	3.51707002462	-3196.50835909
-40.8989889237	28.8209181493	-16.4607661968	3.51722176572	-3209.51339393
-40.8986740348	28.8254062814	-15.9619598274	3.51737354154	-3222.80123635
-40.8983591187	28.8298944127	-15.4631531628	3.51752535191	-3237.77722525
-40.8980441755	28.8343825433	-14.964346203	3.51767719704	-3254.09531371
-40.8977292051	28.8388706732	-14.4655389479	3.51782907689	-3272.36103925
-40.8974142075	28.8433588024	-13.9667313977	3.51798099127	-3294.03507581
-40.8970991828	28.8478469308	-13.4679235521	3.51813294076	-3316.17831249
-40.8967841308	28.8523350585	-12.9691154112	3.51828492467	-3340.45451164
-40.8964690517	28.8568231855	-12.4703069751	3.51843694348	-3364.76551238
-40.8961539454	28.8613113117	-11.9714982435	3.51858899694	-3391.93360493
-40.8958388118	28.8657994372	-11.4726892165	3.51874108502	-3420.35475379
-40.8955236511	28.8702875619	-10.9738798942	3.51889320813	-3451.00760438
-40.8952084631	28.874775686	-10.4750702763	3.51904536589	-3484.81213358
-40.8948932479	28.8792638093	-9.97626036302	3.51919755834	-3519.69809326
-40.8945780054	28.8837519318	-9.4774501542	3.51934978558	-3554.69497395
-40.8942627357	28.8882400536	-8.97863964983	3.51950204753	-3591.22829579
-40.8939474388	28.8927281747	-8.47982884989	3.51965434459	-3629.29881341
-40.8936321146	28.8972162951	-7.98101775435	3.51980667607	-3668.5844127
-40.8933167631	28.9017044147	-7.48220636318	3.51995904239	-3709.08303847
-40.8930013843	28.9061925336	-6.98339467635	3.52011144375	-3749.68323144
-40.8926859783	28.9106806518	-6.48458269383	3.52026387967	-3790.32802766
-40.892370545	28.9151687692	-5.98577041559	3.52041635059	-3829.8654526
-40.8920550843	28.9196568859	-5.4869578416	3.5205688563	-3869.24061393
-40.8917395964	28.9241450018	-4.98814497184	3.52072139666	-3906.13406164
-40.8914240812	28.928633117	-4.48933180627	3.52087397207	-3939.9624942
-40.8911085386	28.9331212315	-3.99051834487	3.52102658228	-3969.81962813
-40.8907929687	28.9376093453	-3.4917045876	3.52117922711	-3997.59577289
-40.8904773715	28.9420974583	-2.99289053443	3.5213319071	-4022.86404136
-40.8901617469	28.9465855705	-2.49407618534	3.52148462184	-4041.97941149
-40.889846095	28.9510736821	-1.99526154029	3.52163737131	-4055.8888013
-40.8895304157	28.9555617929	-1.49644659927	3.52179015583	-4062.72012413
-40.889214709	28.9600499029	-0.997631362231	3.52194297528	-4059.54626278
-40.888898975	28.9645380123	-0.498815829151	3.5220958295	-4046.14968026
-40.8885832136	28.9690261208	0	3.52224871863	-4027.94645903
-40.8882674248	28.9735142287	0.49881612525	3.5224016425	-4005.94121957
-40.8879516087	28.9780023358	0.997632546631	3.52255460156	-3978.7488158
-40.8876357651	28.9824904422	1.49644926417	3.52270759533	-3948.24787695
-40.8873198941	28.9869785478	1.9952662779	3.52286062418	-3915.87081332
-40.8870039957	28.9914666527	2.49408358784	3.52301368796	-3880.83591232
-40.8866880699	28.9959547569	2.99290119403	3.52316678623	-3844.68704986
-40.8863721166	29.0004428603	3.4917190965	3.52331992002	-3809.00717389
-40.8860561359	29.004930963	3.99053729527	3.52347308858	-3773.744785
-40.8857401277	29.0094190649	4.48935579038	3.52362629185	-3738.41209529
-40.8854240921	29.0139071661	4.98817458184	3.52377953042	-3704.88750858
-40.8851080291	29.0183952666	5.48699366971	3.52393280358	-3673.72273793
-40.8847919385	29.0228833663	5.98581305399	3.52408611193	-3643.82513668
-40.8844758205	29.0273714653	6.48463273473	3.52423945549	-3616.19408609
-40.884159675	29.0318595635	6.98345271194	3.52439283348	-3590.70453119
-40.8838435021	29.036347661	7.48227298567	3.52454624695	-3568.24115134
-40.8835273016	29.0408357578	7.98109355593	3.52469969516	-3549.49001144
-40.8832110736	29.0453238538	8.47991442277	3.5248531785	-3533.55853043
-40.8828948181	29.0498119491	8.9787355862	3.52500669663	-3521.08102716
-40.882578535	29.0543000437	9.47755704625	3.52516025016	-3512.16339277
-40.8822622245	29.0587881375	9.97637880296	3.52531383822	-3506.57157124
-40.8819458864	29.0632762305	10.4752008564	3.52546746189	-3504.49088557
-40.8816295208	29.0677643228	10.9740232065	3.52562111982	-3505.46365692
-40.8813131276	29.0722524144	11.4728458533	3.52577481357	-3503.55229675
-40.8809967068	29.0767405052	11.971668797	3.52592854201	-3498.5720252
-40.8806802585	29.0812285953	12.4704920374	3.52608230546	-3490.63163549
-40.8803637826	29.0857166847	12.9693155746	3.52623610404	-3483.02478975
-40.8800472792	29.0902047733	13.4681394088	3.52638993775	-3476.46634657
-40.8797307481	29.0946928611	13.9669635398	3.52654380641	-3470.17556435
-40.8794141895	29.0991809483	14.4657879677	3.52669771034	-3463.87717035
-40.8790976032	29.1036690346	14.9646126926	3.52685164901	-3456.89863382
-40.8787809894	29.1081571203	15.4634377144	3.52700562315	-3448.49089897
-40.8784643479	29.1126452052	15.9622630333	3.52715963219	-3437.41223973
-40.8781476788	29.1171332893	16.4610886491	3.52731367632	-3423.7049839
-40.877830982	29.1216213727	16.9599145621	3.52746775565	-3407.82120208
-40.8775142576	29.1261094554	17.4587407721	3.52762187003	-3389.67384522
-40.8771975056	29.1305975373	17.9575672793	3.52777601965	-3369.3131664
-40.8768807259	29.1350856184	18.4563940836	3.52793020417	-3347.91443112
-40.8765639186	29.1395736989	18.9552211851	3.52808442403	-3324.64571816
-40.8762470835	29.1440617785	19.4540485838	3.52823867897	-3300.37255183
-40.8759302208	29.1485498575	19.9528762797	3.5283929691	-3276.30674683
-40.8756133305	29.1530379357	20.451704273	3.52854729428	-3252.77415452
-40.8752964124	29.1575260131	20.9505325635	3.52870165476	-3229.34757894
-40.8749794666	29.1620140898	21.4493611513	3.5288560505	-3206.39581457
-40.8746624931	29.1665021658	21.9481900365	3.52901048103	-3184.95102892
-40.8743454919	29.170990241	22.447019219	3.52916494703	-3162.04366621
-40.874028463	29.1754783154	22.945848699	3.52931944834	-3138.07986551
-40.8737114063	29.1799663891	23.4446784764	3.52947398437	-3115.23977719
-40.8733943219	29.1844544621	23.9435085513	3.52962855601	-3091.91592504
-40.8730772098	29.1889425343	24.4423389237	3.52978316282	-3068.36471481
-40.8727600699	29.1934306058	24.9411695936	3.52993780471	-3043.86188494
