-24.9703457446 0.802275
-24.470944701 0.769615
-23.9715434179 0.753723
-23.4721418955 0.748118
-22.9727401336 0.747001
-22.4733381323 0.761058
-21.9739358915 0.793033
-21.4745334112 0.833554
-20.9751306914 0.875141
-20.4757277321 0.910635
-19.9763245333 0.93797
-19.4769210949 0.953626
-18.977517417 0.957063
-18.4781134995 0.952265
-17.9787093425 0.939634
-17.4793049458 0.921285
-16.9799003095 0.897027
-16.4804954336 0.867721
-15.9810903181 0.832031
-15.4816849629 0.790132
-14.982279368 0.741974
-14.4828735334 0.688664
-13.9834674591 0.630523
-13.4840611451 0.567876
-12.9846545914 0.502076
-12.4852477979 0.43415
-11.9858407647 0.366285
-11.4864334916 0.300049
-10.9870259788 0.236348
-10.4876182262 0.176838
-9.98821023379 0.135113
-9.48880200151 0.099741
-8.98939352939 0.0715058
-8.4899848174 0.0495581
-7.99057586553 0.0338197
-7.49116667377 0.0246559
-6.9917572421 0.021478
-6.4923475705 0.0192035
-5.99293765897 0.0149694
-5.49352750748 0.0108922
-4.99411711602 0.00653049
-4.49470648459 0.003451
-3.99529561315 0.0016828
-3.4958845017 0
-2.99647315023 0.0017365
-2.49706155871 0.00432241
-1.99764972714 0.00777072
-1.4982376555 0.0179384
-0.998825343769 0.0380948
-0.499412791941 0.0653217
0 0.100059
0.49941303207 0.144379
0.998826304284 0.198084
1.49823981666 0.251057
1.9976535692 0.293291
2.49706756193 0.330845
2.99648179486 0.358971
3.49589626801 0.377802
3.99531098139 0.384862
4.49472593502 0.379751
4.99414112891 0.381317
5.49355656307 0.392412
5.99297223752 0.407756
6.49238815227 0.424418
6.99180430734 0.438961
7.49122070274 0.451401
7.99063733849 0.461477
8.4900542146 0.467457
8.98947133109 0.469919
9.48888868797 0.468772
9.98830628525 0.465991
10.487724123 0.461057
10.9871422011 0.455007
11.4865605197 0.448214
11.9859790787 0.440664
12.4853978782 0.434635
12.9848169183 0.429759
13.4842361988 0.426783
13.9836557198 0.425959
14.4830754814 0.427896
14.9824954835 0.431671
15.4819157262 0.436017
15.9813362095 0.441164
16.4807569334 0.448067
16.9801778978 0.454842
17.4795991029 0.462023
17.9790205487 0.468729
18.478442235 0.473723
18.9778641621 0.476497
19.4772863298 0.475142
19.9767087382 0.477782
20.4761313873 0.48765
20.9755542772 0.498555
21.4749774078 0.507777
21.9744007791 0.516442
22.4738243912 0.527924
22.9732482441 0.538586
23.4726723377 0.549155
23.9720966722 0.560254
24.4715212475 0.570425
24.9709460637 0.577082
