-41.5844325505	28.9964898363	-24.946590486	14.8897825619	-3042.27157863
-41.5831114524	29.0008354455	-24.4476657169	14.8897825619	-3033.91277297
-41.5817902431	29.0051810418	-23.9487406608	14.890423016	-3027.09686904
-41.5804689227	29.0095266251	-23.4498153178	14.8910636118	-3022.26305975
-41.5791474912	29.0138721956	-22.9508896877	14.8917043489	-3016.9852245
-41.5778259485	29.0182177531	-22.4519637707	14.8923452275	-3013.86426389
-41.5765042946	29.0225632976	-21.9530375666	14.8929862478	-3011.16359935
-41.5751825295	29.0269088293	-21.4541110754	14.8936274097	-3007.33095517
-41.5738606531	29.031254348	-20.9551842971	14.8942687132	-3003.5060876
-41.5725386654	29.0355998538	-20.4562572317	14.8949101584	-3000.36098027
-41.5712165663	29.0399453466	-19.9573298791	14.8955517451	-2996.76422795
-41.569894356	29.0442908264	-19.4584022393	14.8961934736	-2990.76991208
-41.5685720342	29.0486362934	-18.9594743123	14.8968353439	-2982.5712716
-41.567249601	29.0529817473	-18.4605460981	14.8974773558	-2972.18129277
-41.5659270564	29.0573271883	-17.9616175966	14.8981195097	-2962.8479791
-41.5646044004	29.0616726164	-17.4626888078	14.8987618051	-2955.45726274
-41.5632816328	29.0660180315	-16.9637597317	14.8994042426	-2950.55145281
-41.5619587537	29.0703634336	-16.4648303682	14.9000468217	-2948.37603221
-41.5606357631	29.0747088227	-15.9659007174	14.9006895427	-2950.30086162
-41.5593126609	29.0790541989	-15.4669707792	14.9013324059	-2957.04083544
-41.557989447	29.0833995621	-14.9680405535	14.9019754105	-2964.90450775
-41.5566661216	29.0877449123	-14.4691100404	14.9026185575	-2969.48028628
-41.5553426844	29.0920902495	-13.9701792398	14.9032618463	-2968.64202493
-41.5540191356	29.0964355737	-13.4712481517	14.9039052771	-2958.49646744
-41.552695475	29.1007808849	-12.9723167761	14.90454885	-2945.8943582
-41.5513717027	29.1051261832	-12.4733851129	14.9051925649	-2964.82149295
-41.5500478185	29.1094714684	-11.9744531622	14.9058364217	-2997.43176634
-41.5487238226	29.1138167406	-11.4755209238	14.9064804208	-3030.55000374
-41.5473997148	29.1181619999	-10.9765883978	14.907124562	-3065.22571347
-41.5460754952	29.1225072461	-10.4776555841	14.9077688452	-3104.91451681
-41.5447511636	29.1268524793	-9.97872248277	14.9084132707	-3144.782086
-41.5434267202	29.1311976995	-9.47978909369	14.9090578384	-3184.45384947
-41.5421021647	29.1355429067	-8.98085541687	14.9097025484	-3224.35491289
-41.5407774973	29.1398881008	-8.48192145228	14.9103474004	-3266.7177605
-41.5394527178	29.1442332819	-7.98298719989	14.9109923948	-3313.33022608
-41.5381278263	29.14857845	-7.48405265969	14.9116375317	-3366.70798517
-41.5368028228	29.1529236051	-6.98511783163	14.9122828106	-3429.66409161
-41.5354777071	29.1572687471	-6.4861827157	14.9129282318	-3502.14825004
-41.5341524793	29.1616138761	-5.98724731187	14.9135737958	-3584.2109728
-41.5328271393	29.165958992	-5.48831162011	14.9142195019	-3671.8243621
-41.5315016871	29.1703040949	-4.9893756404	14.9148653504	-3757.92413286
-41.5301761227	29.1746491847	-4.4904393727	14.9155113413	-3836.33454006
-41.5288504461	29.1789942615	-3.991502817	14.9161574748	-3900.71511849
-41.5275246572	29.1833393252	-3.49256597327	14.9168037508	-3948.48394448
-41.5261987559	29.1876843759	-2.99362884148	14.9174501694	-3986.51148286
-41.5248727424	29.1920294135	-2.4946914216	14.9180967303	-4013.74548137
-41.5235466164	29.196374438	-1.99575371361	14.918743434	-4032.88382024
-41.5222203781	29.2007194495	-1.49681571748	14.9193902801	-4048.77054082
-41.5208940273	29.2050644479	-0.997877433185	14.920037269	-4060.98046153
-41.5195675641	29.2094094332	-0.498938860701	14.9206844004	-4060.63421067
-41.5182409884	29.2137544054	0	14.9213316746	-4035.90818803
-41.5169143001	29.2180993646	0.498939148944	14.9219790915	-3998.54859558
-41.5155874994	29.2224443106	0.997878586158	14.922626651	-3951.59774609
-41.514260586	29.2267892436	1.49681831167	14.9232743532	-3897.56153955
-41.5129335601	29.2311341634	1.9957583255	14.9239221985	-3900.62152591
-41.5116064215	29.2354790702	2.49469862768	14.9245701861	-3889.24533807
-41.5102791703	29.2398239639	2.99363921824	14.9252183171	-3834.11156931
-41.5089518064	29.2441688444	3.49258009719	14.9258665905	-3772.52207707
-41.5076243297	29.2485137119	3.99152126458	14.9265150069	-3733.75389698
-41.5062967403	29.2528585662	4.49046272042	14.9271635663	-3720.69333506
-41.5049690381	29.2572034074	4.98940446473	14.9278122686	-3710.48600266
-41.5036412232	29.2615482355	5.48834649756	14.9284611137	-3704.28558835
-41.5023132954	29.2658930505	5.98728881891	14.929110102	-3699.22475963
-41.5009852547	29.2702378524	6.48623142882	14.929759233	-3700.90890371
-41.4996571011	29.2745826411	6.98517432732	14.9304085073	-3703.23228108
-41.4983288346	29.2789274167	7.48411751443	14.9310579245	-3701.53438242
-41.4970004551	29.2832721791	7.98306099018	14.9317074848	-3706.76164423
-41.4956719627	29.2876169284	8.48200475458	14.9323571883	-3677.31292341
-41.4943433573	29.2919616646	8.98094880768	14.9330070349	-3655.22302324
-41.4930146388	29.2963063876	9.47989314949	14.9336570245	-3669.50669462
-41.4916858072	29.3006510975	9.97883778005	14.9343071574	-3663.52545807
-41.4903568625	29.3049957942	10.4777826994	14.9349574335	-3638.74396757
-41.4890278047	29.3093404778	10.9767279075	14.9356078528	-3630.6839088
-41.4876986338	29.3136851482	11.4756734044	14.9362584154	-3628.70344375
-41.4863693497	29.3180298054	11.9746191902	14.9369091212	-3613.15880002
-41.4850399523	29.3223744495	12.4735652649	14.9375599703	-3612.6725145
-41.4837104417	29.3267190804	12.9725116284	14.9382109627	-3610.43277157
-41.4823808178	29.3310636981	13.4714582809	14.9388620986	-3618.31523219
-41.4810510806	29.3354083026	13.9704052223	14.9395133779	-3627.9571958
-41.4797212301	29.339752894	14.4693524527	14.9401648004	-3625.05489177
-41.4783912662	29.3440974721	14.9682999721	14.9408163664	-3622.84523232
-41.4770611889	29.3484420371	15.4672477806	14.941468076	-3614.72962276
-41.4757309982	29.3527865889	15.966195878	14.9421199289	-3611.34910504
-41.474400694	29.3571311275	16.4651442646	14.9427719255	-3604.19557779
-41.4730702764	29.3614756529	16.9640929403	14.9434240655	-3601.15484337
-41.4717397452	29.3658201651	17.4630419051	14.9440763491	-3596.7556857
-41.4704091005	29.3701646641	17.9619911591	14.9447287762	-3600.44351285
-41.4690783422	29.3745091499	18.4609407022	14.9453813469	-3606.31126088
-41.4677474704	29.3788536224	18.9598905346	14.9460340613	-3607.76225576
-41.4664164849	29.3831980818	19.4588406562	14.9466869193	-3605.66692478
-41.4650853857	29.3875425279	19.9577910671	14.9473399211	-3605.20632784
-41.4637541728	29.3918869608	20.4567417672	14.9479930666	-3604.42252155
-41.4624228463	29.3962313805	20.9556927567	14.9486463558	-3604.0683054
-41.461091406	29.400575787	21.4546440355	14.9492997887	-3603.1340224
-41.4597598518	29.4049201802	21.9535956037	14.9499533654	-3602.0878849
-41.4584281839	29.4092645602	22.4525474612	14.950607086	-3589.5134999
-41.4570964022	29.4136089269	22.9514996082	14.9512609503	-3573.64454549
-41.4557645066	29.4179532804	23.4504520447	14.9519149587	-3559.92703546
-41.4544324971	29.4222976206	23.9494047706	14.9525691106	-3554.22987507
-41.4531003736	29.4266419476	24.448357786	14.9532234069	-3556.98782592
-41.4517681362	29.4309862614	24.9473110909	14.9538778467	-3553.35621943
