-24.94142972 0.734132
-24.4426084257 0.734061
-23.943786834 0.733923
-23.4449649447 0.74288
-22.9461427578 0.721181
-22.4473202734 0.692834
-21.9484974913 0.66884
-21.4496744116 0.647617
-20.9508510342 0.653311
-20.4520273592 0.654063
-19.9532033864 0.6611
-19.4543791158 0.673161
-18.9555545474 0.6839
-18.4567296812 0.689907
-17.9579045172 0.710011
-17.4590790553 0.734992
-16.9602532955 0.734946
-16.4614272377 0.737165
-15.962600882 0.712328
-15.4637742283 0.67814
-14.9649472766 0.662006
-14.4661200268 0.684645
-13.9672924789 0.762029
-13.4684646329 0.798471
-12.9696364888 0.796116
-12.4708080465 0.759258
-11.971979306 0.696485
-11.4731502673 0.638321
-10.9743209304 0.550628
-10.4754912951 0.424165
-9.97666136155 0.34013
-9.47783112965 0.292988
-8.97900059937 0.213704
-8.4801697707 0.150227
-7.9813386436 0.136937
-7.48250721803 0.110474
-6.98367549399 0.0662886
-6.48484347142 0.0331878
-5.98601115031 0.012377
-5.48717853063 0.00227866
-4.98834561234 0.00649028
-4.48951239543 0
-3.99067887985 0.00345266
-3.49184506558 0.0147436
-2.9930109526 0.0139789
-2.49417654087 0.0152105
-1.99534183036 0.019676
-1.49650682105 0.024732
-0.997671512906 0.0286331
-0.498835905898 0.0324907
0 0.0373098
0.498836204818 0.0446841
0.997672708586 0.0560462
1.49650951133 0.0694475
1.99534661308 0.0802995
2.49418401387 0.0935397
2.99302171372 0.0993758
3.49185971266 0.100974
3.99069801073 0.0995219
4.48953660794 0.0962624
4.98837550433 0.0932525
5.48721469994 0.0958502
5.98605419478 0.103733
6.48489398888 0.119389
6.98373408228 0.134919
7.482574475 0.15119
7.98141516707 0.16699
8.48025615852 0.187825
8.97909744938 0.208998
9.47793903968 0.247591
9.97678092944 0.291237
10.4756231187 0.335758
10.9744656075 0.378292
11.4733083958 0.405973
11.9721514837 0.41667
12.4709948713 0.437235
12.9698385584 0.46787
13.4686825453 0.494629
13.9675268318 0.521674
14.466371418 0.539708
14.965216304 0.554012
15.4640614898 0.571265
15.9629069754 0.583518
16.4617527608 0.596844
16.9605988461 0.61514
17.4594452313 0.637235
17.9582919165 0.654709
18.4571389015 0.666801
18.9559861866 0.675201
19.4548337716 0.682581
19.9536816567 0.693878
20.4525298419 0.720739
20.9513783272 0.75166
21.4502271126 0.774577
21.9490761981 0.790999
22.4479255838 0.81167
22.9467752698 0.831987
23.4456252559 0.857713
23.9444755424 0.871507
24.4433261291 0.884379
24.9421770161 0.900679
