-24.9465301933 0.74328
-24.4476066218 0.723492
-23.9486827638 0.702748
-23.4497586191 0.692017
-22.9508341877 0.703607
-22.4519094697 0.717285
-21.9529844649 0.730507
-21.4540591734 0.743617
-20.9551335951 0.755722
-20.45620773 0.766486
-19.9572815781 0.775033
-19.4583551393 0.780731
-18.9594284137 0.78558
-18.4605014011 0.790721
-17.9615741017 0.799928
-17.4626465152 0.815422
-16.9637186418 0.839077
-16.4647904813 0.869253
-15.9658620339 0.898848
-15.4669332993 0.916036
-14.9680042777 0.907825
-14.4690749689 0.872446
-13.9701453731 0.826203
-13.47121549 0.78069
-12.9722853197 0.75224
-12.4733548622 0.731922
-11.9744241175 0.710374
-11.4754930855 0.683785
-10.9765617662 0.652836
-10.4776301595 0.619152
-9.97869826553 0.580014
-9.47976608414 0.534922
-8.98083361535 0.485982
-8.48190085912 0.433185
-7.98296781543 0.379178
-7.48403448425 0.324292
-6.98510086555 0.270297
-6.48616695932 0.219258
-5.98723276551 0.172782
-5.48829828412 0.13067
-4.9893635151 0.0948387
-4.49042845843 0.0656497
-3.9914931141 0.0412743
-3.49255748206 0.021029
-2.9936215623 0.00860841
-2.49468535478 0.00157883
-1.99574885949 0
-1.49681207639 0.00530591
-0.997875005459 0.0106527
-0.498937646671 0.0198871
0 0.0334875
0.498937934582 0.0525488
0.9978761571 0.0754184
1.49681466758 0.10217
1.99575346605 0.131842
2.49469255254 0.164415
2.99363192706 0.198028
3.49257158966 0.234206
3.99151154035 0.271303
4.49045177916 0.309279
4.98939230612 0.34606
5.48833312124 0.381557
5.98727422457 0.415146
6.48621561613 0.447188
6.98515729593 0.472135
7.48409926402 0.489818
7.98304152041 0.500115
8.48198406512 0.509329
8.9809268982 0.528946
9.47987001966 0.555795
9.97881342952 0.583644
10.4777571278 0.611439
10.9767011146 0.641793
11.4756453898 0.675532
11.9745899536 0.71018
12.4735348059 0.747851
12.9724799468 0.787391
13.4714253762 0.828481
13.9703710943 0.86726
14.469317101 0.906189
14.9682633964 0.941836
15.4672099805 0.974258
15.9661568533 1.00449
16.4651040149 1.03261
16.9640514652 1.05919
17.4629992044 1.0854
17.9619472323 1.11457
18.4608955491 1.14797
18.9598441548 1.18516
19.4587930494 1.22458
19.957742233 1.26303
20.4566917055 1.29628
20.9556414669 1.32474
21.4545915174 1.34896
21.9535418569 1.36707
22.4524924855 1.38163
22.9514434032 1.39159
23.4503946099 1.39761
23.9493461058 1.39615
24.4482978909 1.38883
24.9472499652 1.37663
