-24.9456728172 0.726641
-24.4467664686 0.758086
-23.9478598304 0.77362
-23.4489529025 0.786324
-22.9500456848 0.803654
-22.4511381774 0.823571
-21.9522303801 0.862871
-21.4533222931 0.902808
-20.9544139162 0.930225
-20.4555052495 0.935771
-19.9565962928 0.908181
-19.4576870462 0.898343
-18.9587775097 0.893607
-18.4598676832 0.889222
-17.9609575666 0.885355
-17.4620471601 0.898172
-16.9631364635 0.916381
-16.4642254768 0.962568
-15.9653141999 0.990099
-15.466402633 0.981816
-14.9674907758 0.978851
-14.4685786285 0.990165
-13.969666191 0.994424
-13.4707534632 0.968317
-12.9718404451 0.932656
-12.4729271367 0.928609
-11.974013538 0.933381
-11.4750996489 0.944688
-10.9761854695 0.941717
-10.4772709996 0.963711
-9.97835623933 0.972735
-9.47944118856 0.917764
-8.98052584731 0.850026
-8.48161021553 0.766022
-7.98269429321 0.707358
-7.48377808032 0.664644
-6.98486157682 0.643734
-6.4859447827 0.628937
-5.98702769793 0.589342
-5.48811032248 0.56539
-4.98919265633 0.56451
-4.49027469943 0.53325
-3.99135645178 0.443531
-3.49243791335 0.375037
-2.99351908409 0.299574
-2.494599964 0.214014
-1.99568055304 0.127068
-1.49676085119 0.0590946
-0.997840858417 0.039101
-0.498920574696 0.0395988
0 0.0396995
0.498920865696 0.0318352
0.99784202242 0.0270342
1.4967634702 0.0254461
1.99568520906 0.02562
2.49460723903 0.0218874
2.99352956013 0.0149742
3.49245217239 0.00774977
3.99137507584 0.00227968
4.49029827051 0
4.98922175642 0.00159515
5.48814553359 0.00195601
5.98706960206 0.00257265
6.48599396185 0.00482541
6.98491861299 0.0171526
7.4838435555 0.0334756
7.98276878942 0.0511235
8.48169431476 0.0705225
8.98062013156 0.0955396
9.47954623983 0.120982
9.97847263962 0.14399
10.4773993309 0.157009
10.9763263138 0.147379
11.4752535883 0.135417
11.9741811544 0.138874
12.4731090121 0.149364
12.9720371615 0.159665
13.4709656026 0.1701
13.9698943354 0.17917
14.4688233599 0.183842
14.9677526762 0.180682
15.4666822844 0.178983
15.9656121843 0.171334
16.4645423761 0.167627
16.9634728598 0.161108
17.4624036354 0.163387
17.9613347029 0.15646
18.4602660624 0.167821
18.9591977138 0.180453
19.4581296573 0.189399
19.9570618928 0.22976
20.4559944204 0.272241
20.9549272401 0.305563
21.4538603519 0.328015
21.9527937558 0.355299
22.4517274519 0.368431
22.9506614402 0.370539
23.4495957207 0.37756
23.9485302935 0.403868
24.4474651585 0.430329
24.9464003159 0.445125
