-24.9414267321 0.81273
-24.4426054971 0.811377
-23.9437839647 0.820476
-23.4449621348 0.820534
-22.9461400073 0.834533
-22.4473175823 0.840665
-21.9484948597 0.85267
-21.4496718394 0.863528
-20.9508485215 0.890543
-20.4520249059 0.914672
-19.9532009926 0.924833
-19.4543767815 0.931609
-18.9555522727 0.946951
-18.456727466 0.952602
-17.9579023616 0.961357
-17.4590769592 0.972513
-16.960251259 0.986217
-16.4614252609 1.00696
-15.9625989648 1.04214
-15.4637723707 1.08156
-14.9649454787 1.09963
-14.4661182886 1.12044
-13.9672908004 1.14787
-13.4684630141 1.16538
-12.9696349298 1.15231
-12.4708065472 1.12561
-11.9719778665 1.08997
-11.4731488876 1.07716
-10.9743196104 1.08701
-10.475490035 1.04104
-9.97666016126 0.98668
-9.47782998921 0.953249
-8.97899951881 0.975599
-8.48016875002 0.972775
-7.98133768282 0.921895
-7.48250631718 0.848374
-6.98367465307 0.74923
-6.48484269046 0.588338
-5.98601042932 0.354772
-5.48717786963 0.0806762
-4.98834501135 0
-4.48951185446 0.0105229
-3.99067839892 0.0208031
-3.49184464471 0.0220147
-2.9930105918 0.0233059
-2.49417624016 0.0280684
-1.99534158976 0.032606
-1.49650664057 0.0338592
-0.997671392571 0.0350184
-0.498835845722 0.0373336
0 0.040828
0.498836144626 0.0457951
0.997672588182 0.0524615
1.4965093307 0.0601332
1.99534637221 0.068222
2.49418371273 0.0708778
2.99302135231 0.0646195
3.49185929095 0.0589297
3.99069752871 0.0533457
4.48953606559 0.0505239
4.98837490164 0.0547283
5.48721403688 0.0613855
5.98605347134 0.0650759
6.48489320504 0.0796338
6.98373323803 0.104878
7.48257357032 0.139404
7.98141420194 0.162922
8.48025513293 0.170642
8.97909636331 0.184804
9.47793789311 0.20069
9.97677972236 0.219624
10.4756218511 0.247781
10.9744642793 0.269926
11.4733070071 0.290459
11.9721500344 0.302092
12.4709933613 0.316397
12.9698369879 0.33391
13.4686809141 0.356908
13.96752514 0.379937
14.4663696655 0.399844
14.9652144909 0.420082
15.4640596159 0.435997
15.9629050408 0.444653
16.4617507655 0.445977
16.9605967901 0.453858
17.4594431145 0.479146
17.9582897388 0.501911
18.4571366631 0.517095
18.9559838873 0.526337
19.4548314115 0.544183
19.9536792358 0.574264
20.4525273601 0.596846
20.9513757845 0.609172
21.4502245089 0.608143
21.9490735336 0.604115
22.4479228583 0.615838
22.9467724833 0.635435
23.4456224085 0.654259
23.944472634 0.673338
24.4433231597 0.689613
24.9421739857 0.710984
