-24.9781730859 1.42909
-24.4786142889 1.4101
-23.9790553017 1.40197
-23.4794961242 1.4089
-22.9799367565 1.38602
-22.4803771985 1.32875
-21.9808174503 1.29605
-21.4812575117 1.26222
-20.9816973829 1.20558
-20.4821370638 1.14621
-19.9825765544 1.08413
-19.4830158547 1.03244
-18.9834549646 1.02778
-18.4838938842 1.02332
-17.9843326135 1.01158
-17.4847711524 0.993386
-16.9852095009 0.978322
-16.485647659 0.968976
-15.9860856267 0.957943
-15.486523404 0.918815
-14.9869609909 0.893954
-14.4873983874 0.886867
-13.9878355934 0.836322
-13.488272609 0.782685
-12.9887094341 0.742002
-12.4891460688 0.71008
-11.989582513 0.719299
-11.4900187666 0.725075
-10.9904548298 0.739525
-10.4908907025 0.753643
-9.99132638459 0.757764
-9.49176187618 0.75556
-8.99219717722 0.754552
-8.4926322877 0.74413
-7.99306720761 0.714557
-7.49350193695 0.6742
-6.99393647569 0.642584
-6.49437082383 0.620841
-5.99480498136 0.60201
-5.49523894827 0.566235
-4.99567272454 0.504039
-4.49610631016 0.450408
-3.99653970513 0.386335
-3.49697290944 0.335415
-2.99740592306 0.310445
-2.497838746 0.277348
-1.99827137824 0.24583
-1.49870381977 0.235855
-0.999136070583 0.22837
-0.499568130662 0.206631
0 0.197362
0.499568321414 0.187001
0.999136833592 0.188365
1.49870553654 0.190089
1.99827443028 0.207491
2.49784351481 0.197845
2.99741279015 0.174714
3.4969822563 0.151573
3.99655191328 0.123437
4.4961217611 0.0943315
4.99569179976 0.0641594
5.49526202929 0.0464949
5.99483244969 0.0419533
6.49440306097 0.0492372
6.99397386313 0.0261957
7.4935448562 0.00863931
7.99311604019 0.00159529
8.49268741509 0
8.99225898093 0.00877236
9.49183073772 0.0653673
9.99140268546 0.154457
10.4909748242 0.237741
10.9905471538 0.297985
11.4901196745 0.351
11.9896923862 0.413271
12.4892652889 0.468944
12.9888383825 0.531216
13.4884116673 0.59408
13.987985143 0.628928
14.4875588098 0.655522
14.9871326677 0.688101
15.4867067167 0.712743
15.9862809567 0.730956
16.4858553878 0.741321
16.98543001 0.741483
17.4850048234 0.74867
17.9845798278 0.764297
18.4841550234 0.785713
18.9837304102 0.810314
19.4833059881 0.83113
19.9828817572 0.889581
20.4824577174 0.881
20.9820338688 0.861901
21.4816102115 0.912658
21.9811867453 1.00566
22.4807634704 1.06839
22.9803403867 1.10535
23.4799174942 1.1199
23.979494793 1.12708
24.479072283 1.13082
24.9786499643 1.12877
