-24.9652508394 0.491203
-24.4659511768 0.482376
-23.966651296 0.469896
-23.4673511969 0.469249
-22.9680508795 0.508081
-22.4687503438 0.471383
-21.9694495898 0.422696
-21.4701486174 0.376453
-20.9708474266 0.330008
-20.4715460174 0.285463
-19.9722443899 0.250137
-19.4729425439 0.220115
-18.9736404795 0.179414
-18.4743381966 0.178648
-17.9750356953 0.171741
-17.4757329755 0.148127
-16.9764300372 0.119854
-16.4771268803 0.113523
-15.9778235049 0.140925
-15.478519911 0.163945
-14.9792160984 0.187914
-14.4799120673 0.217112
-13.9806078176 0.260506
-13.4813033493 0.327743
-12.9819986623 0.389438
-12.4826937566 0.427484
-11.9833886323 0.479302
-11.4840832892 0.57494
-10.9847777275 0.662134
-10.485471947 0.652549
-9.98616594779 0.637049
-9.4868597298 0.622043
-8.98755329303 0.62255
-8.48824663746 0.637411
-7.98893976308 0.597051
-7.48963266987 0.59189
-6.9903253578 0.601616
-6.49101782687 0.578054
-5.99171007705 0.552666
-5.49240210833 0.53994
-4.99309392069 0.524174
-4.49378551411 0.507856
-3.99447688859 0.494892
-3.49516804409 0.465455
-2.99585898061 0.420459
-2.49654969811 0.378667
-1.9972401966 0.33048
-1.49793047605 0.255646
-0.998620536447 0.174572
-0.499310377768 0.104751
0 0.0733034
0.499310596875 0.0536755
0.998621412876 0.0447892
1.49793244802 0.0402833
1.99724370232 0.033759
2.49655517579 0.0263011
2.99586686846 0.0200674
3.49517878034 0.0162383
3.99449091144 0.0119534
4.49380326178 0.00732129
4.99311583139 0.00329677
5.49242862028 0
5.99174162846 0.0301782
6.49105485595 0.0951771
6.99036830277 0.184097
7.48968196893 0.262199
7.98899585446 0.31904
8.48830995937 0.344271
8.98762428367 0.358602
9.48693882739 0.341071
9.98625359054 0.343171
10.4855685731 0.373757
10.9848837752 0.399492
11.4841991967 0.411641
11.9835148378 0.432714
12.4828306983 0.50338
12.9821467784 0.610545
13.4814630781 0.711654
13.9807795973 0.798455
14.480096336 0.88305
14.9794132944 0.984612
15.4787304724 1.10776
15.9780478701 1.22065
16.4773654874 1.28457
16.9766833243 1.29552
17.476001381 1.28431
17.9753196573 1.22849
18.4746381534 1.19585
18.9739568692 1.22502
19.4732758047 1.28479
19.97259496 1.2762
20.4719143351 1.22208
20.97123393 1.2044
21.4705537448 1.18203
21.9698737793 1.13198
22.4691940338 1.10075
22.968514508 1.05814
23.4678352022 0.995995
23.9671561163 0.922986
24.4664772503 0.862836
24.9657986042 0.854587
