-24.9783348072 1.34809
-24.4787727936 1.42289
-23.9792105891 1.43554
-23.4796481936 1.43724
-22.9800856071 1.44992
-22.4805228296 1.45794
-21.9809598612 1.34277
-21.4813967017 1.19222
-20.9818333512 1.05233
-20.4822698097 0.997414
-19.9827060772 0.972299
-19.4831421536 0.909329
-18.9835780389 0.899996
-18.4840137332 0.823028
-17.9844492364 0.71424
-17.4848845485 0.628523
-16.9853196695 0.586761
-16.4857545994 0.573993
-15.9861893381 0.605525
-15.4866238857 0.620438
-14.9870582422 0.644773
-14.4874924075 0.656302
-13.9879263817 0.655323
-13.4883601647 0.660442
-12.9887937564 0.661603
-12.489227157 0.634533
-11.9896603664 0.597708
-11.4900933845 0.540337
-10.9905262114 0.505532
-10.4909588471 0.475158
-9.99139129153 0.435116
-9.49182354469 0.395132
-8.99225560656 0.365336
-8.49268747715 0.350162
-7.99311915644 0.33481
-7.49355064443 0.313527
-6.9939819411 0.267912
-6.49441304644 0.198618
-5.99484396043 0.126867
-5.49527468308 0.0877175
-4.99570521437 0.0716094
-4.49613555428 0.0656844
-3.99656570281 0.0610578
-3.49699565995 0.0480014
-2.99742542568 0.0334875
-2.497855 0.0438855
-1.99828438289 0.0453114
-1.49871357435 0.0359673
-0.999142574362 0.0196829
-0.499571382915 0.0212265
0 0.0239124
0.499571574393 0.00561934
0.999143340275 0
1.49871529766 0.0124367
1.99828744655 0.0230782
2.49785978696 0.0287009
2.99743231891 0.031581
3.4970050424 0.0459145
3.99657795744 0.0536719
4.49615106404 0.0544645
4.99572436222 0.0577443
5.49529785199 0.0694482
5.99487153334 0.0781653
6.49444540631 0.0977385
6.99401947089 0.117228
7.4935937271 0.148595
7.99316817495 0.206853
8.49274281444 0.270019
8.99231764559 0.332347
9.49189266842 0.406108
9.99146788292 0.426023
10.4910432891 0.461569
10.990618887 0.502017
11.4901946766 0.540263
11.9897706579 0.576827
12.489346831 0.617928
12.9889231958 0.66541
13.4884997524 0.713191
13.9880765007 0.742853
14.4876534408 0.750896
14.9872305727 0.758895
15.4868078963 0.72573
15.9863854118 0.693836
16.4859631191 0.688662
16.9855410182 0.690025
17.4851191092 0.688345
17.984697392 0.688145
18.4842758667 0.70163
18.9838545332 0.722549
19.4834333917 0.755791
19.983012442 0.80401
20.4825916842 0.86641
20.9821711183 0.917829
21.4817507443 1.02129
21.9813305623 1.1364
22.4809105722 1.22581
22.9804907741 1.28236
23.4800711679 1.32157
23.9796517537 1.38691
24.4792325315 1.43511
24.9788135013 1.40072
