-24.9320336646 0.708602
-24.4333997964 0.685956
-23.9347656509 0.665489
-23.4361312283 0.635023
-22.9374965283 0.598929
-22.438861551 0.585725
-21.9402262963 0.588662
-21.4415907643 0.606347
-20.9429549548 0.622635
-20.4443188679 0.642148
-19.9456825035 0.669242
-19.4470458615 0.716485
-18.948408942 0.730835
-18.4497717449 0.72276
-17.9511342702 0.669238
-17.4524965179 0.648753
-16.9538584878 0.661438
-16.45522018 0.666319
-15.9565815945 0.658563
-15.4579427312 0.64648
-14.95930359 0.632885
-14.460664171 0.614855
-13.9620244741 0.602997
-13.4633844993 0.590167
-12.9647442465 0.580982
-12.4661037157 0.567821
-11.9674629069 0.550098
-11.46882182 0.530172
-10.970180455 0.51447
-10.4715388119 0.506449
-9.97289689067 0.501619
-9.47425469121 0.489946
-8.97561221353 0.473962
-8.47696945759 0.466241
-7.97832642335 0.454889
-7.47968311078 0.41782
-6.98103951985 0.371715
-6.48239565052 0.327419
-5.98375150277 0.275108
-5.48510707655 0.221481
-4.98646237183 0.175566
-4.48781738858 0.140072
-3.98917212677 0.118771
-3.49052658637 0.10904
-2.99188076733 0.100306
-2.49323466963 0.0281814
-1.99458829323 0.0083183
-1.4959416381 0.00637929
-0.997294704211 0.0173144
-0.498647491521 0.0264863
0 0.0333369
0.498647770386 0.0364692
0.997295819669 0.0349405
1.49594414788 0.0275199
1.99459275506 0.017515
2.49324164124 0.0090435
2.99189080645 0.000315445
3.49054025072 0
3.98918997409 0.0026795
4.48783997659 0.00278509
4.98649025826 0.014348
5.48514081912 0.0523003
5.98379165922 0.101676
6.48244277858 0.163423
6.98109417724 0.226457
7.47974585523 0.290538
7.97839781258 0.335845
8.47705004933 0.386717
8.97570256552 0.455566
9.47435536116 0.50568
9.97300843631 0.536321
10.471661791 0.556863
10.9703154252 0.568545
11.4689693391 0.582273
11.9676235325 0.606828
12.4662780057 0.639455
12.9649327585 0.69955
13.4635877911 0.771742
13.9622431034 0.747615
14.4608986955 0.703738
14.9595545675 0.650881
15.4582107193 0.670984
15.956867151 0.724855
16.4555238626 0.733039
16.9541808542 0.761493
17.4528381258 0.857485
17.9514956775 0.967019
18.4501535091 1.08828
18.9488116209 1.11191
19.4474700129 1.08683
19.9461286849 1.00584
20.4447876372 0.83137
20.9434468697 0.704618
21.4421063825 0.644423
21.9407661755 0.552956
22.4394262489 0.495545
22.9380866027 0.45553
23.4367472368 0.372387
23.9354081514 0.258413
24.4340693464 0.164781
24.9327308219 0.10194
