-25.0026676482 0.702687
-24.5026196157 0.685644
-24.002571366 0.656219
-23.5025228992 0.680443
-23.0024742151 0.691324
-22.5024253139 0.750091
-22.0023761955 0.79975
-21.50232686 0.79253
-21.0022773072 0.756112
-20.5022275373 0.76007
-20.0021775502 0.767351
-19.502127346 0.784671
-19.0020769246 0.801454
-18.502026286 0.815728
-18.0019754302 0.824398
-17.5019243573 0.812447
-17.0018730672 0.784701
-16.50182156 0.751489
-16.0017698356 0.762116
-15.501717894 0.762319
-15.0016657353 0.815228
-14.5016133594 0.811523
-14.0015607664 0.796208
-13.5015079561 0.794637
-13.0014549288 0.780933
-12.5014016843 0.750232
-12.0013482226 0.736155
-11.5012945438 0.732787
-11.0012406478 0.738954
-10.5011865347 0.73494
-10.0011322045 0.725222
-9.50107765704 0.720144
-9.00102289249 0.717546
-8.50096791079 0.721488
-8.00091271194 0.744741
-7.50085729596 0.664692
-7.00080166283 0.463142
-6.50074581256 0.323585
-6.00068974516 0.248511
-5.50063346062 0.193111
-5.00057695894 0.117045
-4.50052024013 0.0305969
-4.00046330419 0.00400349
-3.50040615111 0
-3.00034878091 0.021755
-2.50029119357 0.0239004
-2.00023338911 0.0654103
-1.50017536752 0.160643
-1.0001171288 0.276487
-0.500058672962 0.356472
0 0.418313
0.500058890084 0.474564
1.00011799729 0.499477
1.50017732161 0.527531
2.00023686305 0.54057
2.5002966216 0.522634
3.00035659727 0.532191
3.50041679006 0.580157
4.00047719995 0.596278
4.50053782696 0.618745
5.00059867107 0.643613
5.50065973229 0.6607
6.00072101062 0.659163
6.50078250606 0.658335
7.0008442186 0.660757
7.50090614824 0.670542
8.00096829498 0.693798
8.50103065882 0.716765
9.00109323976 0.732024
9.50115603779 0.739307
10.0012190529 0.753431
10.5012822851 0.758806
11.0013457345 0.760015
11.5014094009 0.772407
12.0014732844 0.786528
12.5015373849 0.790729
13.0016017026 0.780279
13.5016662374 0.778504
14.0017309892 0.793425
14.5017959581 0.803783
15.0018611441 0.809954
15.5019265472 0.80444
16.0019921674 0.788563
16.5020580046 0.802437
17.0021240589 0.812329
17.5021903303 0.812236
18.0022568187 0.807325
18.5023235243 0.806273
19.0023904469 0.803475
19.5024575865 0.786045
20.0025249433 0.780711
20.502592517 0.784017
21.0026603079 0.791851
21.5027283158 0.809004
22.0027965408 0.810379
22.5028649828 0.800803
23.0029336419 0.784778
23.503002518 0.779758
24.0030716112 0.817798
24.5031409215 0.816757
25.0032104488 0.783876
