-25.0000215494 0.0180539
-24.5000267181 0.0192931
-24.0000316583 0.0223384
-23.5000363699 0.0312193
-23.0000408529 0.0463236
-22.5000451074 0.0660993
-22.0000491334 0.0698012
-21.5000529307 0.0637101
-21.0000564995 0.0495779
-20.5000598398 0.0399385
-20.0000629515 0.0404638
-19.5000658346 0.0403176
-19.0000684892 0.0295404
-18.5000709152 0.0213521
-18.0000731127 0.0141521
-17.5000750816 0.00844589
-17.000076822 0
-16.5000783337 0.00623505
-16.000079617 0.022802
-15.5000806716 0.0385902
-15.0000814977 0.0513927
-14.5000820953 0.071754
-14.0000824643 0.0513766
-13.5000826047 0.0473726
-13.0000825166 0.0694579
-12.5000821999 0.136485
-12.0000816546 0.261441
-11.5000808808 0.400128
-11.0000798784 0.514768
-10.5000786475 0.65802
-10.000077188 0.730984
-9.50007549991 0.757885
-9.00007358329 0.795879
-8.50007143811 0.800905
-8.00006906436 0.781276
-7.50006646205 0.737467
-7.00006363118 0.726002
-6.50006057175 0.765062
-6.00005728376 0.758013
-5.5000537672 0.728854
-5.00005002208 0.674235
-4.50004604841 0.576199
-4.00004184616 0.459784
-3.50003741536 0.352799
-3.00003275599 0.237464
-2.50002786807 0.196559
-2.00002275158 0.237603
-1.50001740653 0.256352
-1.00001183291 0.266945
-0.500006030738 0.25984
0 0.264355
0.500006259299 0.295935
1.00001274716 0.311306
1.50001946359 0.325159
2.00002640857 0.346063
2.50003358212 0.357317
3.00004098423 0.383606
3.5000486149 0.420109
4.00005647414 0.470719
4.50006456193 0.506515
5.00007287829 0.535101
5.50008142321 0.568154
6.00009019669 0.603373
6.50009919873 0.618683
7.00010842933 0.615072
7.5001178885 0.614191
8.00012757622 0.584922
8.50013749251 0.576937
9.00014763736 0.546074
9.50015801076 0.56789
10.0001686127 0.576974
10.5001794433 0.608095
11.0001905024 0.516128
11.50020179 0.466172
12.0002133062 0.507927
12.500225051 0.529079
13.0002370243 0.486296
13.5002492262 0.455202
14.0002616567 0.459947
14.5002743157 0.482944
15.0002872032 0.490549
15.5003003194 0.498362
16.000313664 0.50908
16.5003272373 0.516807
17.0003410391 0.55005
17.5003550695 0.605382
18.0003693284 0.636351
18.5003838159 0.633096
19.0003985319 0.633051
19.5004134765 0.639285
20.0004286496 0.629036
20.5004440513 0.613478
21.0004596816 0.608509
21.5004755404 0.610094
22.0004916278 0.60237
22.5005079437 0.585924
23.0005244882 0.545389
23.5005412613 0.508513
24.0005582628 0.492699
24.500575493 0.480075
25.0005929517 0.476785
