-25.028028799 0.454372
-24.5274652636 0.473495
-24.0269018488 0.508225
-23.5263385545 0.557652
-23.0257753809 0.612114
-22.5252123278 0.660815
-22.0246493954 0.671233
-21.5240865837 0.721123
-21.0235238925 0.771439
-20.5229613221 0.826252
-20.0223988723 0.866758
-19.5218365433 0.90227
-19.0212743349 0.939452
-18.5207122473 0.972912
-18.0201502804 0.988737
-17.5195884342 1.00349
-17.0190267089 1.03017
-16.5184651043 1.06039
-16.0179036205 1.08872
-15.5173422575 1.09472
-15.0167810153 1.00357
-14.5162198939 0.898714
-14.0156588934 0.789527
-13.5150980138 0.674025
-13.0145372551 0.567148
-12.5139766172 0.462518
-12.0134161002 0.353224
-11.5128557042 0.281679
-11.0122954291 0.229436
-10.5117352749 0.187613
-10.0111752417 0.150626
-9.51061532945 0.114603
-9.0100555382 0.0865304
-8.50949586795 0.0749216
-8.00893631871 0.0688492
-7.5083768905 0.0656497
-7.00781758333 0.0654225
-6.50725839722 0.0709801
-6.00669933217 0.0748073
-5.50614038821 0.0734446
-5.00558156534 0.0675015
-4.50502286358 0.0582683
-4.00446428295 0.0457905
-3.50390582346 0.0336942
-3.00334748511 0.0228386
-2.50278926794 0.0118402
-2.00223117194 0.00419023
-1.50167319713 0
-1.00111534353 0.000868006
-0.500557611147 0.00844047
0 0.0204824
0.5005574899 0.0355308
1.00111485854 0.0565
1.5016721059 0.0804094
2.00222923198 0.104483
2.50278623675 0.129331
3.00334312021 0.152652
3.50389988233 0.173771
4.00445652312 0.189997
4.50501304254 0.203776
5.0055694406 0.215858
5.50612571727 0.228207
6.00668187254 0.240581
6.5072379064 0.254976
7.00779381884 0.269547
7.50834960984 0.285099
8.00890527938 0.300733
8.50946082746 0.31665
9.01001625405 0.331601
9.51057155916 0.345847
10.0111267428 0.358917
10.5116818048 0.370684
11.0122367454 0.379698
11.5127915644 0.386159
12.0133462618 0.391277
12.5139008376 0.397598
13.0144552919 0.406359
13.5150096246 0.417107
14.0155638356 0.427121
14.516117925 0.437065
15.0166718928 0.447046
15.5172257389 0.456619
16.0177794633 0.465192
16.5183330661 0.473857
17.0188865471 0.480802
17.5194399065 0.487496
18.0199931441 0.495847
18.52054626 0.509125
19.0210992541 0.529853
19.5216521265 0.558384
20.0222048771 0.59076
20.5227575058 0.62641
21.0233100128 0.662334
21.523862398 0.697877
22.0244146613 0.729698
22.5249668028 0.751154
23.0255188224 0.761813
23.5260707201 0.759639
24.026622496 0.741914
24.5271741499 0.716311
25.027725682 0.686955
