-24.9808698892 0.355921
-24.4812456871 0.362425
-23.9816217629 0.366118
-23.4819981165 0.338055
-22.9823747481 0.319365
-22.4827516574 0.322069
-21.9831288446 0.325066
-21.4835063097 0.327303
-20.9838840525 0.360318
-20.4842620732 0.392249
-19.9846403717 0.413159
-19.485018948 0.420643
-18.9853978021 0.437649
-18.4857769339 0.465443
-17.9861563435 0.524469
-17.4865360308 0.567631
-16.986915996 0.563612
-16.4872962388 0.553511
-15.9876767594 0.537067
-15.4880575576 0.529713
-14.9884386336 0.521628
-14.4888199873 0.515697
-13.9892016187 0.491447
-13.4895835278 0.472054
-12.9899657145 0.462908
-12.4903481789 0.440408
-11.9907309209 0.4231
-11.4911139406 0.399712
-10.9914972379 0.383579
-10.4918808129 0.368996
-9.99226466542 0.374579
-9.49264879557 0.437317
-8.99303320332 0.476721
-8.49341788864 0.446446
-7.99380285154 0.389317
-7.494188092 0.287584
-6.99457361002 0.249031
-6.49495940558 0.239744
-5.99534547868 0.217641
-5.4957318293 0.179491
-4.99611845744 0.147757
-4.49650536308 0.167593
-3.99689254621 0.183286
-3.49728000684 0.184247
-2.99766774494 0.191273
-2.49805576051 0.209528
-1.99844405353 0.221001
-1.498832624 0.196292
-0.99922147191 0.141995
-0.499610597246 0.0941912
0 0.0517504
0.499610319839 0.0509086
0.999220362278 0.0356261
1.49883012733 0.0210922
1.998439615 0.00957677
2.4980488253 0
2.99765775825 0.00458288
3.49726641384 0.0324593
3.9968747921 0.0756802
4.49648289303 0.116423
4.99609071663 0.126952
5.49569826293 0.17792
5.99530553193 0.236258
6.49491252363 0.411957
6.99451923806 0.480776
7.49412567522 0.523273
7.99373183511 0.55891
8.49333771775 0.583086
8.99294332316 0.623111
9.49254865133 0.618699
9.99215370228 0.594006
10.491758476 0.570945
10.9913629726 0.53423
11.4909671919 0.524844
11.9905711341 0.535441
12.4901747991 0.544385
12.9897781869 0.55947
13.4893812976 0.598531
13.9889841311 0.649325
14.4885866875 0.667643
14.9881889668 0.686588
15.487790969 0.690919
15.9873926941 0.690178
16.4869941421 0.67962
16.986595313 0.672465
17.4861962068 0.655805
17.9857968236 0.640995
18.4853971633 0.629913
18.984997226 0.620704
19.4845970116 0.618296
19.9841965202 0.623763
20.4837957519 0.636405
20.9833947065 0.65441
21.4829933841 0.660138
21.9825917847 0.636733
22.4821899084 0.616657
22.9817877551 0.613335
23.4813853249 0.615374
23.9809826177 0.621691
24.4805796336 0.633594
24.9801763725 0.636588
