-24.9813066519 0.468713
-24.4816737014 0.513123
-23.9820410292 0.58376
-23.4824086355 0.62171
-22.9827765202 0.619973
-22.4831446832 0.639026
-21.9835131246 0.653724
-21.4838818444 0.650053
-20.9842508426 0.641324
-20.4846201191 0.624971
-19.9849896739 0.612665
-19.4853595071 0.602831
-18.9857296186 0.600525
-18.4861000084 0.613155
-17.9864706765 0.622024
-17.486841623 0.641414
-16.9872128477 0.665148
-16.4875843506 0.688012
-15.9879561319 0.724882
-15.4883281914 0.739888
-14.9887005291 0.721697
-14.4890731451 0.688712
-13.9894460393 0.673667
-13.4898192117 0.675536
-12.9901926624 0.675507
-12.4905663912 0.662275
-11.9909403983 0.657807
-11.4913146835 0.655032
-10.9916892469 0.624296
-10.4920640884 0.56245
-9.99243920813 0.47009
-9.49281460598 0.415611
-8.99319028196 0.40487
-8.49356623608 0.404632
-7.9939424683 0.386594
-7.49431897864 0.360746
-6.99469576707 0.315908
-6.49507283359 0.262727
-5.99545017819 0.221968
-5.49582780085 0.194586
-4.99620570158 0.176744
-4.49658388035 0.158272
-3.99696233717 0.143457
-3.49734107202 0.124838
-2.99772008488 0.0974799
-2.49809937576 0.0988491
-1.99847894464 0.123633
-1.49885879152 0.148748
-0.999238916375 0.140316
-0.499619319206 0.127368
0 0.114495
0.499619041251 0.0990936
0.999237804557 0.100095
1.49885628993 0.0877011
1.99847449737 0.0575227
2.4980924269 0.0211206
2.99771007853 0
3.49732745225 0.000546441
3.99694454809 0.0375053
4.49656136605 0.133026
4.99617790614 0.208404
5.49579416838 0.217096
5.99541015277 0.193879
6.49502585931 0.161593
6.99464128803 0.13486
7.49425643893 0.0859717
7.99387131202 0.0458832
8.4934859073 0.0353329
8.9931002248 0.0322824
9.49271426452 0.0322416
9.99232802646 0.0379922
10.4919415106 0.0488619
10.9915547171 0.0688673
11.4911676458 0.10248
11.9907802967 0.158727
12.49039267 0.247707
12.9900047655 0.351592
13.4896165833 0.434915
13.9892281234 0.479685
14.4888393859 0.525106
14.9884503706 0.548827
15.4880610777 0.541321
15.9876715072 0.512978
16.487281659 0.394557
16.9868915331 0.340985
17.4865011297 0.3458
17.9861104486 0.331908
18.4857194899 0.32026
18.9853282537 0.302471
19.4849367398 0.300466
19.9845449484 0.302694
20.4841528794 0.294647
20.9837605328 0.296511
21.4833679087 0.329969
21.9829750071 0.368903
22.4825818279 0.383887
22.9821883712 0.38236
23.481794637 0.354103
23.9814006253 0.317188
24.4810063362 0.294909
24.9806117695 0.313549
