-25.0001665439 0.947349
-24.5001688241 0.845088
-24.0001708752 0.699326
-23.5001726972 0.649759
-23.0001742903 0.611857
-22.5001756543 0.546188
-22.0001767894 0.501805
-21.5001776954 0.495171
-21.0001783724 0.491523
-20.5001788203 0.496591
-20.0001790393 0.508762
-19.5001790292 0.531557
-19.0001787901 0.554047
-18.500178322 0.577876
-18.0001776249 0.601478
-17.5001766987 0.618632
-17.0001755435 0.633411
-16.5001741593 0.64008
-16.0001725461 0.636673
-15.5001707039 0.660996
-15.0001686326 0.683041
-14.5001663323 0.70189
-14.000163803 0.721488
-13.5001610447 0.742975
-13.0001580574 0.745595
-12.500154841 0.711674
-12.0001513956 0.730974
-11.5001477212 0.770595
-11.0001438178 0.742709
-10.5001396853 0.661012
-10.0001353239 0.579744
-9.50013073339 0.533365
-9.00012591387 0.550525
-8.50012086534 0.569878
-8.00011558779 0.555266
-7.50011008121 0.517753
-7.00010434561 0.44435
-6.50009838099 0.331721
-6.00009218735 0.25431
-5.50008576469 0.185668
-5.00007911301 0.0525037
-4.5000722323 0
-4.00006512257 0.000889131
-3.50005778383 0.00897306
-3.00005021606 0.0233164
-2.50004241927 0.0265118
-2.00003439345 0.0255846
-1.50002613862 0.033288
-1.00001765477 0.0379983
-0.500008941895 0.0397742
0 0.0397895
0.500009170916 0.0357342
1.00001857085 0.0190274
1.50002819981 0.0321207
2.00003805779 0.0763444
2.50004814479 0.123487
3.0000584608 0.163158
3.50006900584 0.157916
4.0000797799 0.146733
4.50009078298 0.139086
5.00010201507 0.134931
5.50011347619 0.135118
6.00012516633 0.129596
6.50013708548 0.118272
7.00014923366 0.106664
7.50016161085 0.0987249
8.00017421707 0.100801
8.5001870523 0.109076
9.00020011655 0.127031
9.50021340981 0.176948
10.0002269321 0.208862
10.5002406834 0.189743
11.0002546637 0.206627
11.5002688731 0.250072
12.0002833114 0.275698
12.5002979788 0.226869
13.0003128752 0.224778
13.5003280006 0.224764
14.000343355 0.222695
14.5003589385 0.234618
15.0003747509 0.254159
15.5003907924 0.256499
16.0004070629 0.279357
16.5004235624 0.288919
17.0004402909 0.29653
17.5004572484 0.282238
18.0004744349 0.28646
18.5004918505 0.304589
19.0005094951 0.316894
19.5005273687 0.325152
20.0005454713 0.333792
20.5005638029 0.342891
21.0005823635 0.328026
21.5006011531 0.324782
22.0006201718 0.321484
22.5006394194 0.31662
23.0006588961 0.316977
23.5006786018 0.32398
24.0006985365 0.329036
24.5007187002 0.334152
25.0007390929 0.338471
