-25.0229706432 0.528919
-24.5225147694 0.564948
-24.022058751 0.599662
-23.5216025879 0.61282
-23.0211462802 0.617856
-22.5206898279 0.630426
-22.0202332311 0.650577
-21.5197764896 0.661024
-21.0193196036 0.675111
-20.5188625731 0.666601
-20.018405398 0.665799
-19.5179480784 0.67825
-19.0174906142 0.67018
-18.5170330056 0.668805
-18.0165752525 0.653322
-17.5161173548 0.653011
-17.0156593127 0.702276
-16.5152011262 0.720378
-16.0147427951 0.734561
-15.5142843197 0.745466
-15.0138256998 0.708582
-14.5133669355 0.669896
-14.0129080268 0.717109
-13.5124489737 0.695711
-13.0119897762 0.666622
-12.5115304344 0.633745
-12.0110709481 0.587178
-11.5106113176 0.524871
-11.0101515427 0.497218
-10.5096916234 0.464719
-10.0092315599 0.438342
-9.50877135203 0.375423
-9.00831099989 0.285456
-8.50785050346 0.193528
-8.00738986276 0.109532
-7.5069290778 0.0518773
-7.00646814859 0.00788725
-6.50600707515 0
-6.00554585748 0.0169351
-5.5050844956 0.0361851
-5.00462298951 0.0481016
-4.50416133923 0.0597494
-4.00369954478 0.0764329
-3.50323760615 0.0975236
-3.00277552337 0.120629
-2.50231329644 0.133559
-2.00185092538 0.137674
-1.50138841019 0.135446
-1.00092575089 0.127308
-0.500462947489 0.129034
0 0.139028
0.500463091567 0.113617
1.0009263272 0.11942
1.50138970689 0.157783
2.00185323062 0.192034
2.50231689839 0.213359
3.00278071017 0.249317
3.50324466597 0.290037
4.00370876576 0.291719
4.50417300954 0.300481
5.0046373973 0.289619
5.50510192902 0.278865
6.00556660469 0.276815
6.5060314243 0.268717
7.00649638785 0.246254
7.50696149531 0.213928
8.00742674668 0.203947
8.50789214194 0.179679
9.00835768109 0.154818
9.50882336411 0.169937
10.009289191 0.19131
10.5097551617 0.205357
11.0102212763 0.211921
11.5106875347 0.207146
12.0111539369 0.240927
12.5116204829 0.263897
13.0120871727 0.28218
13.5125540063 0.28938
14.0130209837 0.295443
14.5134881048 0.298385
15.0139553697 0.302981
15.5144227783 0.316798
16.0148903306 0.347987
16.5153580266 0.363782
17.0158258664 0.371408
17.5162938498 0.362215
18.0167619769 0.363142
18.5172302477 0.364333
19.0176986621 0.365809
19.5181672202 0.367764
20.0186359219 0.386915
20.5191047672 0.414425
21.0195737561 0.434126
21.5200428887 0.450886
22.0205121648 0.464512
22.5209815845 0.462579
23.0214511477 0.450882
23.5219208545 0.433007
24.0223907048 0.394959
24.5228606987 0.372303
25.0233308361 0.387972
