94.2380012377	-34.7173934873	-24.981376213	328.062910592	-4367.46887837
94.2351075373	-34.7135775034	-24.4817418646	328.062910592	-4402.32511958
94.232214104	-34.7097614512	-23.9821077948	328.064558559	-4417.15521297
94.2293209376	-34.7059453306	-23.4824740038	328.066206216	-4441.01510286
94.2264280382	-34.7021291416	-22.9828404914	328.067853562	-4458.5785198
94.2235354056	-34.6983128842	-22.4832072577	328.069500599	-4452.10570375
94.2206430398	-34.6944965585	-21.9835743026	328.071147324	-4423.05296449
94.2177509407	-34.6906801644	-21.4839416262	328.072793739	-4399.98133935
94.2148591083	-34.6868637021	-20.9843092284	328.074439845	-4383.5073864
94.2119675425	-34.6830471715	-20.4846771092	328.07608564	-4352.290538
94.2090762433	-34.6792305726	-19.9850452687	328.077731125	-4296.87362339
94.2061852105	-34.6754139054	-19.4854137067	328.0793763	-4257.39969461
94.2032944443	-34.67159717	-18.9857824233	328.081021164	-4229.81556477
94.2004039444	-34.6677803663	-18.4861514185	328.082665719	-4263.21742917
94.1975137108	-34.6639634944	-17.9865206923	328.084309964	-4261.42351899
94.1946237435	-34.6601465544	-17.4868902447	328.085953899	-4254.5374977
94.1917340424	-34.6563295461	-16.9872600756	328.087597525	-4275.68519747
94.1888446075	-34.6525124697	-16.487630185	328.08924084	-4329.95868051
94.1859554387	-34.6486953251	-15.988000573	328.090883846	-4332.78385638
94.1830665359	-34.6448781124	-15.4883712395	328.092526542	-4314.61980397
94.1801778991	-34.6410608316	-14.9887421846	328.094168929	-4284.81603374
94.1772895283	-34.6372434827	-14.4891134081	328.095811006	-4262.06237176
94.1744014233	-34.6334260657	-13.9894849101	328.097452774	-4255.3072401
94.1715135841	-34.6296085806	-13.4898566907	328.099094232	-4246.11577208
94.1686260107	-34.6257910275	-12.9902287497	328.100735381	-4230.70084844
94.1657387029	-34.6219734064	-12.4906010872	328.10237622	-4224.9149346
94.1628516608	-34.6181557172	-11.9909737031	328.10401675	-4230.91080993
94.1599648843	-34.61433796	-11.4913465975	328.105656971	-4236.46494231
94.1570783733	-34.6105201348	-10.9917197704	328.107296883	-4222.29394842
94.1541921278	-34.6067022416	-10.4920932216	328.108936485	-4173.57866356
94.1513061476	-34.6028842805	-9.99246695133	328.110575779	-4129.38125769
94.1484204329	-34.5990662515	-9.49284095945	328.112214763	-4099.40253395
94.1455349834	-34.5952481545	-8.99321524597	328.113853439	-4076.58321063
94.1426497991	-34.5914299896	-8.49358981089	328.115491805	-4077.30262506
94.1397648801	-34.5876117568	-7.9939646542	328.117129863	-4106.28216179
94.1368802261	-34.5837934561	-7.49433977588	328.118767612	-4138.57301197
94.1339958372	-34.5799750876	-6.99471517593	328.120405052	-4168.7699111
94.1311117134	-34.5761566512	-6.49509085434	328.122042184	-4192.52408128
94.1282278544	-34.572338147	-5.9954668111	328.123679006	-4249.99136072
94.1253442604	-34.568519575	-5.4958430462	328.125315521	-4177.57659545
94.1224609312	-34.5647009351	-4.99621955963	328.126951726	-4085.29245479
94.1195778668	-34.5608822275	-4.49659635137	328.128587623	-4100.41657145
94.1166950671	-34.5570634522	-3.99697342144	328.130223212	-4145.71685074
94.113812532	-34.553244609	-3.4973507698	328.131858492	-4193.07690818
94.1109302616	-34.5494256982	-2.99772839646	328.133493464	-4225.87827759
94.1080482557	-34.5456067196	-2.49810630139	328.135128127	-4268.34939631
94.1051665143	-34.5417876733	-1.99848448461	328.136762483	-4318.09391241
94.1022850373	-34.5379685593	-1.49886294608	328.13839653	-4357.80774571
94.0994038247	-34.5341493777	-0.999241685814	328.140030269	-4387.5792929
94.0965228764	-34.5303301284	-0.499620703789	328.1416637	-4417.19389773
94.0936421924	-34.5265108114	0	328.143296822	-4425.49603717
94.0907617726	-34.5226914269	0.499620425564	328.144929637	-4452.38875343
94.0878816169	-34.5188719747	0.99924057291	328.146562144	-4469.33816888
94.0850017253	-34.5150524549	1.49886044205	328.148194343	-4504.33860183
94.0821220977	-34.5112328676	1.99848003299	328.149826234	-4495.42869503
94.0792427342	-34.5074132127	2.49809934575	328.151457817	-4504.35614681
94.0763636345	-34.5035934902	2.99771838033	328.153089093	-4517.93363022
94.0734847987	-34.4997737002	3.49733713673	328.154720061	-4526.72314928
94.0706062267	-34.4959538427	3.99695561498	328.156350721	-4534.6026527
94.0677279184	-34.4921339177	4.49657381508	328.157981074	-4538.5995704
94.0648498738	-34.4883139253	4.99619173704	328.159611119	-4515.04458457
94.0619720929	-34.4844938653	5.49580938087	328.161240857	-4499.01052692
94.0590945755	-34.4806737379	5.99542674658	328.162870287	-4454.25692678
94.0562173217	-34.4768535431	6.49504383418	328.16449941	-4357.25091727
94.0533403313	-34.4730332809	6.99466064368	328.166128225	-4229.22743131
94.0504636043	-34.4692129512	7.49427717509	328.167756734	-4003.63167308
94.0475871406	-34.4653925542	7.99389342841	328.169384935	-3875.91427225
94.0447109403	-34.4615720898	8.49350940366	328.171012828	-3919.8455303
94.0418350032	-34.457751558	8.99312510085	328.172640415	-4035.60689337
94.0389593292	-34.4539309589	9.49274051999	328.174267695	-4120.82552294
94.0360839184	-34.4501102925	9.99235566108	328.175894668	-4210.13160523
94.0332087706	-34.4462895587	10.4919705241	328.177521333	-4257.08382149
94.0303338858	-34.4424687577	10.9915851092	328.179147692	-4278.59952293
94.027459264	-34.4386478894	11.4911994162	328.180773744	-4315.62316254
94.0245849051	-34.4348269538	11.9908134452	328.182399489	-4270.10119086
94.0217108089	-34.431005951	12.4904271962	328.184024927	-4223.72538619
94.0188369756	-34.427184881	12.9900406693	328.185650059	-4179.98031326
94.015963405	-34.4233637437	13.4896538643	328.187274884	-4139.83340126
94.013090097	-34.4195425393	13.9892667814	328.188899402	-4096.53373758
94.0102170517	-34.4157212677	14.4888794206	328.190523614	-4053.21781034
94.0073442689	-34.4118999289	14.9884917817	328.192147519	-4027.97574998
94.0044717486	-34.4080785229	15.488103865	328.193771118	-4019.32339912
94.0015994907	-34.4042570498	15.9877156703	328.19539441	-4007.29822092
93.9987274952	-34.4004355096	16.4873271977	328.197017396	-3987.37268872
93.995855762	-34.3966139023	16.9869384472	328.198640076	-3980.73827636
93.9929842911	-34.3927922279	17.4865494188	328.20026245	-3977.14408868
93.9901130823	-34.3889704864	17.9861601126	328.201884517	-3955.25528599
93.9872421358	-34.3851486779	18.4857705284	328.203506278	-3919.97608556
93.9843714513	-34.3813268024	18.9853806664	328.205127733	-3978.20740297
93.9815010289	-34.3775048598	19.4849905265	328.206748882	-4036.35878098
93.9786308684	-34.3736828502	19.9846001087	328.208369725	-4073.60114018
93.9757609698	-34.3698607736	20.4842094132	328.209990262	-4120.03751057
93.9728913332	-34.36603863	20.9838184398	328.211610493	-4172.31609581
93.9700219583	-34.3622164195	21.4834271885	328.213230419	-4190.30321943
93.9671528452	-34.358394142	21.9830356595	328.214850038	-4212.02447698
93.9642839937	-34.3545717976	22.4826438527	328.216469352	-4220.15708054
93.9614154039	-34.3507493863	22.982251768	328.21808836	-4216.92985476
93.9585470757	-34.3469269081	23.4818594056	328.219707062	-4199.66161362
93.9556790091	-34.343104363	23.9814667655	328.221325459	-4175.74857046
93.9528112038	-34.339281751	24.4810738475	328.22294355	-4205.29824596
93.94994366	-34.3354590722	24.9806806519	328.224561336	-4216.47382087
