-24.9814457271 0.363073
-24.4818099818 0.350042
-23.9821745154 0.334226
-23.4825393281 0.324886
-22.9829044196 0.330767
-22.4832697901 0.33778
-21.9836354394 0.339856
-21.4840013677 0.342874
-20.9843675749 0.348432
-20.484734061 0.350541
-19.985100826 0.359305
-19.4854678698 0.372818
-18.9858351925 0.388145
-18.486202794 0.421107
-17.9865706744 0.420758
-17.4869388337 0.397185
-16.9873072717 0.396011
-16.4876759886 0.383643
-15.9880449843 0.348813
-15.4884142587 0.327475
-14.988783812 0.324635
-14.489153644 0.324953
-13.9895237548 0.32362
-13.4898941444 0.318876
-12.9902648127 0.299558
-12.4906357598 0.284575
-11.9910069856 0.26999
-11.4913784901 0.290553
-10.9917502733 0.326744
-10.4921223353 0.381309
-9.99249467591 0.431826
-9.49286729523 0.413959
-8.99324019322 0.365171
-8.49361336988 0.325095
-7.9939868252 0.286664
-7.49436055916 0.257645
-6.99473457177 0.230415
-6.495108863 0.205146
-5.99548343285 0.186953
-5.49585828131 0.148955
-4.99623340838 0.124995
-4.49660881404 0.0996494
-3.99698449827 0.0675379
-3.49736046108 0.0231227
-2.99773670246 0.0130093
-2.49811322239 0
-1.99849002086 0.016937
-1.49886709787 0.0487682
-0.999244453397 0.15037
-0.499622087445 0.231461
0 0.301689
0.499621808948 0.295257
0.999243339409 0.273057
1.49886459139 0.242056
1.99848556491 0.201418
2.49810625996 0.156344
2.99772667657 0.128994
3.49734681474 0.116343
3.99696667447 0.107241
4.49658625579 0.0948976
4.99620555869 0.0940052
5.4958245832 0.160051
5.99544332931 0.266996
6.49506179704 0.332012
6.9946799864 0.418731
7.49429789739 0.457471
7.99391553003 0.478341
8.49353288432 0.584614
8.99314996028 0.767925
9.49276675792 0.921771
9.99238327724 0.975879
10.4919995183 0.953591
10.991615481 0.939658
11.4912311654 0.862655
11.9908465716 0.789141
12.4904616995 0.734532
12.9900765491 0.748565
13.4896911205 0.764298
13.9893054136 0.775571
14.4889194285 0.785969
14.9885331652 0.753902
15.4881466237 0.71829
15.987759804 0.704932
16.4873727061 0.692008
16.9869853301 0.686196
17.4865976758 0.674014
17.9862097434 0.658662
18.4858215329 0.632778
18.9854330442 0.607005
19.4850442773 0.576003
19.9846552324 0.554036
20.4842659093 0.52782
20.9838763082 0.527371
21.4834864289 0.510247
21.9830962716 0.509001
22.4827058362 0.519965
22.9823151227 0.52941
23.4819241312 0.526049
23.9815328616 0.511018
24.481141314 0.498693
24.9807494884 0.485968
