-25.0027853727 0.568793
-24.5027349946 0.576618
-24.0026843989 0.588868
-23.5026335856 0.601856
-23.0025825548 0.610196
-22.5025313065 0.606563
-22.0024798407 0.619881
-21.5024281573 0.651877
-21.0023762563 0.687712
-20.5023241379 0.705953
-20.0022718019 0.722092
-19.5022192484 0.750555
-19.0021664773 0.781896
-18.5021134887 0.79894
-18.0020602826 0.812702
-17.502006859 0.833142
-17.0019532178 0.845108
-16.5018993591 0.86734
-16.0018452829 0.894435
-15.5017909892 0.930952
-15.001736478 0.952403
-14.5016817492 0.97315
-14.0016268029 0.997658
-13.5015716391 0.988038
-13.0015162578 1.00079
-12.501460659 0.941275
-12.0014048426 0.870002
-11.5013488088 0.84035
-11.0012925574 0.760928
-10.5012360886 0.678871
-10.0011794022 0.626739
-9.50112249829 0.571579
-9.0010653769 0.480157
-8.501008038 0.355198
-8.00095048161 0.22774
-7.50089270771 0.161865
-7.00083471631 0.0887731
-6.50077650741 0.0356775
-6.00071808102 0
-5.50065943713 0.0224647
-5.00060057575 0.0547829
-4.50054149687 0.082464
-4.0004822005 0.104877
-3.50042268664 0.123722
-3.00036295529 0.132612
-2.50030300646 0.110502
-2.00024284013 0.0999742
-1.50018245632 0.120238
-1.00012185503 0.169661
-0.500061036256 0.21487
0 0.237966
0.500061253735 0.274335
1.00012272495 0.284824
1.50018441364 0.256741
2.00024631981 0.219172
2.50030844345 0.263322
3.00037078456 0.303685
3.50043334314 0.304795
4.0004961192 0.294231
4.50055911272 0.294735
5.00062232371 0.287611
5.50068575217 0.300468
6.00074939808 0.322884
6.50081326147 0.342005
7.00087734231 0.336001
7.50094164061 0.307444
8.00100615637 0.306346
8.50107088959 0.313919
9.00113584027 0.308175
9.50120100839 0.296982
10.001266394 0.283945
10.501331997 0.298176
11.0013978175 0.30986
11.5014638554 0.326294
12.0015301108 0.341709
12.5015965836 0.354797
13.0016632739 0.359896
13.5017301816 0.365054
14.0017973067 0.361278
14.5018646493 0.36003
15.0019322093 0.356783
15.5019999868 0.344585
16.0020679817 0.345199
16.502136194 0.339966
17.0022046237 0.364114
17.5022732709 0.391293
18.0023421355 0.388346
18.5024112176 0.396901
19.002480517 0.390045
19.5025500339 0.381359
20.0026197682 0.371359
20.50268972 0.3885
21.0027598891 0.431
21.5028302757 0.462543
22.0029008796 0.470866
22.502971701 0.46418
23.0030427398 0.428497
23.503113996 0.418823
24.0031854697 0.422234
24.5032571607 0.433611
25.0033290691 0.439922
