-24.9811649814 0.572357
-24.4815348636 0.569468
-23.9819050243 0.569461
-23.4822754634 0.579876
-22.982646181 0.583595
-22.483017177 0.603795
-21.9833884513 0.64057
-21.4837600041 0.633523
-20.9841318352 0.621433
-20.4845039447 0.613279
-19.9848763326 0.583433
-19.4852489989 0.532025
-18.9856219435 0.50011
-18.4859951664 0.483058
-17.9863686676 0.465997
-17.4867424472 0.451301
-16.9871165051 0.458201
-16.4874908413 0.465001
-15.9878654558 0.461191
-15.4882403485 0.43157
-14.9886155196 0.40678
-14.4889909688 0.385016
-13.9893666964 0.383463
-13.4897427022 0.373881
-12.9901189862 0.34271
-12.4904955485 0.32297
-11.9908723889 0.315732
-11.4912495076 0.319973
-10.9916269045 0.35366
-10.4920045795 0.386899
-9.99238253275 0.410109
-9.49276076415 0.468486
-8.99313927371 0.473343
-8.49351806142 0.447314
-7.99389712727 0.419592
-7.49427647125 0.396911
-6.99465609334 0.363066
-6.49503599355 0.318076
-5.99541617186 0.257113
-5.49579662826 0.178619
-4.99617736275 0.143088
-4.4965583753 0.200406
-3.99693966592 0.28154
-3.4973212346 0.422976
-2.99770308131 0.37265
-2.49808520607 0.248943
-1.99846760884 0.0960202
-1.49885028963 0.0238134
-0.999233248428 0.00653354
-0.499616485222 0
0 0.0231033
0.499616207245 0.084261
0.999232136522 0.211303
1.49884778784 0.314826
1.99846316122 0.375884
2.49807825665 0.393178
2.99769307416 0.404373
3.49730761375 0.339248
3.99692187542 0.252102
4.4965358592 0.198102
4.99614956509 0.177696
5.4957629931 0.164717
5.99537614324 0.142825
6.49498901552 0.112039
6.99460160995 0.0810153
7.49421392654 0.0497801
7.9938259653 0.0252017
8.49343772623 0.0318038
8.99304920936 0.0630459
9.49266041468 0.152517
9.99227134221 0.27297
10.491881992 0.409467
10.9914923639 0.529975
11.4911024581 0.584414
11.9907122746 0.614792
12.4903218133 0.62347
12.9899310743 0.59558
13.4895400576 0.563375
13.9891487631 0.534885
14.4887571909 0.515191
14.9883653411 0.535981
15.4879732135 0.560623
15.9875808083 0.570311
16.4871881255 0.583146
16.9867951649 0.558679
17.4864019267 0.49644
17.9860084109 0.478485
18.4856146175 0.472137
18.9852205464 0.470204
19.4848261978 0.461602
19.9844315715 0.434062
20.4840366677 0.411876
20.9836414863 0.384762
21.4832460273 0.37078
21.9828502908 0.373252
22.4824542767 0.36111
22.9820579851 0.355556
23.4816614159 0.371508
23.9812645693 0.382117
24.4808674451 0.389125
24.9804700434 0.389113
