-25.0226944782 0.632377
-24.5222441143 0.631585
-24.0217936064 0.628629
-23.5213429544 0.631428
-23.0208921583 0.639311
-22.5204412182 0.638692
-22.019990134 0.634285
-21.5195389058 0.632576
-21.0190875336 0.645783
-20.5186360174 0.677346
-20.0181843572 0.695805
-19.517732553 0.695047
-19.0172806048 0.67846
-18.5168285127 0.672893
-18.0163762766 0.683294
-17.5159238965 0.688935
-17.0154713726 0.71164
-16.5150187047 0.720286
-16.0145658929 0.728785
-15.5141129373 0.733513
-15.0136598377 0.729366
-14.5132065943 0.754292
-14.012753207 0.752717
-13.5122996758 0.746129
-13.0118460008 0.741279
-12.511392182 0.70374
-12.0109382194 0.673339
-11.510484113 0.641634
-11.0100298627 0.638263
-10.5095754687 0.579884
-10.0091209309 0.467092
-9.50866624937 0.373743
-9.00821142406 0.337823
-8.50775645502 0.311132
-8.00730134225 0.370528
-7.50684608576 0.328994
-7.00639068557 0.205624
-6.50593514168 0.0912972
-6.00547945411 0.0251391
-5.50502362287 0
-5.00456764796 0.0148841
-4.5041115294 0.0167671
-4.00365526721 0.0668035
-3.50319886139 0.135519
-3.00274231195 0.190921
-2.50228561891 0.221655
-2.00182878227 0.209483
-1.50137180205 0.174803
-1.00091467825 0.24743
-0.500457410901 0.312459
0 0.377949
0.500457554438 0.440972
1.0009152524 0.47817
1.50137309389 0.478322
2.00183107887 0.468725
2.50228920735 0.442492
3.00274747931 0.398382
3.50320589474 0.370134
4.00366445363 0.334282
4.50412315597 0.329823
5.00458200175 0.332675
5.50504099095 0.337973
6.00550012356 0.344787
6.50595939958 0.355879
7.00641881899 0.375429
7.50687838178 0.410264
8.00733808793 0.459553
8.50779793745 0.509837
9.00825793031 0.540766
9.50871806651 0.570714
10.009178346 0.595031
10.5096387689 0.608047
11.010099335 0.607448
11.5105600444 0.558246
12.0110208971 0.53863
12.5114818931 0.554552
13.0119430323 0.541764
13.5124043148 0.555189
14.0128657405 0.54078
14.5133273094 0.536856
15.0137890216 0.556831
15.5142508769 0.568865
16.0147128754 0.55714
16.5151750171 0.556467
17.015637302 0.560427
17.51609973 0.560249
18.0165623012 0.552638
18.5170250155 0.558451
19.0174878729 0.571349
19.5179508734 0.53726
20.018414017 0.530942
20.5188773037 0.524617
21.0193407335 0.515119
21.5198043064 0.504111
22.0202680223 0.4904
22.5207318812 0.45758
23.0211958832 0.444437
23.5216600281 0.465526
24.0221243161 0.485221
24.5225887471 0.492502
25.0230533211 0.500667
