94.2939418646	-34.6887085523	-24.9813240465	328.031274978	-4365.03701038
94.2910466053	-34.6848938824	-24.4816907464	328.031274978	-4365.07482495
94.2881516128	-34.681079144	-23.9820577248	328.032922642	-4365.34821284
94.285256887	-34.6772643372	-23.4824249817	328.034569995	-4360.35348196
94.2823624279	-34.6734494619	-22.982792517	328.036217038	-4319.87027378
94.2794682354	-34.6696345183	-22.4831603308	328.03786377	-4312.95994103
94.2765743094	-34.6658195063	-21.983528423	328.039510193	-4289.05697097
94.27368065	-34.6620044259	-21.4838967936	328.041156305	-4260.57233806
94.270787257	-34.6581892771	-20.9842654427	328.042802108	-4225.29295681
94.2678941304	-34.65437406	-20.4846343702	328.0444476	-4169.55369072
94.2650012701	-34.6505587746	-19.9850035761	328.046092782	-4131.50657955
94.2621086761	-34.6467434208	-19.4853730604	328.047737655	-4115.59277056
94.2592163483	-34.6429279988	-18.9857428231	328.049382217	-4098.43757857
94.2563242866	-34.6391125085	-18.4861128642	328.05102647	-4078.58300657
94.2534324911	-34.6352969499	-17.9864831836	328.052670413	-4090.04971555
94.2505409615	-34.6314813231	-17.4868537814	328.054314046	-4114.52376265
94.247649698	-34.6276656281	-16.9872246576	328.05595737	-4133.97313649
94.2447587004	-34.6238498648	-16.4875958121	328.057600384	-4140.8314528
94.2418679687	-34.6200340333	-15.9879672449	328.059243089	-4140.95584189
94.2389775027	-34.6162181337	-15.4883389561	328.060885484	-4121.52068056
94.2360873026	-34.6124021659	-14.9887109456	328.062527569	-4122.09536175
94.2331973681	-34.6085861299	-14.4890832134	328.064169346	-4115.50767883
94.2303076992	-34.6047700258	-13.9894557594	328.065810813	-4081.98631669
94.227418296	-34.6009538536	-13.4898285838	328.06745197	-4044.32372773
94.2245291582	-34.5971376133	-12.9902016865	328.069092818	-4022.84661369
94.2216402859	-34.5933213049	-12.4905750674	328.070733358	-4021.83816304
94.2187516791	-34.5895049284	-11.9909487266	328.072373588	-4049.32485404
94.2158633375	-34.5856884839	-11.491322664	328.074013509	-4060.98514187
94.2129752613	-34.5818719714	-10.9916968796	328.075653121	-4083.79995407
94.2100874503	-34.5780553908	-10.4920713735	328.077292424	-4074.06589358
94.2071999045	-34.5742387422	-9.99244614566	328.078931418	-4043.21338861
94.2043126238	-34.5704220256	-9.49282119599	328.080570103	-4104.96217874
94.2014256081	-34.5666052411	-8.99319652452	328.082208479	-4181.10089833
94.1985388575	-34.5627883886	-8.49357213125	328.083846547	-4227.81875347
94.1956523718	-34.5589714681	-7.99394801616	328.085484306	-4255.45357313
94.192766151	-34.5551544797	-7.49432417925	328.087121756	-4282.20523681
94.189880195	-34.5513374234	-6.9947006205	328.088758898	-4315.36097707
94.1869945039	-34.5475202992	-6.4950773399	328.090395731	-4341.15129238
94.1841090774	-34.5437031072	-5.99545433745	328.092032255	-4376.33145937
94.1812239156	-34.5398858472	-5.49583161314	328.093668471	-4409.73397464
94.1783390184	-34.5360685195	-4.99620916695	328.095304379	-4452.61504788
94.1754543857	-34.5322511239	-4.49658699889	328.096939978	-4540.36341568
94.1725700175	-34.5284336604	-3.99696510893	328.098575269	-4584.95214971
94.1696859138	-34.5246161292	-3.49734349707	328.100210252	-4623.65428106
94.1668020744	-34.5207985302	-2.99772216329	328.101844926	-4653.47491098
94.1639184993	-34.5169808634	-2.4981011076	328.103479293	-4676.61902993
94.1610351885	-34.5131631289	-1.99848032998	328.105113351	-4669.57562347
94.158152142	-34.5093453267	-1.49885983042	328.106747101	-4646.68579391
94.1552693595	-34.5055274567	-0.999239608908	328.108380544	-4624.13296133
94.1523868411	-34.501709519	-0.499619665438	328.110013678	-4610.24112238
94.1495045868	-34.4978915136	0	328.111646504	-4603.68609805
94.1466225965	-34.4940734406	0.499619387415	328.113279023	-4604.25799786
94.14374087	-34.4902552999	0.999238496818	328.114911234	-4617.69899799
94.1408594074	-34.4864370915	1.49885732822	328.116543136	-4645.1618628
94.1379782087	-34.4826188156	1.99847588162	328.118174732	-4667.07159206
94.1350972736	-34.478800472	2.49809415704	328.11980602	-4703.54257845
94.1322166023	-34.4749820608	2.99771215449	328.121437	-4751.41143
94.1293361946	-34.4711635821	3.49732987397	328.123067672	-4787.42342274
94.1264560504	-34.4673450358	3.9969473155	328.124698037	-4789.55602602
94.1235761698	-34.4635264219	4.49656447908	328.126328095	-4659.30712866
94.1206965526	-34.4597077405	4.99618136473	328.127957845	-4562.67919641
94.1178171989	-34.4558889916	5.49579797245	328.129587288	-4532.53358941
94.1149381085	-34.4520701752	5.99541430225	328.131216424	-4577.13402185
94.1120592813	-34.4482512914	6.49503035415	328.132845252	-4608.78195615
94.1091807174	-34.44443234	6.99464612815	328.134473774	-4626.86600528
94.1063024167	-34.4406133212	7.49426162426	328.136101988	-4641.1030001
94.1034243791	-34.436794235	7.99387684249	328.137729895	-4629.39151209
94.1005466045	-34.4329750813	8.49349178285	328.139357495	-4615.65298012
94.097669093	-34.4291558603	8.99310644536	328.140984788	-4619.27463282
94.0947918444	-34.4253365718	9.49272083001	328.142611774	-4634.88290177
94.0919148587	-34.421517216	9.99233493683	328.144238454	-4669.06801279
94.0890381358	-34.4176977929	10.4919487658	328.145864826	-4674.8102418
94.0861616757	-34.4138783024	10.991562317	328.147490892	-4649.90149495
94.0832854783	-34.4100587445	11.4911755903	328.149116651	-4612.12017661
94.0804095436	-34.4062391194	11.9907885859	328.150742103	-4560.67270549
94.0775338715	-34.4024194269	12.4904013037	328.152367249	-4499.88755924
94.0746584619	-34.3985996672	12.9900137436	328.153992088	-4406.35609006
94.0717833148	-34.3947798403	13.4896259059	328.15561662	-4318.14443738
94.0689084302	-34.390959946	13.9892377903	328.157240847	-4283.49527285
94.0660338079	-34.3871399846	14.488849397	328.158864766	-4264.98373133
94.063159448	-34.3833199559	14.988460726	328.16048838	-4269.215854
94.0602853503	-34.3794998601	15.4880717772	328.162111687	-4273.19068747
94.0574115148	-34.375679697	15.9876825507	328.163734688	-4241.1575879
94.0545379415	-34.3718594668	16.4872930465	328.165357382	-4179.63048748
94.0516646302	-34.3680391695	16.9869032646	328.166979771	-4142.86783162
94.048791581	-34.364218805	17.486513205	328.168601853	-4118.61338821
94.0459187938	-34.3603983733	17.9861228677	328.17022363	-4135.33861395
94.0430462685	-34.3565778746	18.4857322527	328.1718451	-4189.79058748
94.0401740051	-34.3527573088	18.9853413601	328.173466264	-4232.02525392
94.0373020034	-34.3489366759	19.4849501898	328.175087123	-4271.20664542
94.0344302636	-34.345115976	19.9845587419	328.176707675	-4312.39047506
94.0315587854	-34.341295209	20.4841670163	328.178327922	-4333.73291187
94.0286875688	-34.337474375	20.9837750131	328.179947863	-4386.38694414
94.0258166139	-34.333653474	21.4833827323	328.181567498	-4425.16413924
94.0229459204	-34.329832506	21.9829901739	328.183186828	-4423.01791297
94.0200754885	-34.326011471	22.4825973379	328.184805852	-4396.77730694
94.0172053179	-34.3221903691	22.9822042243	328.186424571	-4336.90331699
94.0143354087	-34.3183692002	23.4818108332	328.188042984	-4315.10606152
94.0114657608	-34.3145479643	23.9814171645	328.189661092	-4318.54835595
94.0085963742	-34.3107266616	24.4810232182	328.191278894	-4344.89506893
94.0057272487	-34.3069052919	24.9806289943	328.192896391	-4396.94572896
