-24.9809548722 0.449232
-24.4813289623 0.47335
-23.9817033306 0.478723
-23.4820779771 0.434537
-22.9824529018 0.414409
-22.4828281048 0.405828
-21.9832035858 0.404096
-21.4835793451 0.398358
-20.9839553825 0.391251
-20.484331698 0.383236
-19.9847082917 0.372098
-19.4850851635 0.391203
-18.9854623134 0.380447
-18.4858397414 0.353273
-17.9862174475 0.34504
-17.4865954317 0.336135
-16.986973694 0.324764
-16.4873522344 0.32507
-15.9877310528 0.364201
-15.4881101493 0.426736
-14.9884895238 0.491411
-14.4888691763 0.518127
-13.9892491068 0.538709
-13.4896293154 0.505268
-12.990009802 0.49396
-12.4903905665 0.466437
-11.9907716091 0.431305
-11.4911529296 0.37691
-10.9915345281 0.312658
-10.4919164045 0.263308
-9.9922985589 0.234556
-9.49268099121 0.203028
-8.99306370145 0.183294
-8.49344668961 0.168751
-7.99382995567 0.168164
-7.49421349963 0.201015
-6.99459732147 0.259217
-6.4949814212 0.265318
-5.99536579879 0.239839
-5.49575045423 0.171107
-4.99613538753 0.114975
-4.49652059866 0.0585964
-3.99690608763 0.0403511
-3.49729185441 0.0522809
-2.997677899 0.0681883
-2.49806422139 0.0590097
-1.99845082157 0.0363582
-1.49883769953 0.0172708
-0.999224855263 0
-0.499612288756 0.00643115
0 0.0540019
0.499612011014 0.126023
0.999223744298 0.193284
1.49883519986 0.287433
1.99844637771 0.429743
2.49805727785 0.582172
2.99766790031 0.69349
3.49727824508 0.78206
3.99688831217 0.852867
4.49649810161 0.806065
4.99610761339 0.80269
5.49571684753 0.808477
5.99532580403 0.818929
6.49493448291 0.810779
6.99454288418 0.807855
7.49415100784 0.801702
7.99375885391 0.803916
8.49336642239 0.785392
8.99297371329 0.756414
9.49258072664 0.740911
9.99218746242 0.729455
10.4917939207 0.701814
10.9914001014 0.678251
11.4910060046 0.654014
11.9906116302 0.644435
12.4902169784 0.629351
12.989822049 0.610298
13.4894268422 0.600281
13.9890313579 0.585448
14.4886355962 0.55295
14.9882395569 0.518291
15.4878432403 0.492039
15.9874466462 0.460121
16.4870497746 0.438565
16.9866526257 0.45858
17.4862551994 0.447249
17.9858574956 0.422812
18.4854595145 0.396241
18.985061256 0.385586
19.4846627201 0.376542
19.9842639069 0.385398
20.4838648163 0.397846
20.9834654484 0.409342
21.4830658031 0.415287
21.9826658806 0.417306
22.4822656807 0.401702
22.9818652036 0.386895
23.4814644491 0.405687
23.9810634174 0.470695
24.4806621084 0.514258
24.9802605222 0.516247
