-24.966547376 0.316819
-24.4672087203 0.314065
-23.9678703794 0.317316
-23.4685323535 0.341875
-22.9691946424 0.332928
-22.4698572461 0.32186
-21.9705201647 0.297296
-21.471183398 0.249236
-20.9718469462 0.247767
-20.4725108091 0.253222
-19.9731749868 0.260532
-19.4738394792 0.267709
-18.9745042863 0.276616
-18.4751694082 0.306633
-17.9758348447 0.361229
-17.4765005959 0.411002
-16.9771666617 0.43923
-16.4778330422 0.460434
-15.9784997373 0.462391
-15.479166747 0.452137
-14.9798340713 0.43759
-14.4805017101 0.430743
-13.9811696635 0.426796
-13.4818379315 0.420867
-12.982506514 0.428331
-12.4831754109 0.440589
-11.9838446224 0.4464
-11.4845141483 0.478392
-10.9851839887 0.500393
-10.4858541435 0.516892
-9.98652461279 0.526858
-9.48719539643 0.531219
-8.98786649447 0.518053
-8.48853790687 0.510473
-7.98920963362 0.489642
-7.48988167472 0.460382
-6.99055403013 0.425525
-6.49122669984 0.392512
-5.99189968384 0.362431
-5.49257298211 0.343784
-4.99324659463 0.289679
-4.49392052138 0.255106
-3.99459476236 0.2271
-3.49526931753 0.175149
-2.99594418689 0.116048
-2.49661937042 0.0740279
-1.9972948681 0.0843193
-1.49797067992 0.0697216
-0.99864680585 0.0240093
-0.499323245883 0.0108994
0 0
0.499322931817 0.0711724
0.998645549584 0.139742
1.49796785332 0.210957
1.99728984304 0.214545
2.49661151875 0.183357
2.99593288049 0.13394
3.49525392826 0.104985
3.99457466208 0.0892263
4.49389508197 0.0819655
4.99321518795 0.0724902
5.49253498003 0.0860036
5.99185445823 0.176233
6.49117362257 0.279656
6.99049247306 0.357305
7.48981100971 0.420453
7.98912923256 0.44793
8.48844714161 0.480385
8.98776473689 0.605689
9.4870820184 0.763034
9.98639898617 0.891894
10.4857156402 0.905622
10.9850319805 0.864349
11.4843480072 0.821179
11.9836637201 0.78251
12.4829791194 0.789536
12.9822942051 0.793005
13.4816089771 0.781211
13.9809234356 0.780043
14.4802375804 0.764478
14.9795514117 0.751003
15.4788649294 0.743986
15.9781781335 0.689144
16.4774910242 0.639457
16.9768036013 0.595338
17.476115865 0.556923
17.9754278152 0.548373
18.4747394519 0.603278
18.9740507752 0.654107
19.4733617851 0.666186
19.9726724815 0.647724
20.4719828646 0.643182
20.9712929343 0.636193
21.4706026907 0.624076
21.9699121337 0.616564
22.4692212635 0.579308
22.9685300799 0.534218
23.467838583 0.493462
23.9671467729 0.472124
24.4664546495 0.459761
24.9657622129 0.452441
