-25.0002632176 0.516885
-24.5002635717 0.523711
-24.0002636966 0.551352
-23.5002635921 0.568781
-23.0002632583 0.596053
-22.5002626951 0.630246
-22.0002619027 0.65426
-21.5002608809 0.654801
-21.0002596297 0.67667
-20.5002581493 0.717362
-20.0002564395 0.724351
-19.5002545004 0.751288
-19.000252332 0.77103
-18.5002499342 0.764703
-18.0002473071 0.704683
-17.5002444507 0.734268
-17.000241365 0.786493
-16.5002380499 0.831747
-16.0002345055 0.847334
-15.5002307318 0.772674
-15.0002267288 0.719452
-14.5002224964 0.641855
-14.0002180347 0.563958
-13.5002133437 0.460976
-13.0002084233 0.426133
-12.5002032736 0.439084
-12.0001978946 0.413105
-11.5001922863 0.390164
-11.0001864486 0.37792
-10.5001803816 0.366846
-10.0001740853 0.356173
-9.5001675596 0.334222
-9.00016080462 0.387757
-8.50015382031 0.453591
-8.00014660668 0.50334
-7.50013916371 0.530386
-7.00013149142 0.556533
-6.5001235898 0.599716
-6.00011545886 0.591562
-5.50010709858 0.522535
-5.00009850898 0.458937
-4.50008969006 0.37808
-4.0000806418 0.296883
-3.50007136422 0.271074
-3.00006185731 0.206176
-2.50005212107 0.12205
-2.00004215551 0.0713524
-1.50003196062 0.0520736
-1.00002153641 0.0461268
-0.500010882867 0.00927707
0 0
0.500011112194 0.024175
1.00002245371 0.0547904
1.50003402456 0.123713
2.00004582473 0.236376
2.50005785423 0.363469
3.00007011305 0.43755
3.50008260119 0.433536
4.00009531867 0.433893
4.50010826546 0.461704
5.00012144158 0.44495
5.50013484703 0.415352
6.0001484818 0.392662
6.50016234589 0.27268
7.00017643931 0.186656
7.50019076205 0.120863
8.00020531411 0.120959
8.5002200955 0.124621
9.00023510621 0.117013
9.50025034625 0.223002
10.0002658156 0.304344
10.5002815143 0.363752
11.0002974423 0.443993
11.5003135996 0.532042
12.0003299862 0.567538
12.5003466022 0.581939
13.0003634475 0.595548
13.5003805221 0.58985
14.000397826 0.584099
14.5004153593 0.587375
15.0004331218 0.590262
15.5004511137 0.588243
16.0004693349 0.588608
16.5004877854 0.572036
17.0005064653 0.567283
17.5005253744 0.565689
18.0005445129 0.550731
18.5005638807 0.530935
19.0005834778 0.509072
19.5006033043 0.516882
20.00062336 0.504805
20.5006436451 0.497037
21.0006641594 0.506742
21.5006849031 0.546141
22.0007058761 0.557747
22.5007270785 0.548498
23.0007485101 0.554033
23.500770171 0.575542
24.0007920613 0.577839
24.5008141809 0.583994
25.0008365298 0.59144
