-25.0279649549 0.697143
-24.5274026989 0.710159
-24.0268405633 0.73282
-23.5262785483 0.821749
-23.0257166537 0.872392
-22.5251548796 0.89484
-22.0245932261 0.937428
-21.5240316931 0.977987
-21.0234702807 0.995188
-20.5229089888 1.00783
-20.0223478175 1.0283
-19.5217867668 1.04535
-19.0212258367 1.05893
-18.5206650272 1.07103
-18.0201043384 1.07412
-17.5195437702 1.08692
-17.0189833227 1.09424
-16.5184229958 1.07258
-16.0178627897 1.01974
-15.5173027042 0.923334
-15.0167427395 0.798204
-14.5161828955 0.687518
-14.0156231722 0.601372
-13.5150635698 0.430478
-13.014504088 0.358974
-12.5139447271 0.313658
-12.013385487 0.286388
-11.5128263677 0.274666
-11.0122673692 0.295571
-10.5117084915 0.319502
-10.0111497348 0.330037
-9.51059109884 0.327804
-9.01003258381 0.322251
-8.50947418967 0.319531
-8.00891591645 0.315712
-7.50835776415 0.308194
-7.00779973279 0.295862
-6.50724182238 0.274713
-6.00668403294 0.2464
-5.50612636448 0.213114
-5.00556881701 0.186491
-4.50501139055 0.16296
-4.00445408511 0.138929
-3.50389690071 0.111238
-3.00333983735 0.0798095
-2.50278289506 0.0476621
-2.00222607384 0.0242115
-1.50166937371 0.0116868
-1.00111279469 0.00423575
-0.500556336778 0
0 0.0100907
0.500556215633 0.0262007
1.00111231011 0.0571647
1.50166828341 0.0975931
2.00222413553 0.135548
2.50277986645 0.172443
3.00333547615 0.216783
3.50389096463 0.258414
4.00444633187 0.286535
4.50500157786 0.305259
5.00555670258 0.319262
5.50611170601 0.329132
6.00666658816 0.338168
6.50722134899 0.347429
7.0077759885 0.359205
7.50833050668 0.373892
8.00888490351 0.394022
8.50943917897 0.418411
9.00999333306 0.440575
9.51054736576 0.448305
10.011101277 0.454669
10.5116550669 0.488337
11.0122087354 0.535074
11.5127622824 0.532927
12.0133157079 0.554805
12.513869012 0.578241
13.0144221946 0.568509
13.5149752557 0.541785
14.0155281952 0.507
14.5160810133 0.472444
15.0166337098 0.433493
15.5171862847 0.439811
16.0177387381 0.473171
16.5182910699 0.510725
17.0188432801 0.52909
17.5193953687 0.531945
18.0199473357 0.537757
18.520499181 0.550851
19.0210509047 0.565568
19.5216025068 0.579278
20.0221539871 0.612872
20.5227053458 0.64685
21.0232565828 0.676577
21.523807698 0.680987
22.0243586915 0.702853
22.5249095633 0.750895
23.0254603133 0.808251
23.5260109416 0.781118
24.026561448 0.758695
24.5271118327 0.746892
25.0276620956 0.751381
