-24.981376213 0.171131
-24.4817418646 0.136274
-23.9821077948 0.121444
-23.4824740038 0.0975845
-22.9828404914 0.0800211
-22.4832072577 0.0864939
-21.9835743026 0.115547
-21.4839416262 0.138618
-20.9843092284 0.155092
-20.4846771092 0.186309
-19.9850452687 0.241726
-19.4854137067 0.2812
-18.9857824233 0.308784
-18.4861514185 0.275382
-17.9865206923 0.277176
-17.4868902447 0.284062
-16.9872600756 0.262914
-16.487630185 0.208641
-15.988000573 0.205816
-15.4883712395 0.22398
-14.9887421846 0.253784
-14.4891134081 0.276537
-13.9894849101 0.283292
-13.4898566907 0.292484
-12.9902287497 0.307899
-12.4906010872 0.313685
-11.9909737031 0.307689
-11.4913465975 0.302135
-10.9917197704 0.316306
-10.4920932216 0.365021
-9.99246695133 0.409218
-9.49284095945 0.439197
-8.99321524597 0.462016
-8.49358981089 0.461297
-7.9939646542 0.432317
-7.49433977588 0.400027
-6.99471517593 0.36983
-6.49509085434 0.346075
-5.9954668111 0.288608
-5.4958430462 0.361023
-4.99621955963 0.453307
-4.49659635137 0.438183
-3.99697342144 0.392883
-3.4973507698 0.345523
-2.99772839646 0.312721
-2.49810630139 0.27025
-1.99848448461 0.220506
-1.49886294608 0.180792
-0.999241685814 0.15102
-0.499620703789 0.121406
0 0.113104
0.499620425564 0.0862108
0.99924057291 0.0692614
1.49886044205 0.034261
1.99848003299 0.0431709
2.49809934575 0.0342434
2.99771838033 0.0206659
3.49733713673 0.0118764
3.99695561498 0.00399692
4.49657381508 0
4.99619173704 0.023555
5.49580938087 0.039589
5.99542674658 0.0843426
6.49504383418 0.181349
6.99466064368 0.309372
7.49427717509 0.534968
7.99389342841 0.662685
8.49350940366 0.618754
8.99312510085 0.502993
9.49274051999 0.417774
9.99235566108 0.328468
10.4919705241 0.281516
10.9915851092 0.26
11.4911994162 0.222976
11.9908134452 0.268498
12.4904271962 0.314874
12.9900406693 0.358619
13.4896538643 0.398766
13.9892667814 0.442066
14.4888794206 0.485382
14.9884917817 0.510624
15.488103865 0.519276
15.9877156703 0.531301
16.4873271977 0.551227
16.9869384472 0.557861
17.4865494188 0.561455
17.9861601126 0.583344
18.4857705284 0.618623
18.9853806664 0.560392
19.4849905265 0.502241
19.9846001087 0.464998
20.4842094132 0.418562
20.9838184398 0.366283
21.4834271885 0.348296
21.9830356595 0.326575
22.4826438527 0.318442
22.982251768 0.32167
23.4818594056 0.338938
23.9814667655 0.362851
24.4810738475 0.333301
24.9806806519 0.322126
