-25.0229092381 0.37928
-24.5224545894 0.383769
-24.0219997963 0.391119
-23.5215448586 0.414432
-23.0210897764 0.444448
-22.5206345498 0.469553
-22.0201791786 0.480821
-21.5197236631 0.478034
-21.0192680031 0.471836
-20.5188121986 0.463661
-20.0183562498 0.473909
-19.5179001565 0.492581
-19.0174439188 0.527315
-18.5169875368 0.529027
-18.0165310103 0.522197
-17.5160743396 0.524149
-17.0156175244 0.540618
-16.5151605649 0.559172
-16.0147034611 0.569846
-15.514246213 0.587535
-15.0137888205 0.611589
-14.5133312838 0.601191
-14.0128736028 0.597314
-13.5124157775 0.601781
-13.0119578079 0.638179
-12.5114996941 0.656722
-12.0110414361 0.671515
-11.5105830338 0.675301
-11.0101244873 0.654908
-10.5096657966 0.673284
-10.0092069617 0.724312
-9.50874798258 0.743817
-9.00828885932 0.72234
-8.5078295919 0.692489
-8.00737018033 0.663765
-7.50691062462 0.725427
-7.00645092479 0.790861
-6.50599108083 0.696162
-6.00553109278 0.553535
-5.50507096062 0.494697
-5.00461068439 0.350342
-4.50415026409 0.202422
-4.00368969972 0.0806652
-3.50322899131 0.00434114
-3.00276813886 0
-2.50230714238 0.00235159
-2.00184600189 0.0221376
-1.50138471739 0.0269698
-1.00092328891 0.0253058
-0.500461716438 0.0328148
0 0.0573773
0.500461860394 0.0819505
1.00092386474 0.086281
1.50138601301 0.0765604
2.00184830521 0.0873611
2.50231074133 0.1005
3.00277332134 0.117156
3.50323604525 0.146517
4.00369891303 0.184785
4.50416192468 0.22261
5.00462508019 0.25577
5.50508837954 0.276035
6.00555182272 0.286902
6.50601540973 0.300874
7.00647914054 0.318491
7.50694301516 0.33682
8.00740703356 0.371423
8.50787119574 0.436416
9.00833550168 0.468742
9.50879995138 0.462856
10.0092645448 0.456748
10.509729282 0.44426
11.0101941629 0.426372
11.5106591875 0.429981
12.0111243558 0.454339
12.5115896677 0.466806
13.0120551234 0.445337
13.5125207227 0.455548
14.0129864657 0.504809
14.5134523523 0.506772
15.0139183825 0.486749
15.5143845563 0.478241
16.0148508738 0.47556
16.5153173348 0.45675
17.0157839395 0.462428
17.5162506877 0.446305
18.0167175794 0.450738
18.5171846147 0.466518
19.0176517936 0.458324
19.5181191159 0.470864
20.0185865818 0.496665
20.5190541912 0.499742
21.019521944 0.503099
21.5199898404 0.509229
22.0204578802 0.526598
22.5209260635 0.542474
23.0213943902 0.552395
23.5218628603 0.558462
24.0223314739 0.564385
24.5228002309 0.566886
25.0232691313 0.567954
