-25.003561406 0.954755
-24.5034848585 0.937848
-24.0034085281 0.872817
-23.5033324148 0.824135
-23.0032565186 0.804706
-22.5031808395 0.793607
-22.0031053775 0.78518
-21.5030301326 0.783175
-21.0029551048 0.788053
-20.5028802941 0.800185
-20.0028057005 0.816058
-19.502731324 0.832667
-19.0026571647 0.839672
-18.5025832224 0.854623
-18.0025094972 0.868977
-17.5024359891 0.885176
-17.0023626982 0.926936
-16.5022896244 0.977215
-16.0022167676 1.02927
-15.5021441281 1.06375
-15.0020717056 1.07203
-14.5019995002 1.07793
-14.001927512 1.08528
-13.5018557409 1.11793
-13.0017841869 1.17186
-12.50171285 1.02676
-12.0016417303 0.812591
-11.5015708277 0.57912
-11.0015001423 0.380221
-10.5014296739 0.277076
-10.0013594227 0.160674
-9.50128938869 0.0314474
-9.00121957178 0
-8.50114997201 0.0113665
-8.00108058938 0.0213048
-7.5010114239 0.0332457
-7.00094247556 0.0501397
-6.50087374437 0.064996
-6.00080523033 0.084596
-5.50073693343 0.0996318
-5.0006688537 0.120164
-4.50060099111 0.145306
-4.00053334568 0.165837
-3.5004659174 0.176204
-3.00039870629 0.199465
-2.50033171233 0.212005
-2.00026493554 0.211135
-1.5001983759 0.217641
-1.00013203344 0.234691
-0.500065908135 0.236572
0 0.259397
0.500065690966 0.307265
1.00013116476 0.346784
1.50019642139 0.359753
2.00026146084 0.389944
2.50032628311 0.446547
3.00039088821 0.487983
3.50045527613 0.505652
4.00051944687 0.582748
4.50058340043 0.654982
5.00064713681 0.640004
5.50071065601 0.631281
6.00077395802 0.636756
6.50083704284 0.648013
7.00089991048 0.669988
7.50096256092 0.679813
8.00102499418 0.673663
8.50108721024 0.661568
9.00114920911 0.656213
9.50121099079 0.659702
10.0012725553 0.660744
10.5013339025 0.662839
11.0013950326 0.660189
11.5014559455 0.663785
12.0015166412 0.694366
12.5015771197 0.690427
13.0016373809 0.649914
13.501697425 0.645305
14.0017572519 0.667668
14.5018168615 0.677056
15.0018762539 0.657361
15.5019354292 0.628265
16.0019943872 0.615436
16.502053128 0.606315
17.0021116516 0.605551
17.5021699579 0.61065
18.0022280471 0.606609
18.502285919 0.592329
19.0023435737 0.596917
19.5024010112 0.610894
20.0024582315 0.639364
20.5025152345 0.694459
21.0025720203 0.706522
21.5026285889 0.697881
22.0026849403 0.617595
22.5027410744 0.584524
23.0027969913 0.578233
23.502852691 0.599439
24.0029081734 0.634911
24.5029634386 0.653628
25.0030184865 0.648482
