-24.9999973857 0.100289
-24.5000030358 0.111158
-24.0000084575 0.116906
-23.5000136506 0.130465
-23.0000186153 0.141149
-22.5000233514 0.162123
-22.0000278592 0.190223
-21.5000321384 0.192102
-21.0000361891 0.201825
-20.5000400114 0.190228
-20.0000436052 0.161948
-19.5000469705 0.150887
-19.0000501073 0.1428
-18.5000530156 0.12986
-18.0000556955 0.107067
-17.5000581468 0.0735832
-17.0000603697 0.0550059
-16.5000623641 0.0587846
-16.0000641301 0.0953056
-15.5000656675 0.149834
-15.0000669765 0.240214
-14.5000680569 0.272101
-14.0000689089 0.189473
-13.5000695324 0.0960415
-13.0000699275 0.0252721
-12.500070094 0
-12.0000700321 0.023841
-11.5000697416 0.0439005
-11.0000692227 0.0812523
-10.5000684753 0.150881
-10.0000674995 0.254322
-9.50006629509 0.34811
-9.00006486224 0.453441
-8.50006320091 0.564489
-8.00006131109 0.608051
-7.50005919279 0.680326
-7.000056846 0.653455
-6.50005427072 0.62685
-6.00005146696 0.644114
-5.50004843472 0.657769
-5.00004517399 0.603003
-4.50004168478 0.571294
-4.00003796708 0.554627
-3.50003402089 0.530296
-3.00002984622 0.506843
-2.50002544307 0.493489
-2.00002081142 0.48405
-1.50001595129 0.438481
-1.00001086268 0.405205
-0.500005545583 0.378941
0 0.346581
0.50000577407 0.331535
1.00001177662 0.347363
1.50001800767 0.3748
2.00002446719 0.40189
2.5000311552 0.434959
3.0000380717 0.465902
3.50004521668 0.48114
4.00005259015 0.450294
4.5000601921 0.436571
5.00006802254 0.456188
5.50007608147 0.470919
6.00008436888 0.505017
6.50009288477 0.531257
7.00010162915 0.558805
7.50011060201 0.594454
8.00011980336 0.617555
8.5001292332 0.628395
9.00013889151 0.642288
9.50014877832 0.659106
10.0001588936 0.67466
10.5001692374 0.688643
11.0001798096 0.70186
11.5001906104 0.707716
12.0002016396 0.705831
12.5002128973 0.689857
13.0002243835 0.674461
13.5002360982 0.656567
14.0002480413 0.640827
14.500260213 0.638427
15.0002726131 0.651067
15.5002852417 0.666277
16.0002980988 0.70911
16.5003111844 0.682176
17.0003244984 0.650128
17.5003380409 0.620445
18.000351812 0.61404
18.5003658115 0.606924
19.0003800394 0.600172
19.5003944959 0.606546
20.0004091809 0.625004
20.5004240943 0.626409
21.0004392362 0.626249
21.5004546066 0.6316
22.0004702054 0.646761
22.5004860328 0.641324
23.0005020886 0.612031
23.5005183729 0.573859
24.0005348857 0.584047
24.500551627 0.595205
25.0005685967 0.569467
