-24.9604055861 0.359959
-24.4611894335 0.36874
-23.9619736095 0.370969
-23.4627581139 0.366877
-22.9635429468 0.342457
-22.4643281081 0.320952
-21.9651135979 0.305178
-21.4658994161 0.303211
-20.9666855627 0.329248
-20.4674720377 0.356222
-19.9682588411 0.369635
-19.4690459727 0.387777
-18.9698334327 0.405177
-18.470621221 0.417176
-17.9714093375 0.408622
-17.4721977824 0.389634
-16.9729865554 0.344855
-16.4737756567 0.29845
-15.9745650862 0.284254
-15.4753548438 0.283864
-14.9761449296 0.34127
-14.4769353436 0.387198
-13.9777260856 0.410796
-13.4785171558 0.422554
-12.9793085541 0.42792
-12.4801002804 0.429164
-11.9808923347 0.452021
-11.4816847171 0.48141
-10.9824774275 0.452769
-10.4832704658 0.429702
-9.98406383215 0.400411
-9.48485752641 0.377285
-8.98565154859 0.371824
-8.48644589868 0.371862
-7.98724057664 0.367481
-7.48803558248 0.379386
-6.98883091615 0.382408
-6.48962657765 0.384827
-5.99042256695 0.402673
-5.49121888403 0.416273
-4.99201552888 0.384169
-4.49281250147 0.32525
-3.99360980179 0.292223
-3.49440742981 0.229346
-2.99520538552 0.144316
-2.49600366889 0.0747657
-1.9968022799 0.0464961
-1.49760121854 0.022439
-0.99840048478 0.0432503
-0.499200078607 0.0369851
0 0
0.499199751062 0.0170952
0.998399174601 0.0665805
1.49759827063 0.0894128
1.99679703918 0.0888775
2.49599548026 0.0716937
2.9951935939 0.024972
3.49439138011 0.0378828
3.99358883892 0.0429342
4.49278597034 0.0501905
4.9919827744 0.0571779
5.49117925112 0.105629
5.9903754005 0.207805
6.48957122259 0.293685
6.98876671738 0.364848
7.48796188492 0.407305
7.9871567252 0.433083
8.48635123827 0.456895
8.98554542413 0.569855
9.4847392828 0.672624
9.98393281431 0.810503
10.4831260187 0.799082
10.9823188959 0.805263
11.4815114461 0.771675
11.9807036691 0.741521
12.4798955651 0.767011
12.979087134 0.783211
13.478278376 0.730625
13.9774692909 0.67772
14.4766598788 0.630231
14.9758501398 0.593799
15.4750400738 0.533083
15.9742296809 0.608557
16.4734189611 0.650201
16.9726079145 0.570248
17.4717965409 0.541842
17.9709848405 0.587928
18.4701728133 0.610389
18.9693604593 0.60467
19.4685477785 0.589846
19.967734771 0.572814
20.4669214367 0.571115
20.9661077757 0.60879
21.465293788 0.587249
21.9644794736 0.546995
22.4636648326 0.498533
22.9628498649 0.411049
23.4620345706 0.356029
23.9612189497 0.373107
24.4604030022 0.398852
24.9595867281 0.422556
