93.3644138647	-34.7191672958	-25.0362380976	89.8596751526	-4135.86383163
93.3698844766	-34.7191561607	-24.5355133085	89.8596751526	-4095.37964517
93.375355087	-34.7191447812	-24.0347885202	89.8565593413	-4069.13076567
93.3808256959	-34.7191331571	-23.5340637327	89.8534435317	-4049.58529883
93.3862963032	-34.7191212885	-23.0333389461	89.850327724	-4026.95998474
93.3917669089	-34.7191091753	-22.5326141603	89.847211918	-4029.85453752
93.397237513	-34.7190968177	-22.0318893755	89.8440961138	-4038.48798697
93.4027081155	-34.7190842155	-21.5311645915	89.8409803114	-4055.14435059
93.4081787163	-34.7190713688	-21.0304398085	89.8378645112	-4118.02320144
93.4136493153	-34.7190582775	-20.5297150265	89.8347487128	-4136.03246137
93.4191199126	-34.7190449417	-20.0289902454	89.8316329163	-4133.20133906
93.4245905082	-34.7190313614	-19.5282654653	89.828517122	-4120.60550587
93.4300611019	-34.7190175366	-19.0275406862	89.8254013296	-4126.56291349
93.4355316938	-34.7190034672	-18.5268159081	89.8222855395	-4151.11849389
93.4410022838	-34.7189891533	-18.0260911311	89.8191697513	-4190.77076658
93.4464728718	-34.7189745949	-17.5253663551	89.8160539655	-4192.57874517
93.451943458	-34.7189597919	-17.0246415802	89.8129381818	-4158.96709461
93.4574140422	-34.7189447445	-16.5239168064	89.8098224005	-4169.67309105
93.4628846243	-34.7189294525	-16.0231920337	89.8067066214	-4198.20899474
93.4683552044	-34.7189139159	-15.5224672621	89.8035908445	-4216.34092036
93.4738257825	-34.7188981349	-15.0217424916	89.8004750702	-4186.63069053
93.4792963584	-34.7188821093	-14.5210177224	89.7973592983	-4189.31161561
93.4847669322	-34.7188658392	-14.0202929543	89.7942435286	-4216.11161184
93.4902375039	-34.7188493246	-13.5195681874	89.7911277618	-4266.04234684
93.4957080733	-34.7188325654	-13.0188434217	89.7880119971	-4311.59865937
93.5011786405	-34.7188155617	-12.5181186573	89.7848962352	-4344.94410908
93.5066492054	-34.7187983135	-12.0173938941	89.7817804757	-4397.46218924
93.5121197681	-34.7187808208	-11.5166691322	89.778664719	-4442.89092367
93.5175903284	-34.7187630836	-11.0159443715	89.7755489649	-4501.74073849
93.5230608863	-34.7187451018	-10.5152196122	89.7724332137	-4594.7559962
93.5285314419	-34.7187268755	-10.0144948542	89.7693174649	-4712.16104278
93.534001995	-34.7187084047	-9.51377009758	89.7662017192	-4831.22023662
93.5394725457	-34.7186896893	-9.01304534228	89.7630859761	-4876.00540411
93.5449430938	-34.7186707294	-8.51232058837	89.7599702361	-4904.02481758
93.5504136395	-34.7186515251	-8.01159583585	89.7568544987	-4926.47466929
93.5558841826	-34.7186320761	-7.51087108474	89.7537387645	-4925.4856471
93.5613547231	-34.7186123827	-7.01014633507	89.7506230332	-4918.27123957
93.5668252609	-34.7185924447	-6.50942158685	89.7475073047	-4907.94838979
93.5722957962	-34.7185722623	-6.00869684009	89.7443915797	-4900.68626093
93.5777663287	-34.7185518353	-5.50797209482	89.7412758575	-4892.57565354
93.5832368585	-34.7185311638	-5.00724735105	89.7381601383	-4880.87548502
93.5887073856	-34.7185102477	-4.50652260881	89.7350444224	-4866.4372661
93.5941779099	-34.7184890872	-4.0057978681	89.7319287098	-4856.25854324
93.5996484313	-34.7184676821	-3.50507312895	89.7288130002	-4849.60419146
93.6051189499	-34.7184460325	-3.00434839138	89.7256972941	-4853.20412758
93.6105894657	-34.7184241384	-2.50362365539	89.722581591	-4860.75841005
93.6160599785	-34.7184019997	-2.00289892102	89.7194658917	-4874.27146165
93.6215304884	-34.7183796166	-1.50217418828	89.7163501956	-4892.11683887
93.6270009953	-34.7183569889	-1.00144945718	89.7132345028	-4908.19955734
93.6324714992	-34.7183341167	-0.50072472775	89.7101188136	-4886.33788483
93.637942	-34.718311	0	89.7070031276	-4863.62127185
93.6434124978	-34.7182876388	0.500724726049	89.7038874455	-4841.50338397
93.6488829924	-34.718264033	1.00144945038	89.7007717669	-4753.66479369
93.654353484	-34.7182401828	1.50217417298	89.6976560919	-4672.8924559
93.6598239723	-34.718216088	2.00289889382	89.6945404205	-4635.75345153
93.6652944575	-34.7181917487	2.50362361289	89.6914247527	-4636.96044202
93.6707649394	-34.7181671649	3.00434833017	89.6883090889	-4598.86935615
93.676235418	-34.7181423366	3.50507304564	89.6851934287	-4546.75513033
93.6817058934	-34.7181172638	4.00579775929	89.6820777722	-4502.16050299
93.6871763654	-34.7180919464	4.5065224711	89.6789621197	-4461.12302305
93.692646834	-34.7180663846	5.00724718104	89.6758464709	-4404.24004065
93.6981172992	-34.7180405782	5.5079718891	89.6727308261	-4366.9578586
93.7035877611	-34.7180145273	6.00869659527	89.6696151854	-4328.02829382
93.7090582194	-34.7179882319	6.50942129952	89.6664995484	-4327.31483927
93.7145286743	-34.717961692	7.01014600185	89.6633839158	-4342.21392823
93.7199991256	-34.7179349076	7.51087070222	89.6602682869	-4336.77808664
93.7254695734	-34.7179078786	8.01159540062	89.6571526623	-4336.25213935
93.7309400175	-34.7178806052	8.51232009703	89.6540370418	-4327.62386869
93.7364104581	-34.7178530872	9.01304479144	89.6509214256	-4328.94400488
93.741880895	-34.7178253248	9.51376948383	89.6478058132	-4327.1420347
93.7473513282	-34.7177973178	10.0144941742	89.6446902055	-4303.50548928
93.7528217577	-34.7177690663	10.5152188625	89.641574602	-4279.76565973
93.7582921834	-34.7177405703	11.0159435487	89.6384590026	-4250.78803943
93.7637626053	-34.7177118298	11.5166682328	89.6353434078	-4231.1241066
93.7692330234	-34.7176828448	12.0173929148	89.6322278173	-4199.93830928
93.7747034377	-34.7176536153	12.5181175947	89.6291122314	-4198.31012883
93.7801738481	-34.7176241412	13.0188422724	89.6259966498	-4202.79190381
93.7856442546	-34.7175944227	13.519566948	89.6228810726	-4203.12736013
93.7911146571	-34.7175644597	14.0202916214	89.6197655	-4197.83141837
93.7965850556	-34.7175342521	14.5210162926	89.6166499323	-4188.81770427
93.8020554502	-34.7175038001	15.0217409615	89.613534369	-4176.17525702
93.8075258406	-34.7174731035	15.5224656283	89.6104188104	-4172.34255915
93.812996227	-34.7174421625	16.0231902927	89.6073032565	-4163.54450042
93.8184666093	-34.7174109769	16.5239149549	89.6041877074	-4154.2724525
93.8239369875	-34.7173795468	17.0246396148	89.6010721627	-4161.22740549
93.8294073615	-34.7173478723	17.5253642724	89.5979566235	-4163.83229704
93.8348777313	-34.7173159532	18.0260889277	89.5948410886	-4162.59092735
93.8403480968	-34.7172837896	18.5268135807	89.5917255588	-4139.40719047
93.845818458	-34.7172513816	19.0275382312	89.5886100339	-4135.48250226
93.851288815	-34.717218729	19.5282628794	89.585494514	-4131.02653091
93.8567591676	-34.7171858319	20.0289875252	89.5823789992	-4143.55458063
93.8622295159	-34.7171526903	20.5297121686	89.5792634891	-4153.82229179
93.8676998597	-34.7171193043	21.0304368095	89.5761479845	-4157.99686031
93.8731701991	-34.7170856737	21.531161448	89.5730324846	-4159.26624019
93.8786405341	-34.7170517986	22.031886084	89.5699169902	-4156.3381324
93.8841108646	-34.717017679	22.5326107176	89.5668015008	-4143.14803161
93.8895811905	-34.716983315	23.0333353486	89.5636860168	-4152.74726229
93.8950515118	-34.7169487064	23.5340599771	89.5605705379	-4184.26188957
93.9005218286	-34.7169138533	24.0347846031	89.5574550643	-4225.13838209
93.9059921407	-34.7168787558	24.5355092265	89.5543395961	-4255.22865223
93.9114624482	-34.7168434137	25.0362338473	89.5512241332	-4270.66162078
