-25.0280607294 0.354973
-24.5274965542 0.346599
-24.0269324995 0.35269
-23.5263685655 0.376001
-23.0258047522 0.413007
-22.5252410595 0.449011
-22.0246774875 0.484951
-21.5241140361 0.522305
-21.0235507055 0.565889
-20.5229874956 0.615276
-20.0224244065 0.660932
-19.521861438 0.70874
-19.0212985904 0.760721
-18.5207358635 0.827084
-18.0201732574 0.894634
-17.5196107721 0.928869
-17.0190484077 0.94913
-16.518486164 0.996116
-16.0179240412 1.04052
-15.5173620393 1.03449
-15.0168001582 1.00921
-14.516238398 0.976877
-14.0156767587 0.880381
-13.5151152404 0.755885
-13.0145538429 0.618216
-12.5139925664 0.502119
-12.0134314109 0.406007
-11.5128703763 0.31361
-11.0123094627 0.250831
-10.5117486701 0.214348
-10.0111879985 0.170435
-9.51062744795 0.0967824
-9.01006701842 0.0497313
-8.50950670994 0.0214999
-8.00894652253 0.00150061
-7.50838645619 0.0175886
-7.00782651095 0.0548493
-6.50726668681 0.103773
-6.0067069838 0.115999
-5.50614740192 0.101239
-5.00558794118 0.0956998
-4.50502860161 0.0856948
-4.00446938322 0.0624525
-3.50391028601 0.0432656
-3.00335131 0.0306631
-2.50279245521 0.0189088
-2.00223372166 0.0065716
-1.50167510934 0
-1.00111661828 0.00402929
-0.5005582485 0.0157761
0 0.0332271
0.500558127201 0.0534622
1.00111613309 0.0772808
1.50167401765 0.105978
2.00223178087 0.139999
2.50278942274 0.1742
3.00334694324 0.20516
3.50390434236 0.204332
4.00446162008 0.1974
4.5050187764 0.192706
5.00557581129 0.19115
5.50613272475 0.191818
6.00668951675 0.196629
6.5072461873 0.205678
7.00780273636 0.219558
7.50835916394 0.2366
8.00891547001 0.251401
8.50947165456 0.263901
9.01002771758 0.275298
9.51058365905 0.286678
10.011139479 0.296594
10.5116951773 0.306085
11.0122507541 0.316851
11.5128062092 0.328919
12.0133615428 0.341234
12.5139167547 0.353837
13.0144718449 0.365449
13.5150268136 0.37589
14.0155816605 0.387522
14.5161363858 0.400337
15.0166909893 0.412217
15.5172454712 0.426374
16.0177998313 0.442811
16.5183540697 0.461183
17.0189081864 0.480153
17.5194621813 0.498448
18.0200160544 0.517108
18.5205698057 0.534572
19.0211234352 0.553425
19.5216769429 0.571667
20.0222303288 0.589741
20.5227835928 0.605637
21.0233367349 0.620311
21.5238897552 0.630357
22.0244426536 0.635776
22.5249954301 0.635076
23.0255480847 0.629795
23.5261006173 0.618647
24.026653028 0.602959
24.5272053168 0.582739
25.0277574836 0.56
