93.573308785	-34.9985400736	-25.0037543616	48.7074277983	-4146.524393
93.5774329747	-34.9955726764	-24.5036739409	48.7074277983	-4193.00571575
93.5815568654	-34.9926051397	-24.0035937378	48.7050624339	-4218.17589461
93.585680457	-34.9896374636	-23.5035137524	48.7026974157	-4228.69976964
93.5898037497	-34.986669648	-23.0034339847	48.7003327441	-4246.59337044
93.5939267434	-34.9837016931	-22.5033544347	48.697968419	-4258.03391659
93.5980494382	-34.9807335988	-22.0032751023	48.6956044405	-4350.60618473
93.6021718342	-34.9777653652	-21.5031959877	48.6932408079	-4474.53607634
93.6062939313	-34.9747969923	-21.0031170906	48.6908775219	-4576.3571694
93.6104157296	-34.9718284801	-20.5030384113	48.6885145823	-4623.99298241
93.6145372292	-34.9688598286	-20.0029599496	48.6861519888	-4652.83154046
93.6186584301	-34.9658910379	-19.5028817057	48.6837897413	-4664.46370384
93.6227793323	-34.962922108	-19.0028036794	48.6814278404	-4681.89246875
93.6268999359	-34.9599530389	-18.5027258708	48.6790662856	-4702.55294348
93.6310202409	-34.9569838307	-18.0026482798	48.6767050766	-4663.96404851
93.6351402474	-34.9540144833	-17.5025709066	48.6743442139	-4609.09259468
93.6392599553	-34.9510449968	-17.002493751	48.6719836972	-4532.06981942
93.6433793648	-34.9480753713	-16.5024168132	48.6696235265	-4420.59917031
93.6474984759	-34.9451056067	-16.002340093	48.667263702	-4412.92399497
93.6516172886	-34.942135703	-15.5022635906	48.6649042232	-4416.07752879
93.655735803	-34.9391656604	-15.0021873058	48.6625450902	-4419.33239207
93.6598540191	-34.9361954788	-14.5021112387	48.6601863035	-4463.0980545
93.6639719369	-34.9332251582	-14.0020353893	48.6578278625	-4554.9235248
93.6680895565	-34.9302546987	-13.5019597577	48.655469767	-4619.51778449
93.6722068779	-34.9272841003	-13.0018843437	48.6531120177	-4632.69368317
93.6763239012	-34.924313363	-12.5018091474	48.6507546137	-4583.52764708
93.6804406264	-34.9213424869	-12.0017341689	48.6483975559	-4556.44340388
93.6845570536	-34.9183714719	-11.501659408	48.6460408435	-4561.44900436
93.6886731827	-34.9154003182	-11.0015848649	48.6436844768	-4575.48360233
93.6927890139	-34.9124290256	-10.5015105395	48.6413284556	-4575.75364479
93.6969045471	-34.9094575943	-10.0014364317	48.6389727802	-4571.84121833
93.7010197824	-34.9064860243	-9.50136254174	48.6366174501	-4569.14971053
93.7051347199	-34.9035143156	-9.00128886947	48.6342624658	-4564.31995081
93.7092493596	-34.9005424683	-8.50121541491	48.6319078265	-4563.80078336
93.7133637014	-34.8975704822	-8.00114217807	48.6295535332	-4569.57614246
93.7174777456	-34.8945983576	-7.50106915895	48.6271995848	-4578.77154366
93.7215914921	-34.8916260943	-7.00099635756	48.6248459821	-4618.75040284
93.7257049409	-34.8886536925	-6.50092377389	48.6224927248	-4661.87226144
93.7298180921	-34.8856811522	-6.00085140795	48.6201398124	-4666.55073627
93.7339309458	-34.8827084733	-5.50077925974	48.6177872456	-4613.15289021
93.7380435019	-34.8797356559	-5.00070732926	48.6154350239	-4524.68543157
93.7421557606	-34.8767627	-4.50063561651	48.6130831474	-4429.27490262
93.7462677218	-34.8737896057	-4.00056412149	48.6107316162	-4366.21823503
93.7503793856	-34.870816373	-3.50049284421	48.60838043	-4374.42380669
93.754490752	-34.8678430019	-3.00042178467	48.6060295887	-4387.04386261
93.7586018211	-34.8648694924	-2.50035094287	48.603679093	-4401.24630529
93.7627125929	-34.8618958446	-2.00028031881	48.6013289419	-4417.21577613
93.7668230675	-34.8589220585	-1.50020991249	48.598979136	-4409.05653295
93.7709332449	-34.855948134	-1.00013972391	48.5966296749	-4408.42643772
93.7750431251	-34.8529740713	-0.500069753084	48.5942805588	-4404.17698174
93.7791527082	-34.8499998704	0	48.5919317876	-4426.45584351
93.7832619942	-34.8470255312	0.500069535335	48.5895833615	-4460.83827901
93.7873709831	-34.8440510538	1.00013885292	48.5872352797	-4453.21874693
93.7914796751	-34.8410764383	1.50020795275	48.5848875431	-4516.63505545
93.7955880701	-34.8381016847	2.00027683483	48.5825401512	-4573.87435137
93.7996961682	-34.8351267929	2.50034549916	48.5801931037	-4574.66983648
93.8038039694	-34.832151763	3.00041394573	48.5778464013	-4545.75830836
93.8079114738	-34.8291765951	3.50048217454	48.5755000435	-4493.34718138
93.8120186814	-34.8262012891	4.00055018559	48.5731540301	-4468.77053368
93.8161255922	-34.8232258451	4.50061797888	48.5708083615	-4464.01073635
93.8202322063	-34.8202502631	5.0006855544	48.5684630374	-4463.02909565
93.8243385237	-34.8172745431	5.50075291217	48.5661180577	-4454.50903111
93.8284445445	-34.8142986853	6.00082005216	48.5637734226	-4430.17034529
93.8325502688	-34.8113226895	6.50088697439	48.561429132	-4360.13573239
93.8366556964	-34.8083465558	7.00095367885	48.5590851856	-4285.68376769
93.8407608275	-34.8053702842	7.50102016554	48.5567415838	-4223.54733611
93.8448656622	-34.8023938748	8.00108643446	48.5543983262	-4148.51784928
93.8489702004	-34.7994173276	8.50115248561	48.552055413	-4134.86325647
93.8530744423	-34.7964406426	9.00121831898	48.5497128441	-4135.238862
93.8571783878	-34.7934638198	9.50128393457	48.5473706194	-4154.66928001
93.861282037	-34.7904868593	10.0013493324	48.5450287389	-4161.5009456
93.8653853899	-34.7875097611	10.5014145124	48.5426872027	-4161.78542921
93.8694884465	-34.7845325252	11.0014794747	48.5403460105	-4162.05385977
93.873591207	-34.7815551517	11.5015442192	48.5380051624	-4157.8499761
93.8776936714	-34.7785776405	12.0016087458	48.5356646585	-4149.97075818
93.8817958396	-34.7755999917	12.5016730547	48.5333244986	-4136.50366033
93.8858977118	-34.7726222053	13.0017371459	48.5309846827	-4133.98291899
93.8899992879	-34.7696442813	13.5018010192	48.5286452108	-4138.05074332
93.8941005681	-34.7666662198	14.0018646747	48.5263060827	-4146.3423508
93.8982015523	-34.7636880208	14.5019281125	48.5239672987	-4143.69095165
93.9023022406	-34.7607096844	15.0019913324	48.5216288584	-4152.29392219
93.9064026331	-34.7577312104	15.5020543346	48.5192907622	-4167.94142987
93.9105027297	-34.754752599	16.002117119	48.5169530096	-4178.87116367
93.9146025305	-34.7517738502	16.5021796855	48.5146156006	-4186.47923191
93.9187020356	-34.7487949641	17.0022420343	48.5122785357	-4198.39413715
93.922801245	-34.7458159405	17.5023041653	48.5099418143	-4209.12351388
93.9269001587	-34.7428367796	18.0023660784	48.5076054367	-4217.62704815
93.9309987768	-34.7398574815	18.5024277738	48.5052694026	-4225.76722203
93.9350970994	-34.736878046	19.0024892514	48.5029337122	-4221.11605503
93.9391951264	-34.7338984733	19.5025505111	48.5005983653	-4230.23881635
93.9432928579	-34.7309187633	20.0026115531	48.4982633618	-4243.1729069
93.9473902939	-34.7279389161	20.5026723772	48.4959287021	-4233.14797658
93.9514874345	-34.7249589318	21.0027329836	48.4935943857	-4208.49231473
93.9555842797	-34.7219788103	21.5027933721	48.4912604127	-4195.98263418
93.9596808296	-34.7189985516	22.0028535428	48.4889267834	-4212.99318124
93.9637770842	-34.7160181559	22.5029134957	48.4865934969	-4273.10470106
93.9678730436	-34.713037623	23.0029732308	48.4842605542	-4314.93777637
93.9719687077	-34.7100569532	23.503032748	48.4819279546	-4311.10167349
93.9760640766	-34.7070761462	24.0030920475	48.4795956983	-4255.0790728
93.9801591504	-34.7040952023	24.5031511291	48.4772637851	-4197.15775273
93.9842539292	-34.7011141214	25.0032099929	48.4749322153	-4161.65293985
