-24.9808188669 0.462314
-24.4811956901 0.450836
-23.981572791 0.443347
-23.4819501696 0.43237
-22.9823278259 0.42683
-22.4827057598 0.418923
-21.9830839713 0.403749
-21.4834624605 0.37797
-20.9838412273 0.341799
-20.4842202718 0.334925
-19.9845995938 0.343639
-19.4849791934 0.398893
-18.9853590706 0.417689
-18.4857392254 0.438492
-17.9861196577 0.433877
-17.4865003676 0.42703
-16.9868813551 0.427068
-16.4872626201 0.406198
-15.9876441626 0.371439
-15.4880259826 0.31654
-14.9884080802 0.255794
-14.4887904552 0.211442
-13.9891731077 0.16373
-13.4895560377 0.10078
-12.9899392452 0.0678936
-12.4903227302 0.0732586
-11.9907064925 0.102647
-11.4910905324 0.113546
-10.9914748496 0.135178
-10.4918594443 0.164099
-9.99224431642 0.18532
-9.49262946592 0.195219
-8.99301489282 0.213208
-8.49340059709 0.238163
-7.99378657874 0.235173
-7.49417283775 0.231664
-6.99455937412 0.22142
-6.49494618783 0.228259
-5.99533327888 0.232892
-5.49572064725 0.229329
-4.99610829294 0.185178
-4.49649621593 0.143985
-3.99688441622 0.119475
-3.49727289379 0.0947078
-2.99766164864 0.0713542
-2.49805068076 0.0623211
-1.99843999013 0.0889928
-1.49882957675 0.112078
-0.999219440612 0.13339
-0.499609581698 0.157258
0 0.10302
0.49960930449 0.0622011
0.999218331782 0.0575153
1.49882708189 0.0469894
1.99843555481 0.0285233
2.49804375057 0
2.99765166916 0.0128619
3.49725931062 0.0410297
3.99686667492 0.101141
4.49647376211 0.191578
4.99608057217 0.326005
5.49568710512 0.441386
5.99529336097 0.506767
6.49489933974 0.584838
6.99450504142 0.612377
7.49411046604 0.624404
7.99371561359 0.644073
8.4933204841 0.667069
8.99292507756 0.682571
9.492529394 0.713173
9.99213343341 0.712467
10.4917371958 0.711523
10.9913406812 0.697587
11.4909438896 0.69857
11.9905468211 0.700908
12.4901494755 0.697418
12.989751853 0.689453
13.4893539536 0.671534
13.9889557772 0.654944
14.4885573239 0.639597
14.9881585936 0.626793
15.4877595865 0.610023
15.9873603024 0.60733
16.4869607415 0.611798
16.9865609037 0.608407
17.486160789 0.619315
17.9857603974 0.608748
18.485359729 0.574152
18.9849587838 0.545262
19.4845575617 0.513886
19.9841560628 0.489501
20.4837542871 0.476601
20.9833522346 0.479796
21.4829499053 0.474733
21.9825472993 0.476634
22.4821444164 0.479119
22.9817412568 0.475412
23.4813378205 0.466965
23.9809341074 0.458427
24.4805301176 0.463583
24.980125851 0.46472
