-24.9562414038 0.82888
-24.457123241 0.78921
-23.9580048065 0.808372
-23.4588861003 0.832293
-22.9597671224 0.817941
-22.4606478726 0.789071
-21.9615283511 0.744719
-21.4624085578 0.707403
-20.9632884926 0.713761
-20.4641681556 0.754781
-19.9650475467 0.813868
-19.4659266659 0.835827
-18.9668055132 0.82985
-18.4676840885 0.792427
-17.9685623918 0.773
-17.4694404232 0.80836
-16.9703181826 0.864036
-16.4711956699 0.893683
-15.9720728852 0.886768
-15.4729498284 0.892097
-14.9738264995 0.844543
-14.4747028985 0.797566
-13.9755790253 0.749312
-13.47645488 0.707477
-12.9773304625 0.675079
-12.4782057728 0.668815
-11.9790808109 0.703212
-11.4799555767 0.669717
-10.9808300702 0.62575
-10.4817042915 0.578916
-9.98257824044 0.539583
-9.48345191705 0.536967
-8.9843253213 0.53179
-8.48519845317 0.495872
-7.98607131264 0.489765
-7.48694389968 0.480533
-6.98781621429 0.457204
-6.48868825642 0.435209
-5.98956002607 0.406059
-5.49043152321 0.386396
-4.99130274782 0.373649
-4.49217369988 0.378579
-3.99304437936 0.378344
-3.49391478625 0.333076
-2.99478492053 0.247891
-2.49565478216 0.202761
-1.99652437113 0.212183
-1.49739368743 0.200508
-0.998262731017 0.197076
-0.499131501881 0.17402
0 0.111774
0.499131774649 0.058057
0.998263822088 0.0488818
1.49739614234 0.0312636
1.99652873542 0.0185928
2.49566160135 0.0149496
2.99479474016 0.0225591
3.49392815187 0
3.9930618365 0.0172776
4.49219579407 0.146415
4.99133002459 0.252867
5.4904645281 0.344803
5.98959930462 0.418629
6.48873435416 0.489937
6.98786967674 0.549878
7.4870052724 0.616987
7.98614114115 0.67232
8.485277283 0.715623
8.98441369799 0.753191
9.48355038614 0.821045
9.98268734746 0.884507
10.481824582 0.944497
10.9809620897 0.982455
11.4800998707 1.0336
11.9792379249 1.09268
12.4783762524 1.14586
12.9775148533 1.14898
13.4766537274 1.15625
13.9757928749 1.12762
14.4749322958 1.10341
14.97407199 1.077
15.4732119577 1.04325
15.9723521988 1.00442
16.4714927133 0.971238
16.9706335014 0.947547
17.4697745629 0.938208
17.9689158979 0.933089
18.4680575065 0.928633
18.9671993886 0.917213
19.4663415444 0.897618
19.9654839737 0.886332
20.4646266766 0.880705
20.9637696532 0.865885
21.4629129035 0.852869
21.9620564274 0.837926
22.4612002251 0.829788
22.9603442965 0.826832
23.4594886416 0.820305
23.9586332605 0.811374
24.4577781532 0.81272
24.9569233197 0.840885
