-24.9423659779 1.20954
-24.4435260108 1.15346
-23.9446857441 1.09423
-23.4458451777 1.02648
-22.9470043116 0.967291
-22.4481631458 0.940613
-21.9493216802 0.926329
-21.4504799148 0.918954
-20.9516378497 0.91869
-20.4527954846 0.920719
-19.9539528197 0.936713
-19.4551098549 0.980875
-18.9562665902 1.00136
-18.4574230255 0.967478
-17.9585791609 0.898536
-17.4597349962 0.828393
-16.9608905314 0.778509
-16.4620457666 0.738121
-15.9632007017 0.699994
-15.4643553367 0.661194
-14.9655096715 0.633563
-14.4666637061 0.606516
-13.9678174405 0.593718
-13.4689708746 0.592593
-12.9701240085 0.567662
-12.4712768421 0.534598
-11.9724293753 0.512212
-11.4735816082 0.497583
-10.9747335407 0.497548
-10.4758851728 0.498752
-9.97703650444 0.497304
-9.47818753561 0.450704
-8.97933826627 0.416289
-8.48048869641 0.383485
-7.98163882598 0.361677
-7.48278865497 0.352686
-6.98393818334 0.349296
-6.48508741107 0.354084
-5.98623633813 0.342298
-5.48738496448 0.309713
-4.98853329011 0.26359
-4.48968131498 0.20895
-3.99082903906 0.187346
-3.49197646233 0.167817
-2.99312358475 0.149208
-2.4942704063 0.136637
-1.99541692696 0.13189
-1.49656314668 0.113852
-0.997709065448 0.0945927
-0.498854683231 0.069604
0 0.0510717
0.498854984273 0.0388585
0.997710269616 0.0334612
1.49656585606 0.0312522
1.99542174363 0.0205919
2.49427793235 0.010119
2.99313442226 0
3.49199121338 0.0143123
3.99084830574 0.0992813
4.48970569936 0.287645
4.98856339429 0.435204
5.48742139054 0.507666
5.98627968814 0.635017
6.48513828713 0.772245
6.98399718752 0.948421
7.48285638935 1.12094
7.98171589265 1.14606
8.48057569745 1.09473
8.97943580376 1.10877
9.47829621163 1.07716
9.97715692108 1.08418
10.4760179321 1.08701
10.9748792448 1.10629
11.4737408592 1.08241
11.9726027752 1.05248
12.471464993 1.03013
12.9703275125 1.0175
13.4691903338 1.01021
13.9680534569 0.998449
14.4669168818 0.984874
14.9657806086 0.977457
15.4646446373 0.968179
15.9635089679 0.962104
16.4623736004 0.948778
16.961238535 0.932786
17.4601037715 0.926654
17.95896931 0.918296
18.4578351506 0.908794
18.9567012933 0.898519
19.4555677382 0.887219
19.9544344851 0.867592
20.4533015342 0.850508
20.9521688855 0.83525
21.4510365391 0.818929
21.9499044949 0.812715
22.448772753 0.803105
22.9476413134 0.801338
23.4465101761 0.794491
23.9453793412 0.782437
24.4442488087 0.77386
24.9431185786 0.758949
