-24.9447560034 0.84622
-24.4458681499 0.837037
-23.9469800003 0.826034
-23.4480915544 0.812771
-22.9492028124 0.798401
-22.4503137741 0.783476
-21.9514244395 0.766532
-21.4525348087 0.747523
-20.9536448815 0.728588
-20.454754658 0.708633
-19.9558641381 0.689491
-19.4569733218 0.669556
-18.9580822091 0.650444
-18.4591907999 0.629691
-17.9602990942 0.609096
-17.4614070921 0.588278
-16.9625147933 0.56769
-16.4636221981 0.546196
-15.9647293062 0.524447
-15.4658361177 0.501354
-14.9669426325 0.476996
-14.4680488507 0.450976
-13.9691547721 0.422413
-13.4702603969 0.388984
-12.9713657248 0.350293
-12.472470756 0.277165
-11.9735754904 0.207198
-11.4746799279 0.150425
-10.9757840686 0.103311
-10.4768879124 0.0898413
-9.97799145919 0.0763767
-9.47909470908 0.0563716
-8.98019766199 0.038404
-8.4813003179 0.0262486
-7.98240267677 0.0183953
-7.48350473858 0.0114644
-6.98460650331 0.00589306
-6.48570797092 0.00278033
-5.98680914139 0.000368017
-5.48791001469 0
-4.98901059079 0.0040238
-4.49011086967 0.011012
-3.99121085129 0.0192521
-3.49231053564 0.0343905
-2.99340992268 0.0643943
-2.49450901239 0.103361
-1.99560780474 0.131543
-1.49670629971 0.147886
-0.997804497256 0.150643
-0.498902397363 0.145123
0 0.14025
0.498902694858 0.138675
0.997805687241 0.140763
1.49670897717 0.147727
1.99561256468 0.159391
2.4945164498 0.179142
2.99342063254 0.204411
3.49232511295 0.234197
3.99122989104 0.26897
4.49013496685 0.308781
4.9890403404 0.353189
5.48794601171 0.399951
5.98685198082 0.448132
6.48575824775 0.497738
6.98466481253 0.546413
7.48357167518 0.592887
7.98247883574 0.637585
8.48138629423 0.679067
8.98029405068 0.714329
9.47920210511 0.745033
9.97811045755 0.772173
10.477019108 0.792148
10.9759280566 0.81661
11.4748373032 0.834627
11.973746848 0.854499
12.4726566909 0.869393
12.971566832 0.882591
13.4704772712 0.891926
13.9693880087 0.895899
14.4682990445 0.898564
14.9672103785 0.900616
15.4661220109 0.90066
15.9650339416 0.89898
16.4639461706 0.892782
16.9628586981 0.876778
17.4617715239 0.852467
17.9606846482 0.818965
18.459598071 0.76963
18.9585117923 0.699305
19.457425812 0.617397
19.9563401304 0.543422
20.4552547473 0.51603
20.9541696628 0.509339
21.453084877 0.499207
21.9520003898 0.488523
22.4509162013 0.480351
22.9498323115 0.474677
23.4487487204 0.472314
23.9476654282 0.473068
24.4465824347 0.475495
24.94549974 0.480352
