-24.9562172589 0.968905
-24.4570995759 0.960131
-23.9579816214 0.947198
-23.4588633953 0.965836
-22.9597448976 0.980518
-22.4606261282 0.987422
-21.9615070871 0.986012
-21.4623877744 0.973965
-20.9632681899 0.972478
-20.4641483337 0.967077
-19.9650282058 0.944976
-19.4659078061 0.918934
-18.9667871346 0.905457
-18.4676661912 0.880424
-17.9685449761 0.84889
-17.469423489 0.828572
-16.9703017301 0.828586
-16.4711796993 0.8385
-15.9720573965 0.827853
-15.4729348218 0.800647
-14.9738119751 0.735064
-14.4746888564 0.679554
-13.9755654658 0.643687
-13.476441803 0.594491
-12.9773178682 0.565294
-12.4781936614 0.552001
-11.9790691824 0.500543
-11.4799444313 0.41962
-10.9808194081 0.407949
-10.4816941127 0.396139
-9.98256854506 0.380373
-9.48344270525 0.358553
-8.98431659321 0.361493
-8.48519020892 0.353848
-7.98606355234 0.334676
-7.48693662347 0.351952
-6.98780942229 0.307673
-6.48868194876 0.339376
-5.98955420286 0.3288
-5.49042618459 0.311843
-4.9912978939 0.247132
-4.49216933079 0.22288
-3.99304049523 0.208974
-3.4939113872 0.216392
-2.99478200668 0.216002
-2.49565235365 0.21347
-1.99652242807 0.184262
-1.49739222994 0.138778
-0.998261759238 0.10182
-0.49913101593 0.0962782
0 0.0914509
0.499131288572 0.0726072
0.99826284981 0.0290641
1.49739468373 0.0186096
1.99652679037 0.00806883
2.49565916973 0.00582399
2.99479182184 0.00377683
3.49392474672 0
3.9930579444 0.00631534
4.4921914149 0.0330223
4.99132515823 0.0703262
5.49045917442 0.112861
5.98959346349 0.177911
6.48872802546 0.266279
6.98786286035 0.381553
7.48699796819 0.519454
7.98613334899 0.63282
8.48526900279 0.740104
8.98440492959 0.839657
9.48354112942 0.879559
9.9826776023 0.899252
10.4818143483 0.911569
10.9809513673 0.926553
11.4800886595 0.966045
11.9792262248 1.02776
12.4783640632 1.1082
12.9775021749 1.17803
13.4766405597 1.21723
13.9757792178 1.23706
14.4749181491 1.24715
14.9740573537 1.27093
15.4731968315 1.28811
15.9723365827 1.26087
16.4714766072 1.22935
16.970616905 1.20886
17.4697574763 1.166
17.9688983209 1.18601
18.4680394389 1.17067
18.9671808304 1.12962
19.4663224953 1.1006
19.9654644337 1.08198
20.4646066456 1.06887
20.963749131 1.05496
21.46289189 1.03276
21.9620349225 1.01606
22.4611782286 1.00968
22.9603218083 1.00271
23.4594656617 0.985574
23.9586097887 0.967326
24.4577541893 0.950687
24.9568988637 0.939043
