-24.9447365518 0.656556
-24.4458490847 0.636249
-23.9469613215 0.619866
-23.4480732623 0.607694
-22.949184907 0.598578
-22.4502962555 0.592861
-21.9514073079 0.588523
-21.4525180641 0.583327
-20.953628524 0.57773
-20.4547386878 0.576154
-19.9558485552 0.577655
-19.4569581264 0.576306
-18.9580674013 0.563414
-18.4591763798 0.545483
-17.9602850619 0.51544
-17.4613934476 0.507047
-16.9625015369 0.518318
-16.4636093297 0.532339
-15.9647168261 0.536811
-15.4658240259 0.565457
-14.9669309292 0.571236
-14.4680375359 0.563428
-13.969143846 0.546839
-13.4702498595 0.534604
-12.9713555764 0.504998
-12.4724609965 0.477802
-11.97356612 0.447712
-11.4746709467 0.413978
-10.9757754767 0.365548
-10.4768797098 0.323375
-9.9779836462 0.299643
-9.47908728571 0.285969
-8.98019062836 0.283114
-8.48129367411 0.28822
-7.98239642293 0.298446
-7.4834988748 0.310021
-6.98460102969 0.325706
-6.48570288757 0.338812
-5.98680444842 0.320729
-5.48790571221 0.295466
-4.9890066789 0.265832
-4.49010734849 0.234948
-3.99120772092 0.201611
-3.49230779619 0.170191
-2.99340757426 0.142836
-2.49450705511 0.119953
-1.9956062387 0.100033
-1.49670512501 0.0812588
-0.997803714018 0.0651049
-0.49890200569 0.0507038
0 0.0368649
0.498902303078 0.0247626
0.997804903572 0.0143826
1.49670780151 0.00595423
1.99561099692 0
2.49451448982 0.00375237
2.99341828025 0.0114001
3.49232236823 0.0253846
3.99122675379 0.047432
4.49013143695 0.0732338
4.98903641775 0.10088
5.48794169621 0.133343
5.98684727235 0.169408
6.48575314621 0.207921
6.98465931781 0.249351
7.48356578719 0.291986
7.98247255435 0.334666
8.48137961934 0.376381
8.98028698218 0.415636
9.47919464289 0.449147
9.97810260151 0.477983
10.4770108581 0.502733
10.9759194126 0.52017
11.4748282651 0.540299
11.9737374156 0.57573
12.4726468641 0.607957
12.9715566107 0.630688
13.4704666554 0.65734
13.9693769983 0.681646
14.4682876392 0.700536
14.9671985784 0.71379
15.4661098157 0.724577
15.9650213513 0.732577
16.4639331851 0.738706
16.9628453172 0.742956
17.4617577477 0.746378
17.9606704764 0.748629
18.4595835035 0.749925
18.958496829 0.748806
19.457410453 0.747481
19.9563243753 0.745139
20.4552385962 0.741152
20.9541531155 0.736381
21.4530679334 0.729883
21.9519830498 0.722415
22.4508984648 0.714043
22.9498141784 0.705047
23.4487301906 0.694927
23.9476465015 0.685811
24.4465631111 0.680709
24.9454800194 0.697819
