-24.9423651435 0.778684
-24.443525193 0.763158
-23.9446849429 0.742227
-23.4458443931 0.725018
-22.9470035436 0.704946
-22.4481623943 0.694792
-21.9493209454 0.673274
-21.4504791966 0.644139
-20.951637148 0.60782
-20.4527947996 0.576734
-19.9539521513 0.558836
-19.4551092031 0.550372
-18.956265955 0.533261
-18.457422407 0.510327
-17.9585785589 0.490294
-17.4597344109 0.467858
-16.9608899628 0.457943
-16.4620452146 0.462065
-15.9632001664 0.466055
-15.464354818 0.450755
-14.9655091695 0.420332
-14.4666632207 0.380261
-13.9678169718 0.35528
-13.4689704226 0.356925
-12.9701235732 0.351195
-12.4712764234 0.337498
-11.9724289734 0.332324
-11.473581223 0.324055
-10.9747331722 0.281519
-10.4758848209 0.240714
-9.97703616929 0.218449
-9.47818721717 0.197799
-8.97933796455 0.181689
-8.48048841141 0.180024
-7.98163855771 0.177118
-7.48278840343 0.17244
-6.98393794854 0.167792
-6.48508719301 0.162805
-5.98623613681 0.152243
-5.48738477992 0.136603
-4.9885331223 0.124217
-4.48968116393 0.111487
-3.99082890478 0.0940072
-3.49197634481 0.0771773
-2.99312348401 0.0646735
-2.49427032234 0.05603
-1.99541685978 0.0495114
-1.49656309629 0.0395231
-0.997709031849 0.0284286
-0.498854666429 0.0161275
0 0.00596997
0.498854967466 0
0.997710235998 0.00125301
1.49656580562 0.00769496
1.99542167637 0.0154984
2.49427784827 0.0408342
2.99313432135 0.0659381
3.49199109563 0.123422
3.99084817115 0.203654
4.48970554793 0.256446
4.98856322601 0.308741
5.48742120541 0.360719
5.98627948615 0.39664
6.48513806827 0.421157
6.9839969518 0.429724
7.48285613676 0.418081
7.98171562318 0.420735
8.4805754111 0.429954
8.97943550053 0.464861
9.4782958915 0.497441
9.97715658405 0.516175
10.4760175782 0.51729
10.974878874 0.503085
11.4737404714 0.5249
11.9726023706 0.550723
12.4714645714 0.561719
12.970327074 0.564198
13.4691898784 0.56534
13.9680529845 0.568875
14.4669163925 0.577738
14.9657801024 0.574073
15.4646441141 0.564273
15.9635084278 0.567749
16.4623730434 0.572101
16.9612379609 0.561268
17.4601031805 0.569774
17.958968702 0.591535
18.4578345257 0.601405
18.9567006514 0.569055
19.4555670792 0.507437
19.9544338092 0.453221
20.4533008413 0.398659
20.9521681756 0.364707
21.4510358122 0.330903
21.949903751 0.322255
22.448771992 0.305226
22.9476405354 0.306026
23.4465093811 0.301679
23.9453785292 0.309228
24.4442479797 0.311204
24.9431177326 0.311002
