-24.9423645958 0.77912
-24.4435246562 0.744593
-23.944684417 0.728005
-23.445843878 0.722037
-22.9470030394 0.723044
-22.4481619011 0.716507
-21.949320463 0.712285
-21.4504787251 0.692786
-20.9516366874 0.675549
-20.4527943499 0.683681
-19.9539517126 0.686364
-19.4551087753 0.68806
-18.9562655381 0.68418
-18.457422001 0.671587
-17.9585781638 0.647251
-17.4597340267 0.61416
-16.9608895895 0.572025
-16.4620448523 0.508478
-15.963199815 0.428687
-15.4643544775 0.390247
-14.9655088399 0.387488
-14.4666629021 0.368401
-13.9678166641 0.353041
-13.4689701259 0.338287
-12.9701232874 0.312776
-12.4712761486 0.273247
-11.9724287095 0.251727
-11.4735809701 0.2341
-10.9747329302 0.214799
-10.47588459 0.199501
-9.9770359493 0.185349
-9.47818700815 0.177822
-8.9793377665 0.164721
-8.48048822434 0.174206
-7.98163838162 0.180571
-7.48278823832 0.176281
-6.98393779442 0.174082
-6.48508704988 0.154124
-5.98623600467 0.138443
-5.48738465877 0.11942
-4.98853301215 0.111378
-4.48968106478 0.100134
-3.99082881663 0.108534
-3.49197626767 0.123298
-2.99312341788 0.110004
-2.49427026723 0.0825079
-1.99541681568 0.0460933
-1.49656306321 0.0251201
-0.997709009794 0.0093928
-0.4988546554 0.00116638
0 0
0.498854956433 0.000467147
0.99771021393 0.00438349
1.49656577252 0.0120113
1.99542163222 0.0147388
2.49427779308 0.0215128
2.99313425511 0.0310551
3.49199101834 0.0395831
3.99084808281 0.052369
4.48970544853 0.0993036
4.98856311555 0.192095
5.48742108388 0.350907
5.98627935356 0.474268
6.48513792461 0.549926
6.98399679707 0.584971
7.48285597096 0.583465
7.9817154463 0.581807
8.48057522313 0.58277
8.97943530148 0.594912
9.47829568137 0.609015
9.97715636283 0.630054
10.4760173459 0.649658
10.9748786306 0.691329
11.4737402169 0.727551
11.972602105 0.779975
12.4714642947 0.88012
12.9703267862 0.963044
13.4691895794 1.04119
13.9680526745 1.02683
14.4669160714 0.995766
14.9657797701 0.979638
15.4646437707 0.938549
15.9635080732 0.889617
16.4623726777 0.819537
16.9612375841 0.798662
17.4601027925 0.755692
17.958968303 0.718544
18.4578341154 0.68669
18.95670023 0.648143
19.4555666467 0.615952
19.9544333655 0.564193
20.4533003865 0.507598
20.9521677096 0.489942
21.451035335 0.485857
21.9499032627 0.478637
22.4487714926 0.474443
22.9476400248 0.455161
23.4465088593 0.443071
23.9453779962 0.447735
24.4442474355 0.450531
24.9431171772 0.472592
