-43.5870402086	29.2956431766	-24.9563740357	24.3288091606	-2566.29775582
-43.5849159824	29.2997404475	-24.457253237	24.3288091606	-2576.42649405
-43.5827915857	29.3038376848	-23.958132166	24.329848645	-2604.66317115
-43.5806670185	29.3079348885	-23.4590108225	24.3308883454	-2641.89676825
-43.5785422807	29.3120320586	-22.9598892067	24.3319282615	-2665.23572394
-43.5764173723	29.316129195	-22.4607673183	24.3329683937	-2688.49648795
-43.5742922932	29.3202262978	-21.9616451575	24.3340087421	-2708.51477929
-43.5721670435	29.324323367	-21.4625227242	24.3350493063	-2718.64985684
-43.570041623	29.3284204024	-20.9634000184	24.3360900868	-2732.25901019
-43.5679160317	29.3325174042	-20.46427704	24.3371310833	-2761.85039151
-43.5657902696	29.3366143723	-19.9651537891	24.3381722959	-2812.93703811
-43.5636643366	29.3407113068	-19.4660302656	24.3392137248	-2860.37832691
-43.5615382327	29.3448082075	-18.9669064694	24.34025537	-2893.0539413
-43.5594119579	29.3489050745	-18.4677824007	24.3412972313	-2899.21715164
-43.5572855121	29.3530019078	-17.9686580593	24.3423393089	-2904.14940475
-43.5551588953	29.3570987074	-17.4695334452	24.343381603	-2923.20005045
-43.5530321074	29.3611954733	-16.9704085584	24.3444241134	-2944.42632848
-43.5509051483	29.3652922054	-16.4712833989	24.3454668399	-2957.60959554
-43.5487780182	29.3693889038	-15.9721579667	24.3465097833	-3005.16468113
-43.5466507168	29.3734855684	-15.4730322617	24.3475529428	-3036.01457287
-43.5445232443	29.3775821992	-14.9739062839	24.3485963191	-3104.35394813
-43.5423956004	29.3816787963	-14.4747800333	24.3496399119	-3151.90126697
-43.5402677852	29.3857753596	-13.9756535099	24.350683721	-3121.8939542
-43.5381397987	29.3898718892	-13.4765267137	24.351727747	-3075.26608756
-43.5360116408	29.3939683849	-12.9773996446	24.3527719896	-3049.27706819
-43.5338833114	29.3980648468	-12.4782723026	24.3538164488	-3046.57746059
-43.5317548106	29.4021612749	-11.9791446876	24.3548611248	-3070.98573258
-43.5296261382	29.4062576692	-11.4800167998	24.3559060175	-3090.10872111
-43.5274972943	29.4103540296	-10.980888639	24.3569511269	-3057.9115365
-43.5253682788	29.4144503562	-10.4817602052	24.3579964532	-3021.57233103
-43.5232390917	29.418546649	-9.98263149842	24.3590419965	-3009.75699901
-43.5211097328	29.4226429079	-9.48350251862	24.3600877564	-3007.47773188
-43.5189802023	29.4267391329	-8.98437326578	24.3611337335	-3022.25766764
-43.5168504999	29.4308353241	-8.48524373988	24.3621799275	-3024.66234933
-43.5147206258	29.4349314814	-7.98611394089	24.3632263385	-3035.95001133
-43.5125905798	29.4390276048	-7.48698386879	24.3642729665	-3062.73722496
-43.5104603619	29.4431236943	-6.98785352357	24.3653198114	-3072.98436622
-43.5083299721	29.4472197499	-6.4887229052	24.3663668737	-3054.73904661
-43.5061994104	29.4513157715	-5.98959201366	24.367414153	-3027.76876653
-43.5040686766	29.4554117593	-5.49046084892	24.3684616494	-3017.51976288
-43.5019377707	29.4595077131	-4.99132941098	24.3695093632	-3007.46593869
-43.4998066928	29.463603633	-4.49219769979	24.3705572941	-3003.11582569
-43.4976754427	29.4676995189	-3.99306571535	24.3716054423	-2990.06836895
-43.4955440205	29.4717953709	-3.49393345763	24.3726538078	-2994.07941747
-43.493412426	29.4758911889	-2.99480092661	24.3737023907	-2990.89480409
-43.4912806593	29.479986973	-2.49566812227	24.3747511909	-2983.55603901
-43.4891487202	29.484082723	-1.99653504459	24.3758002088	-2992.96031482
-43.4870166089	29.4881784391	-1.49740169354	24.3768494438	-3000.47389058
-43.4848843251	29.4922741212	-0.998268069111	24.3778988964	-2985.55667363
-43.4827518689	29.4963697693	-0.49913417127	24.3789485667	-2970.38140162
-43.4806192403	29.5004653833	0	24.3799984544	-2996.33576555
-43.4784864391	29.5045609633	0.49913444472	24.3810485597	-3082.49658445
-43.4763534654	29.5086565093	0.998269162912	24.3820988826	-3149.94278632
-43.4742203192	29.5127520213	1.4974041546	24.3831494233	-3157.39666933
-43.4720870002	29.5168474992	1.9965394198	24.3842001816	-3121.31452681
-43.4699535086	29.520942943	2.49567495853	24.3852511577	-3090.62691473
-43.4678198443	29.5250383528	2.99481077083	24.3863023515	-3084.59385191
-43.4656860073	29.5291337285	3.4939468567	24.3873537633	-3077.49065345
-43.4635519974	29.5332290701	3.99308321617	24.3884053926	-3073.29795663
-43.4614178147	29.5373243777	4.49221984927	24.3894572401	-3062.28557971
-43.4592834591	29.5414196511	4.99135675601	24.3905093054	-3038.6288706
-43.4571489306	29.5455148904	5.49049393641	24.3915615886	-3006.14990773
-43.4550142292	29.5496100956	5.9896313905	24.3926140899	-2950.15763346
-43.4528793547	29.5537052667	6.4887691183	24.393666809	-2905.48170642
-43.4507443072	29.5578004037	6.98790711983	24.3947197464	-2911.69634142
-43.4486090866	29.5618955065	7.4870453951	24.3957729018	-2931.98673963
-43.4464736929	29.5659905751	7.98618394415	24.3968262753	-2911.2240008
-43.444338126	29.5700856096	8.48532276699	24.3978798671	-2857.84521749
-43.4422023859	29.57418061	8.98446186365	24.3989336771	-2773.2721919
-43.4400664725	29.5782755761	9.48360123414	24.3999877049	-2697.49766571
-43.4379303859	29.5823705081	9.98274087849	24.4010419515	-2642.46299005
-43.4357941259	29.5864654059	10.4818807967	24.4020964162	-2622.15558977
-43.4336576925	29.5905602695	10.9810209888	24.4031510993	-2615.50958979
-43.4315210857	29.5946550988	11.4801614549	24.4042060007	-2610.51663456
-43.4293843055	29.598749894	11.9793021949	24.4052611205	-2593.75273893
-43.4272473518	29.6028446549	12.4784432088	24.4063164587	-2580.73416238
-43.4251102245	29.6069393816	12.9775844968	24.4073720156	-2568.40957932
-43.4229729236	29.611034074	13.4767260587	24.4084277909	-2554.27373036
-43.4208354491	29.6151287322	13.9758678947	24.4094837847	-2508.39041439
-43.418697801	29.6192233562	14.4750100047	24.4105399971	-2456.11022224
-43.4165599791	29.6233179458	14.9741523888	24.4115964283	-2435.13472742
-43.4144219835	29.6274125012	15.473295047	24.412653078	-2427.37999159
-43.4122838141	29.6315070223	15.9724379793	24.4137099465	-2436.57669944
-43.4101454708	29.6356015091	16.4715811857	24.4147670334	-2439.59291309
-43.4080069537	29.6396959616	16.9707246663	24.4158243396	-2447.18879449
-43.4058682627	29.6437903798	17.4698684211	24.4168818641	-2444.96451329
-43.4037293977	29.6478847637	17.96901245	24.4179396077	-2452.09408979
-43.4015903587	29.6519791132	18.4681567532	24.4189975702	-2458.76008958
-43.3994511457	29.6560734284	18.9673013306	24.4200557516	-2460.87163888
-43.3973117586	29.6601677093	19.4664461823	24.421114152	-2468.86401864
-43.3951721973	29.6642619558	19.9655913083	24.4221727712	-2482.38911017
-43.3930324619	29.6683561679	20.4647367085	24.4232316095	-2491.29274448
-43.3908925523	29.6724503457	20.9638823831	24.4242906668	-2495.88123824
-43.3887524684	29.6765444891	21.4630283321	24.4253499431	-2498.88012178
-43.3866122103	29.6806385981	21.9621745554	24.426409439	-2504.49010326
-43.3844717778	29.6847326727	22.4613210531	24.4274691535	-2515.83438406
-43.3823311709	29.6888267129	22.9604678252	24.4285290876	-2510.54631416
-43.3801903896	29.6929207187	23.4596148717	24.4295892406	-2501.34019421
-43.3780494339	29.6970146901	23.9587621927	24.4306496131	-2504.62703062
-43.3759083037	29.701108627	24.4579097882	24.4317102049	-2507.52180624
-43.3737669989	29.7052025295	24.9570576581	24.4327710159	-2506.12771218
