-44.699217165	29.4984854675	-24.9447753746	350.798269933	-3221.88498894
-44.7000433525	29.5029242031	-24.4458871363	350.798269933	-3237.73228448
-44.7008696125	29.5073629336	-23.9469986017	350.79786309	-3253.31833613
-44.7016959449	29.511801659	-23.4481097709	350.797456155	-3270.03553925
-44.7025223498	29.5162403793	-22.9492206437	350.79704913	-3288.4545437
-44.7033488272	29.5206790944	-22.4503312202	350.796642012	-3306.69131448
-44.7041753771	29.5251178045	-21.9514415003	350.796234804	-3324.80619165
-44.7050019995	29.5295565094	-21.452551484	350.795827503	-3343.77282109
-44.7058286945	29.5339952092	-20.9536611713	350.795420112	-3362.03358308
-44.7066554621	29.5384339039	-20.4547705622	350.795012629	-3379.74092597
-44.7074823022	29.5428725935	-19.9558796565	350.794605054	-3397.7102134
-44.708309215	29.5473112779	-19.4569884544	350.794197388	-3414.72236205
-44.7091362004	29.5517499573	-18.9580969557	350.793789631	-3431.57670129
-44.7099632584	29.5561886315	-18.4592051604	350.793381782	-3448.35753117
-44.7107903891	29.5606273006	-17.9603130685	350.792973841	-3463.57002243
-44.7116175925	29.5650659646	-17.4614206801	350.792565808	-3479.09969021
-44.7124448686	29.5695046234	-16.9625279949	350.792157684	-3493.419582
-44.7132722174	29.5739432771	-16.4636350131	350.791749469	-3508.64412476
-44.714099639	29.5783819257	-15.9647417346	350.791341162	-3523.43532405
-44.7149271334	29.5828205692	-15.4658481594	350.790932763	-3538.17577683
-44.7157547005	29.5872592075	-14.9669542874	350.790524273	-3552.91450952
-44.7165823404	29.5916978407	-14.4680601186	350.79011569	-3567.16074062
-44.7174100532	29.5961364688	-13.9691656531	350.789707017	-3579.09155926
-44.7182378388	29.6005750917	-13.4702708906	350.789298251	-3584.35179923
-44.7190656973	29.6050137095	-12.9713758313	350.788889394	-3595.8744278
-44.7198936286	29.6094523221	-12.4724804752	350.788480445	-3611.47377881
-44.7207216329	29.6138909296	-11.973584822	350.788071404	-3629.56665251
-44.7215497101	29.618329532	-11.474688872	350.787662271	-3653.67281973
-44.7223778602	29.6227681292	-10.975792625	350.787253047	-3686.06472883
-44.7232060833	29.6272067213	-10.4768960809	350.78684373	-3728.35428376
-44.7240343793	29.6316453083	-9.97799923986	350.786434322	-3779.66505676
-44.7248627484	29.6360838901	-9.47910210173	350.786024822	-3841.12318461
-44.7256911905	29.6405224667	-8.98020466652	350.785615231	-3883.50581863
-44.7265197056	29.6449610382	-8.4813069342	350.785205547	-3876.10653085
-44.7273482938	29.6493996045	-7.98240890473	350.784795772	-3873.78370185
-44.728176955	29.6538381657	-7.4835105781	350.784385904	-3878.42213955
-44.7290056894	29.6582767218	-6.98461195428	350.783975944	-3885.4170638
-44.7298344969	29.6627152727	-6.48571303323	350.783565893	-3882.77916436
-44.7306633775	29.6671538184	-5.98681381493	350.78315575	-3864.50698589
-44.7314923312	29.671592359	-5.48791429936	350.782745514	-3844.74309913
-44.7323213582	29.6760308944	-4.98901448648	350.782335187	-3850.47136953
-44.7331504583	29.6804694246	-4.49011437627	350.781924767	-3870.64825178
-44.7339796317	29.6849079497	-3.9912139687	350.781514256	-3894.15675012
-44.7348088783	29.6893464696	-3.49231326375	350.781103653	-3922.95359271
-44.7356381981	29.6937849844	-2.99341226139	350.780692957	-3969.75695614
-44.7364675912	29.698223494	-2.49451096158	350.780282169	-3977.34194704
-44.7372970576	29.7026619984	-1.99560936431	350.77987129	-3993.31121227
-44.7381265973	29.7071004977	-1.49670746954	350.779460318	-4008.70658987
-44.7389562104	29.7115389918	-0.997805277252	350.779049253	-4022.64290882
-44.7397858968	29.7159774807	-0.498902787414	350.778638098	-4025.05395157
-44.7406156566	29.7204159644	0	350.778226849	-4025.35360627
-44.7414454897	29.724854443	0.498903085017	350.777815509	-4033.11661208
-44.7422753963	29.7292929164	0.997806467665	350.777404076	-4028.81882125
-44.7431053763	29.7337313846	1.49671014797	350.776992551	-4003.97415724
-44.7439354298	29.7381698477	1.99561412596	350.776580934	-3977.23167725
-44.7447655567	29.7426083055	2.49451840166	350.776169224	-3950.05479504
-44.7455957571	29.7470467582	2.9934229751	350.775757422	-3916.79410166
-44.7464260311	29.7514852057	3.49232784631	350.775345528	-3880.25242119
-44.7472563785	29.755923648	3.99123301531	350.774933542	-3841.95341617
-44.7480867995	29.7603620851	4.49013848213	350.774521463	-3799.62400069
-44.7489172941	29.7648005171	4.9890442468	350.774109292	-3754.8683841
-44.7497478623	29.7692389438	5.48795030934	350.773697029	-3708.77377663
-44.750578504	29.7736773654	5.98685666979	350.773284673	-3661.57235339
-44.7514092194	29.7781157818	6.48576332816	350.772872224	-3616.06090803
-44.7522400085	29.782554193	6.98467028449	350.772459684	-3574.68615783
-44.7530708712	29.7869925989	7.48357753881	350.772047051	-3539.82190783
-44.7539018076	29.7914309997	7.98248509113	350.771634325	-3514.17564096
-44.7547328177	29.7958693953	8.48139294149	350.771221507	-3497.96232959
-44.7555639015	29.8003077857	8.98030108991	350.770808597	-3494.57706032
-44.7563950591	29.8047461709	9.47920953643	350.770395594	-3502.06672363
-44.7572262904	29.8091845509	9.97811828106	350.769982499	-3509.69407516
-44.7580575955	29.8136229257	10.4770273238	350.76956931	-3508.77598128
-44.7588889745	29.8180612953	10.9759366648	350.76915603	-3486.74665031
-44.7597204272	29.8224996597	11.4748463039	350.768742657	-3454.51669752
-44.7605519538	29.8269380189	11.9737562413	350.768329191	-3421.7908069
-44.7613835543	29.8313763728	12.472666477	350.767915633	-3388.45688623
-44.7622152286	29.8358147216	12.9715770109	350.767501982	-3366.2768652
-44.7630469768	29.8402530652	13.4704878431	350.767088238	-3356.06971124
-44.763878799	29.8446914035	13.9693989736	350.766674402	-3337.47530809
-44.7647106951	29.8491297366	14.4683104026	350.766260473	-3270.15929486
-44.7655426652	29.8535680645	14.9672221299	350.765846451	-3217.9010328
-44.7663747092	29.8580063872	15.4661341556	350.765432337	-3188.91575469
-44.7672068273	29.8624447047	15.9650464797	350.76501813	-3181.01767464
-44.7680390194	29.866883017	16.4639591024	350.76460383	-3189.39194393
-44.7688712855	29.871321324	16.9628720235	350.764189438	-3210.08468539
-44.7697036257	29.8757596258	17.4617852431	350.763774952	-3238.79288471
-44.7705360399	29.8801979224	17.9606987613	350.763360374	-3271.69526523
-44.7713685283	29.8846362138	18.4596125781	350.762945703	-3306.64464104
-44.7722010908	29.8890744999	18.9585266935	350.76253094	-3340.65711032
-44.7730337274	29.8935127809	19.4574411075	350.762116083	-3372.91466141
-44.7738664381	29.8979510566	19.9563558202	350.761701133	-3404.60403512
-44.7746992231	29.902389327	20.4552708315	350.761286091	-3434.57498057
-44.7755320823	29.9068275922	20.9541861416	350.760870956	-3460.10713362
-44.7763650156	29.9112658522	21.4531017504	350.760455728	-3483.59979102
-44.7771980233	29.915704107	21.952017658	350.760040407	-3503.02816376
-44.7780311051	29.9201423565	22.4509338643	350.759624993	-3516.16260693
-44.7788642613	29.9245806008	22.9498503695	350.759209486	-3526.66271619
-44.7796974918	29.9290188399	23.4487671735	350.758793886	-3534.61950062
-44.7805307965	29.9334570737	23.9476842764	350.758378193	-3537.51132987
-44.7813641756	29.9378953022	24.4466016782	350.757962407	-3535.30015177
-44.7821976291	29.9423335256	24.945519379	350.757546528	-3527.44989942
