-44.0578387626	29.4257272256	-24.9423652668	0.229286232946	-3033.26829743
-44.057818102	29.4302237926	-24.4435253139	0.229286232946	-3033.47829637
-44.0577974395	29.4347203595	-23.9446850613	0.229296384078	-3041.01248295
-44.0577767753	29.4392169265	-23.445844509	0.229306537676	-3051.64650511
-44.0577561092	29.4437134934	-22.9470036571	0.229316693346	-3068.72633175
-44.0577354412	29.4482100603	-22.4481625054	0.229326851558	-3081.38574078
-44.0577147715	29.4527066273	-21.949321054	0.22933701184	-3101.99651996
-44.0576940999	29.4572031942	-21.4504793028	0.229347174664	-3120.98665172
-44.0576734264	29.4616997612	-20.9516372517	0.229357339632	-3140.55065616
-44.0576527512	29.4661963281	-20.4527949009	0.229367506983	-3149.46078437
-44.0576320741	29.470692895	-19.9539522501	0.229377676556	-3164.83577078
-44.0576113952	29.4751894619	-19.4551092995	0.229387848666	-3176.67283253
-44.0575907144	29.4796860288	-18.9562660489	0.229398022917	-3186.95635376
-44.0575700318	29.4841825958	-18.4574224984	0.229408199625	-3184.52131507
-44.0575493474	29.4886791627	-17.9585786479	0.229418378394	-3174.25067848
-44.0575286611	29.4931757296	-17.4597344974	0.229428559774	-3149.85924535
-44.057507973	29.4976722965	-16.9608900468	0.229438743134	-3155.24813869
-44.057487283	29.5021688634	-16.4620452962	0.229448929261	-3199.08573778
-44.0574665913	29.5066654303	-15.9632002455	0.229459117287	-3261.43720366
-44.0574458976	29.5111619972	-15.4643548947	0.229469307763	-3309.55823835
-44.0574252022	29.5156585641	-14.9655092437	0.229479500608	-3359.85888533
-44.0574045049	29.520155131	-14.4666632925	0.229489695744	-3399.236895
-44.0573838058	29.5246516979	-13.9678170411	0.229499893326	-3424.13020403
-44.0573631048	29.5291482648	-13.4689704894	0.229510093038	-3430.86894198
-44.057342402	29.5336448316	-12.9701236375	0.229520295116	-3433.62426455
-44.0573216973	29.5381413985	-12.4712764853	0.229530499638	-3439.47749902
-44.0573009908	29.5426379654	-11.9724290328	0.229540706207	-3450.00470422
-44.0572802825	29.5471345323	-11.4735812799	0.229550915532	-3481.30163909
-44.0572595723	29.5516310991	-10.9747332266	0.229561126669	-3524.35831452
-44.0572388602	29.556127666	-10.475884873	0.229571340558	-3561.06354146
-44.0572181464	29.5606242329	-9.97703621883	0.229581556492	-3571.75631959
-44.0571974307	29.5651207997	-9.47818726424	0.229591775021	-3582.43176335
-44.0571767131	29.5696173666	-8.97933800915	0.229601995513	-3592.86510915
-44.0571559937	29.5741139334	-8.48048845354	0.229612218518	-3619.05959616
-44.0571352724	29.5786105003	-7.98163859737	0.229622444114	-3636.83553199
-44.0571145493	29.5831070671	-7.48278844061	0.229632671593	-3650.04546925
-44.0570938244	29.587603634	-6.98393798325	0.229642901503	-3653.5964834
-44.0570730976	29.5921002008	-6.48508722524	0.229653133843	-3646.09181229
-44.057052369	29.5965967676	-5.98623616657	0.229663368534	-3648.55501268
-44.0570316385	29.6010933345	-5.4873848072	0.229673605496	-3666.44248593
-44.0570109062	29.6055899013	-4.98853314711	0.229683844728	-3691.07669542
-44.056990172	29.6100864681	-4.48968118626	0.229694086465	-3710.70405058
-44.0569694359	29.6145830349	-3.99082892462	0.229704330391	-3742.5833666
-44.0569486981	29.6190796018	-3.49197636218	0.229714576506	-3769.55813727
-44.0569279583	29.6235761686	-2.9931234989	0.229724825357	-3787.67528834
-44.0569072167	29.6280727354	-2.49427033475	0.229735076081	-3797.64369038
-44.0568864733	29.6325693022	-1.99541686971	0.229745329382	-3794.43654968
-44.056865728	29.637065869	-1.49656310374	0.229755585104	-3786.04339105
-44.0568449809	29.6415624358	-0.997709036815	0.229765842928	-3786.93058432
-44.0568242319	29.6460590026	-0.498854668913	0.229776103173	-3800.91964069
-44.056803481	29.6505555694	0	0.22978636591	-3805.27217469
-44.0567827283	29.6550521362	0.49885496995	0.229796630672	-3800.97175545
-44.0567619738	29.659548703	0.997710240967	0.229806898004	-3796.019093
-44.0567412174	29.6640452698	1.49656581308	0.229817167436	-3793.04882198
-44.0567204591	29.6685418366	1.99542168631	0.229827439594	-3754.12745732
-44.056699699	29.6730384033	2.4942778607	0.229837713771	-3710.49140539
-44.056678937	29.6775349701	2.99313433626	0.229847990201	-3633.46462927
-44.0566581731	29.6820315369	3.49199111304	0.229858269275	-3557.5904428
-44.0566374074	29.6865281037	3.99084819104	0.229868550523	-3487.21012193
-44.0566166399	29.6910246704	4.48970557032	0.229878834098	-3465.13220984
-44.0565958705	29.6955212372	4.98856325088	0.229889120001	-3441.11077724
-44.0565750992	29.700017804	5.48742123277	0.229899408308	-3457.30193591
-44.0565543261	29.7045143707	5.98627951601	0.229909698941	-3459.76437801
-44.0565335511	29.7090109375	6.48513810062	0.22991999182	-3439.59074476
-44.0565127742	29.7135075042	6.98399698664	0.2299302871	-3458.69850087
-44.0564919955	29.718004071	7.4828561741	0.229940584859	-3510.35689894
-44.0564712149	29.7225006377	7.98171566301	0.229950884704	-3516.5507448
-44.0564504325	29.7269972045	8.48057545342	0.229961186947	-3525.26433814
-44.0564296482	29.7314937712	8.97943554535	0.229971491587	-3534.63510354
-44.056408862	29.7359903379	9.47829593882	0.229981798702	-3545.26350613
-44.056388074	29.7404869047	9.97715663387	0.229992107742	-3579.15162666
-44.0563672841	29.7449834714	10.4760176305	0.230002419803	-3584.61601171
-44.0563464924	29.7494800381	10.9748789288	0.230012733473	-3528.33196143
-44.0563256987	29.7539766049	11.4737405288	0.230023049848	-3416.75660719
-44.0563049033	29.7584731716	11.9726024304	0.230033368615	-3345.1364671
-44.0562841059	29.7629697383	12.4714646337	0.230043689693	-3352.5391981
-44.0562633067	29.767466305	12.9703271388	0.230054013081	-3354.80322422
-44.0562425056	29.7719628717	13.4691899457	0.230064338622	-3343.91722378
-44.0562217026	29.7764594384	13.9680530544	0.230074666862	-3319.52794807
-44.0562008978	29.7809560051	14.4669164649	0.230084997018	-3295.31605485
-44.0561800911	29.7854525718	14.9657801772	0.23009532995	-3279.94316205
-44.0561592826	29.7899491385	15.4646441915	0.230105665031	-3266.07311438
-44.0561384721	29.7944457052	15.9635085076	0.230116002494	-3254.04056472
-44.0561176598	29.7989422719	16.4623731257	0.230126342181	-3241.27500512
-44.0560968456	29.8034388386	16.9612380458	0.230136684406	-3241.64047449
-44.0560760296	29.8079354053	17.4601032678	0.230147028773	-3270.0988501
-44.0560552117	29.812431972	17.9589687919	0.230157375676	-3302.67955686
-44.0560343919	29.8169285386	18.4578346181	0.230167724799	-3337.54073001
-44.0560135702	29.8214251053	18.9567007463	0.230178076376	-3357.36078083
-44.0559927467	29.825921672	19.4555671766	0.23018843025	-3376.59815594
-44.0559719213	29.8304182386	19.9544339091	0.230198786419	-3382.24181203
-44.055951094	29.8349148053	20.4533009437	0.230209145038	-3404.30277014
-44.0559302648	29.839411372	20.9521682806	0.230219505952	-3418.28736835
-44.0559094338	29.8439079386	21.4510359196	0.230229869078	-3443.77620525
-44.0558886009	29.8484045053	21.9499038609	0.230240234888	-3443.97962396
-44.0558677661	29.8529010719	22.4487721045	0.230250602909	-3447.83786419
-44.0558469295	29.8573976386	22.9476406504	0.230260973062	-3445.1804053
-44.0558260909	29.8618942052	23.4465094986	0.230271345739	-3446.90709859
-44.0558052505	29.8663907719	23.9453786492	0.230281720859	-3437.72115117
-44.0557844082	29.8708873385	24.4442481022	0.230292098185	-3429.491938
-44.055763564	29.8753839051	24.9431178576	0.230302478111	-3443.47967971
