-24.9441886725 0.464392
-24.4453121859 0.478295
-23.9464354022 0.490695
-23.4475583216 0.499596
-22.9486809439 0.511033
-22.4498032692 0.523937
-21.9509252974 0.528987
-21.4520470284 0.523727
-20.9531684624 0.508472
-20.4542895991 0.483626
-19.9554104387 0.484111
-19.456530981 0.52378
-18.9576512261 0.544996
-18.4587711738 0.538795
-17.9598908243 0.505258
-17.4610101775 0.47211
-16.9621292332 0.464181
-16.4632479916 0.458599
-15.9643664526 0.459664
-15.4654846161 0.45956
-14.9666024822 0.433861
-14.4677200507 0.405064
-13.9688373217 0.381833
-13.4699542951 0.385684
-12.971070971 0.388684
-12.4721873492 0.345461
-11.9733034299 0.315737
-11.4744192128 0.299893
-10.975534698 0.284829
-10.4766498855 0.282953
-9.97776477529 0.285577
-9.47887936727 0.262963
-8.97999366145 0.243357
-8.48110765778 0.225564
-7.98222135626 0.215074
-7.48333475684 0.191146
-6.98444785951 0.163346
-6.48556066423 0.160382
-5.98667317097 0.176188
-5.48778537972 0.158713
-4.98889729044 0.134186
-4.4900089031 0.0407803
-3.99112021768 4.9118e-05
-3.49223123414 0
-2.99334195247 0.00419755
-2.49445237264 0.0114471
-1.9955624946 0.0200618
-1.49667231835 0.0402292
-0.997781843854 0.069805
-0.498891071079 0.0723003
0 0.071732
0.49889136941 0.0777839
0.997783037177 0.0846622
1.49667500333 0.0986555
1.9955672679 0.120641
2.49445983091 0.150977
2.99335269238 0.189747
3.49224585235 0.235957
3.99113931085 0.289074
4.49003306789 0.350101
4.98892712352 0.419936
5.48782147774 0.497874
5.9867161306 0.582636
6.48561108212 0.672875
6.98450633233 0.766173
7.48340188125 0.859941
7.98229772892 0.95495
8.48119387535 1.05116
8.98009032058 1.14775
9.47898706464 1.24654
9.97788410754 1.34681
10.4767814493 1.43993
10.97567909 1.51914
11.4745770296 1.5854
11.9734752682 1.6011
12.4723738058 1.57437
12.9712726424 1.54071
13.470171778 1.5076
13.9690712127 1.4452
14.4679709465 1.37921
14.9668709794 1.31611
15.4657713115 1.24741
15.9646719428 1.1853
16.4635728732 1.1302
16.9624741029 1.07966
17.4613756319 1.03282
17.9602774601 0.992163
18.4591795877 0.957362
18.9580820146 0.928557
19.4569847408 0.906924
19.9558877665 0.890157
20.4547910916 0.876734
20.9536947161 0.86731
21.4525986401 0.864836
21.9515028637 0.866458
22.4504073867 0.869494
22.9493122093 0.87451
23.4482173315 0.877707
23.9471227533 0.876497
24.4460284748 0.874479
24.9449344959 0.871108
