-24.9456519962 0.781768
-24.4467461905 0.790193
-23.94784009 0.765567
-23.4489336946 0.741891
-22.9500270043 0.720781
-22.451120019 0.697632
-21.9522127389 0.665707
-21.4533051637 0.652639
-20.9543972936 0.655455
-20.4554891284 0.656176
-19.9565806681 0.647993
-19.4576719128 0.634662
-18.9587628624 0.624304
-18.4598535168 0.61805
-17.960943876 0.581387
-17.4620339401 0.545076
-16.9631237089 0.55456
-16.4642131825 0.553902
-15.9653023608 0.522388
-15.4663912438 0.459135
-14.9674798315 0.371986
-14.4685681238 0.312506
-13.9696561207 0.281511
-13.4707438223 0.270661
-12.9718312283 0.272685
-12.472918339 0.267769
-11.9740051541 0.246068
-11.4750916737 0.217915
-10.9761778978 0.209991
-10.4772638263 0.199523
-9.97834945918 0.15962
-9.47943479645 0.11079
-8.98051983807 0.0914619
-8.48160458401 0.0871308
-7.98268903424 0.0803599
-7.48377318874 0.0747608
-6.98485704748 0.0721989
-6.48594061043 0.0712649
-5.98702387757 0.0718423
-5.48810684887 0.0728075
-4.9891895243 0.0747951
-4.49027190384 0.0756462
-3.99135398745 0.0759741
-3.49243577512 0.0773204
-2.99351726681 0.0784276
-2.49459846251 0.078112
-1.99567936217 0.071098
-1.49675996578 0.0600681
-0.997840273302 0.0475807
-0.498920284719 0.036735
0 0.0268459
0.49892058088 0.0169712
0.997841457949 0.00825072
1.49676263124 0
1.99568410076 0.00954886
2.49460586656 0.0100877
2.99352792865 0.00791999
3.49245028707 0.00431051
3.99137294183 0.00375742
4.49029589297 0.00919835
4.98921914051 0.0153129
5.48814268448 0.0196482
5.98706652491 0.0342104
6.48599066182 0.0441527
6.98491509524 0.0995319
7.4838398252 0.111627
7.98276485172 0.10916
8.48169017482 0.128523
8.98061579455 0.190268
9.47954171091 0.263336
9.97846792395 0.347681
10.4773944337 0.414706
10.9763212401 0.502965
11.4752483433 0.61268
11.9741757433 0.722495
12.4731034401 0.822209
12.9720314337 0.886301
13.4709597242 0.928199
13.9698883115 0.961773
14.4688171958 0.986825
14.9677463769 1.00694
15.4666758551 1.02444
15.9656056302 1.03864
16.4645357024 1.04856
16.9634660716 1.05278
17.4623967378 1.05351
17.9613277012 1.04779
18.4602589617 1.03942
18.9591905193 1.02752
19.4581223741 1.01351
19.9570545261 0.996514
20.4559869753 0.978851
20.9549197218 0.961176
21.4538527655 0.944658
21.9527861066 0.930343
22.451719745 0.919587
22.9506536807 0.913077
23.4495879139 0.910973
23.9485224444 0.904699
24.4474572724 0.885461
24.9463923978 0.85199
