-24.9503357582 0.892896
-24.4513360489 0.888118
-23.9523360542 0.949489
-23.4533357738 1.03235
-22.9543352078 1.1078
-22.4553343562 1.11114
-21.9563332189 1.07823
-21.4573317959 1.06512
-20.9583300873 1.01853
-20.4593280929 0.963713
-19.9603258127 0.931763
-19.4613232467 0.902341
-18.962320395 0.864738
-18.4633172574 0.846687
-17.9643138339 0.889942
-17.4653101246 0.985892
-16.9663061293 1.06429
-16.4673018482 1.14034
-15.968297281 1.16333
-15.4692924279 1.11888
-14.9702872888 1.07219
-14.4712818636 0.938701
-13.9722761524 0.847329
-13.4732701551 0.78446
-12.9742638717 0.710141
-12.4752573022 0.64012
-11.9762504465 0.57962
-11.4772433047 0.5287
-10.9782358766 0.476254
-10.4792281623 0.394017
-9.98022016178 0.295561
-9.48121187496 0.254829
-8.98220330184 0.237831
-8.48319444239 0.228653
-7.98418529659 0.218415
-7.48517586441 0.208011
-6.98616614583 0.210493
-6.48715614083 0.228612
-5.98814584938 0.253015
-5.48913527146 0.263378
-4.99012440703 0.27673
-4.49111325609 0.277938
-3.99210181859 0.269158
-3.49309009453 0.255202
-2.99407808387 0.235109
-2.49506578658 0.22294
-1.99605320266 0.2208
-1.49704033206 0.211553
-0.998027174766 0.203871
-0.499013730754 0.187809
0 0.149522
0.499014017522 0.121793
0.998028321836 0.111576
1.49704291297 0.110882
1.99605779094 0.104599
2.49507295577 0.0801991
2.9940884075 0.0634464
3.49310414614 0.0533177
3.99212017172 0.0461392
4.49113648427 0.0392677
4.99015308379 0.0151474
5.48916997034 0
5.98818714391 0.0854377
6.48720460455 0.260613
6.98622235228 0.495475
7.48524038711 0.739841
7.98425870907 0.897423
8.4832773182 0.9811
8.98229621451 1.07015
9.48131539802 1.17662
9.98033486876 1.25129
10.4793546268 1.31674
10.978374672 1.37282
11.4773950046 1.40865
11.9764156245 1.42739
12.4754365318 1.43658
12.9744577264 1.42018
13.4734792085 1.38303
13.9725009779 1.33805
14.4715230349 1.30657
14.9705453792 1.25305
15.4695680111 1.16783
15.9685909305 1.06248
16.4676141375 0.944595
16.966637632 0.856902
17.4656614141 0.847405
17.9646854839 0.832434
18.4637098413 0.818352
18.9627344863 0.81339
19.461759419 0.837774
19.9607846395 0.902315
20.4598101477 0.968649
20.9588359437 1.03633
21.4578620274 1.10814
21.956888399 1.16755
22.4559150584 1.17307
22.9549420056 1.09209
23.4539692408 1.00331
23.9529967638 0.937442
24.4520245748 0.888471
24.9510526737 0.852198
