-24.9424624704 0.682903
-24.4436205769 0.656734
-23.9447783836 0.627052
-23.4459358905 0.595214
-22.9470930976 0.566393
-22.4482500047 0.54438
-21.949406612 0.523408
-21.4505629194 0.492337
-20.9517189268 0.478884
-20.4528746342 0.468332
-19.9540300416 0.450777
-19.455185149 0.427387
-18.9563399563 0.409578
-18.4574944635 0.400675
-17.9586486706 0.39019
-17.4598025775 0.361203
-16.9609561842 0.333616
-16.4621094908 0.315489
-15.963262497 0.298775
-15.464415203 0.272908
-14.9655676088 0.253394
-14.4667197141 0.248665
-13.9678715192 0.245351
-13.4690230238 0.250379
-12.970174228 0.261797
-12.4713251318 0.268072
-11.9724757352 0.269878
-11.473626038 0.265826
-10.9747760403 0.25836
-10.475925742 0.24863
-9.97707514318 0.238739
-9.47822424372 0.228077
-8.97937304363 0.215889
-8.48052154286 0.203247
-7.9816697414 0.19058
-7.48281763921 0.1774
-6.98396523627 0.164733
-6.48511253255 0.151901
-5.98625952801 0.137858
-5.48740622264 0.123412
-4.9885526164 0.108658
-4.48969870926 0.0926178
-3.9908445012 0.0771189
-3.49198999218 0.0631619
-2.99313518218 0.0488412
-2.49428007118 0.0353587
-1.99542465913 0.0233936
-1.49656894602 0.0138528
-0.997712931811 0.00622335
-0.498856616482 0.00184697
0 0
0.498856917661 0.00056738
0.99771413653 0.00241854
1.49657165664 0.00880948
1.99542947801 0.0186278
2.49428760067 0.0323924
2.99314602465 0.0526252
3.49200474999 0.0765901
3.9908637767 0.104729
4.48972310482 0.137321
4.98858273437 0.176004
5.48744266538 0.21894
5.98630289789 0.268024
6.48516343192 0.320553
6.98402426749 0.376412
7.48288540464 0.434754
7.98174684339 0.492131
8.48060858377 0.549229
8.97947062581 0.602525
9.47833296954 0.651043
9.97719561499 0.693932
10.4760585622 0.726833
10.9749218112 0.747957
11.4737853619 0.759184
11.9726492145 0.757763
12.471513369 0.738707
12.9703778253 0.716232
13.4692425836 0.714435
13.9681076437 0.718417
14.4669730059 0.747044
14.9658386701 0.781042
15.4647046363 0.796603
15.9635709045 0.776194
16.4624374748 0.751895
16.9613043473 0.744405
17.4601715218 0.761366
17.9590389986 0.794202
18.4579067775 0.829366
18.9567748586 0.820612
19.4556432421 0.790414
19.9545119277 0.758535
20.4533809157 0.718554
20.9522502061 0.678195
21.4511197987 0.642771
21.9499896938 0.614166
22.4488598913 0.580654
22.9477303913 0.547567
23.4466011937 0.520717
23.9454722986 0.500887
24.444343706 0.484271
24.943215416 0.470675
