-24.9563137834 0.607048
-24.4571941822 0.557663
-23.9580743089 0.547147
-23.4589541635 0.529706
-22.959833746 0.531884
-22.4607130563 0.488594
-21.9615920945 0.452943
-21.4624708605 0.407163
-20.9633493543 0.385264
-20.4642275758 0.388051
-19.9651055251 0.366966
-19.4659832021 0.310765
-18.9668606069 0.266269
-18.4677377393 0.261799
-17.9686145993 0.270975
-17.469491187 0.268478
-16.9703675023 0.274161
-16.4712435453 0.263142
-15.9721193157 0.23341
-15.4729948138 0.217963
-14.9738700393 0.213456
-14.4747449924 0.193844
-13.975619673 0.163831
-13.476494081 0.139304
-12.9773682165 0.12112
-12.4782420794 0.0971792
-11.9791156696 0.0831959
-11.4799889873 0.0682538
-10.9808620323 0.0529365
-10.4817348047 0.0373367
-9.98260730434 0.0178991
-9.48347953129 0.0146004
-8.98435148552 0.0169784
-8.48522316699 0.00169501
-7.98609457569 0.0137794
-7.48696571159 0.0361528
-6.98783657468 0.0261076
-6.48870716493 0.0117728
-5.98957748232 0
-5.49044752682 0.0227626
-4.99131729842 0.040627
-4.4921867971 0.0784881
-3.99305602283 0.120837
-3.49392497559 0.168149
-2.99479365536 0.20387
-2.49566206212 0.204613
-1.99653019585 0.217229
-1.49739805652 0.212966
-0.99826564412 0.232125
-0.49913295862 0.26019
0 0.283642
0.49913323176 0.314727
0.998266736682 0.350614
1.49740051479 0.386167
1.9965345661 0.369447
2.49566889063 0.316465
2.99480348842 0.254833
3.49393835947 0.19267
3.99307350382 0.179081
4.49220892148 0.20224
4.99134461247 0.206578
5.49048057681 0.181758
5.98961681454 0.14331
6.48875332566 0.143593
6.9878901102 0.162773
7.48702716818 0.160382
7.98616449962 0.134861
8.48530210455 0.13976
8.98443998298 0.169004
9.48357813494 0.155469
9.98271656045 0.118189
10.4818552595 0.0849352
10.9809942322 0.0779683
11.4801334785 0.075833
11.9792729984 0.0747834
12.4784127919 0.0643695
12.9775528592 0.0631423
13.4766932001 0.0729691
13.9758338148 0.0818731
14.4749747032 0.0944576
14.9741158653 0.126419
15.4732573013 0.149998
15.972399011 0.163492
16.4715409946 0.17399
16.970683252 0.194848
17.4698257833 0.203307
17.9689685885 0.223285
18.4681116675 0.248738
18.9672550206 0.274885
19.4663986475 0.359274
19.9655425485 0.386593
20.4646867234 0.383776
20.9638311724 0.368918
21.4629758954 0.364622
21.9621208924 0.357875
22.4612661635 0.372178
22.9604117088 0.388261
23.4595575281 0.402522
23.9587036216 0.412538
24.4578499893 0.436101
24.9569966311 0.43573
