-24.9562896661 0.432895
-24.4571705442 0.43076
-23.9580511503 0.400398
-23.4589314845 0.36913
-22.9598115466 0.364975
-22.4606913368 0.359469
-21.9615708549 0.353483
-21.4624501009 0.338508
-20.9633290748 0.307749
-20.4642077767 0.276286
-19.9650862064 0.284292
-19.465964364 0.304252
-18.9668422493 0.319253
-18.4677198625 0.320745
-17.9685972035 0.303074
-17.4694742723 0.290816
-16.9703510687 0.315641
-16.4712275929 0.281154
-15.9721038448 0.268
-15.4729798244 0.260942
-14.9738555316 0.233255
-14.4747309665 0.247779
-13.975606129 0.27225
-13.476481019 0.242107
-12.9773556367 0.207947
-12.4782299818 0.194175
-11.9791040545 0.16687
-11.4799778547 0.145467
-10.9808513824 0.126877
-10.4817246375 0.103063
-9.9825976201 0.0702032
-9.48347033009 0.0358094
-8.98434276747 0.020431
-8.48521493222 0.00462147
-7.98608682433 0
-7.48695844376 0.0115601
-6.9878297905 0.0356958
-6.48870086452 0.078366
-5.98957166581 0.105927
-5.49044219434 0.140137
-4.99131245009 0.161625
-4.49218243304 0.123468
-3.99305214317 0.0895262
-3.49392158046 0.0662748
-2.99479074487 0.0572925
-2.49565963641 0.0535217
-1.99652825503 0.0529119
-1.49739660072 0.0566378
-0.99826467346 0.0933587
-0.499132473228 0.128138
0 0.166999
0.499132746243 0.198268
0.998265765526 0.223691
1.49739905787 0.265901
1.99653262329 0.285511
2.49566646181 0.304933
2.99480057346 0.314651
3.49393495826 0.338633
3.99306961622 0.41984
4.49220454736 0.391294
4.99133975172 0.299834
5.49047522931 0.242802
5.98961098015 0.199704
6.48874700427 0.176602
6.98788330168 0.170027
7.48701987241 0.172414
7.98615671648 0.17238
8.4852938339 0.199171
8.98443122471 0.234343
9.48356888892 0.282612
9.98270682655 0.330552
10.4818450376 0.351495
10.9809835222 0.361488
11.4801222802 0.371749
11.9792613118 0.384596
12.4784006168 0.365178
12.9775401955 0.339247
13.4766800477 0.29962
13.9758201735 0.258435
14.4749605729 0.233247
14.9741012459 0.276341
15.4732421926 0.3123
15.972383413 0.332785
16.4715249071 0.338062
16.9706666749 0.339679
17.4698087165 0.33174
17.9689510318 0.328855
18.4680936209 0.332402
18.9672364838 0.351343
19.4663796205 0.354445
19.9655230311 0.365953
20.4646667156 0.408599
20.963810674 0.444333
21.4629549062 0.502373
21.9620994124 0.55613
22.4612441926 0.592013
22.9603892467 0.605314
23.4595345749 0.61885
23.958680177 0.623081
24.4578260532 0.617756
24.9569722035 0.59993
