-45.1688666656	29.4637771561	-24.9441761946	8.10138237882	-3624.59052202
-45.1681388187	29.4682288822	-24.4452999558	8.10138237882	-3599.06610051
-45.167410908	29.4726806043	-23.9464234201	8.10174041185	-3595.20026306
-45.1666829333	29.4771323224	-23.4475465875	8.10209852549	-3597.07964679
-45.1659548946	29.4815840365	-22.9486694579	8.10245671996	-3601.06625759
-45.165226792	29.4860357467	-22.4497920313	8.10281499506	-3606.67258505
-45.1644986254	29.490487453	-21.9509143076	8.10317335056	-3600.16782165
-45.1637703948	29.4949391552	-21.452036287	8.1035317872	-3595.37833203
-45.1630421003	29.4993908535	-20.9531579692	8.10389030473	-3595.13389517
-45.1623137416	29.5038425479	-20.4542793544	8.10424890253	-3581.25905444
-45.161585319	29.5082942382	-19.9554004424	8.10460758147	-3568.16046296
-45.1608568322	29.5127459246	-19.4565212333	8.10496634105	-3565.5948085
-45.1601282814	29.517197607	-18.957641727	8.10532518158	-3565.84460758
-45.1593996665	29.5216492855	-18.4587619235	8.10568410283	-3564.2496949
-45.1586709874	29.52610096	-17.9598818227	8.10604310487	-3557.20113863
-45.1579422443	29.5305526305	-17.4610014247	8.10640218783	-3542.00037561
-45.1572134369	29.535004297	-16.9621207294	8.10676135193	-3537.54434597
-45.1564845654	29.5394559595	-16.4632397367	8.10712059633	-3555.39095945
-45.1557556298	29.5439076181	-15.9643584467	8.10747992207	-3570.89278506
-45.1550266299	29.5483592727	-15.4654768594	8.1078393286	-3587.37729148
-45.1542975658	29.5528109233	-14.9665949746	8.10819881614	-3592.32359455
-45.1535684374	29.5572625699	-14.4677127924	8.10855838455	-3597.63306633
-45.1528392448	29.5617142126	-13.9688303127	8.10891803392	-3604.9165153
-45.152109988	29.5661658513	-13.4699475355	8.10927776424	-3613.5293193
-45.1513806668	29.5706174859	-12.9710644608	8.10963757567	-3622.15392309
-45.1506512814	29.5750691166	-12.4721810886	8.10999746806	-3632.34636584
-45.1499218316	29.5795207434	-11.9732974188	8.11035744133	-3647.67338083
-45.1491923174	29.5839723661	-11.4744134514	8.11071749584	-3676.5511934
-45.148462739	29.5884239848	-10.9755291864	8.11107763116	-3721.6247211
-45.1477330961	29.5928755996	-10.4766446237	8.11143784795	-3772.23480672
-45.1470033888	29.5973272103	-9.9777597633	8.11179814551	-3818.64495525
-45.1462736172	29.6017788171	-9.47887460522	8.11215852406	-3856.56261885
-45.1455437811	29.6062304199	-8.97998914941	8.112518984	-3887.15497556
-45.1448138806	29.6106820186	-8.48110339582	8.11287952497	-3912.97245133
-45.1440839156	29.6151336134	-7.98221734444	8.113240147	-3935.91972651
-45.1433538861	29.6195852042	-7.48333099525	8.11360085026	-3961.87409436
-45.1426237921	29.624036791	-6.9844443482	8.11396163477	-3989.02805457
-45.1418936336	29.6284883738	-6.48555740328	8.11432250029	-4019.39036101
-45.1411634106	29.6329399526	-5.98667016045	8.11468344714	-4053.22577579
-45.140433123	29.6373915274	-5.48778261969	8.11504447522	-4085.94952169
-45.1397027709	29.6418430982	-4.98889478097	8.11540558437	-4115.25182669
-45.1389723542	29.646294665	-4.49000664427	8.11576677497	-4139.93120042
-45.1382418729	29.6507462278	-3.99111820955	8.11612804672	-4161.90186868
-45.1375113269	29.6551977866	-3.49222947679	8.11648939987	-4180.13527444
-45.1367807164	29.6596493413	-2.99334044596	8.11685083398	-4191.86724573
-45.1360500411	29.6641008921	-2.49445111704	8.11721234961	-4199.30817032
-45.1353193013	29.6685524389	-1.99556148999	8.11757394675	-4203.82583057
-45.1345884967	29.6730039816	-1.49667156479	8.117935625	-4208.12018939
-45.1338576274	29.6774555204	-0.997781341407	8.11829738466	-4211.26703907
-45.1331266934	29.6819070551	-0.498890819821	8.11865922573	-4213.98626854
-45.1323956946	29.6863585858	0	8.11902114811	-4215.87330115
-45.1316646311	29.6908101125	0.498891118083	8.11938315194	-4215.19300566
-45.1309335029	29.6952616352	0.997782534454	8.11974523701	-4211.59376915
-45.1302023098	29.6997131539	1.49667424914	8.12010740383	-4204.58789629
-45.1294710519	29.7041646686	1.99556626217	8.12046965177	-4193.25239746
-45.1287397292	29.7086161792	2.49445857358	8.12083198152	-4180.08590093
-45.1280083417	29.7130676859	2.99335118338	8.12119439246	-4165.27043461
-45.1272768893	29.7175191885	3.49224409161	8.12155688497	-4149.33526575
-45.126545372	29.7219706871	3.99113729829	8.12191945893	-4135.28246563
-45.1258137898	29.7264221816	4.49003080345	8.12228211445	-4119.74248605
-45.1250821427	29.7308736722	4.98892460712	8.12264485149	-4083.92502459
-45.1243504307	29.7353251587	5.48781870933	8.12300767024	-4039.74886127
-45.1236186537	29.7397766412	5.9867131101	8.12337057032	-4002.04751639
-45.1228868118	29.7442281197	6.48560780947	8.12373355207	-3963.32582489
-45.1221549049	29.7486795941	6.98450280744	8.12409661541	-3880.41453382
-45.121422933	29.7531310645	7.48339810407	8.12445976046	-3809.48637357
-45.120690896	29.7575825309	7.98229369937	8.12482298713	-3773.44512397
-45.1199587941	29.7620339933	8.48118959337	8.1251862952	-3780.38821897
-45.119226627	29.7664854516	8.98008578609	8.12554968508	-3812.56096312
-45.1184943949	29.7709369059	9.47898227757	8.12591315666	-3847.21026732
-45.1177620978	29.7753883561	9.97787906784	8.12627670994	-3868.38140891
-45.1170297355	29.7798398024	10.4767761569	8.12664034489	-3884.34630041
-45.1162973081	29.7842912446	10.9756735448	8.12700406146	-3894.44222061
-45.1155648155	29.7887426827	11.4745712316	8.1273678599	-3884.31983163
-45.1148322578	29.7931941168	11.9734692173	8.12773173999	-3850.28596402
-45.1140996349	29.7976455469	12.4723675018	8.12809570203	-3781.80667141
-45.1133669468	29.8020969729	12.9712660854	8.12845974547	-3651.14765849
-45.1126341936	29.8065483949	13.4701649679	8.1288238713	-3495.07497707
-45.1119013751	29.8109998129	13.9690641494	8.12918807822	-3455.81850257
-45.1111684913	29.8154512268	14.4679636299	8.12955236747	-3452.6202011
-45.1104355423	29.8199026366	14.9668634095	8.12991673846	-3505.35065721
-45.109702528	29.8243540425	15.4657634882	8.13028119113	-3576.55604172
-45.1089694484	29.8288054442	15.964663866	8.13064572571	-3624.09281073
-45.1082363035	29.8332568419	16.4635645429	8.13101034253	-3616.7407106
-45.1075030932	29.8377082356	16.962465519	8.13137504079	-3611.4430872
-45.1067698176	29.8421596252	17.4613667942	8.1317398209	-3613.50610194
-45.1060364767	29.8466110108	17.9602683687	8.13210468358	-3609.26897496
-45.1053030703	29.8510623923	18.4591702425	8.13246962772	-3604.29953109
-45.1045695986	29.8555137698	18.9580724155	8.13283465387	-3601.52441571
-45.1038360614	29.8599651432	19.4569748878	8.13319976185	-3599.18759967
-45.1031024588	29.8644165126	19.9558776594	8.13356495221	-3601.36521998
-45.1023687908	29.8688678779	20.4547807304	8.13393022426	-3607.06269935
-45.1016350572	29.8733192391	20.9536841008	8.13429557864	-3610.37737916
-45.1009012582	29.8777705963	21.4525877706	8.13466101468	-3613.44713806
-45.1001673937	29.8822219494	21.9514917398	8.13502653312	-3618.1117295
-45.0994334636	29.8866732985	22.4503960085	8.13539213321	-3622.33522602
-45.098699468	29.8911246435	22.9493005766	8.13575781582	-3614.00786927
-45.0979654069	29.8955759844	23.4482054443	8.13612358016	-3595.91820598
-45.0972312801	29.9000273213	23.9471106116	8.13648942684	-3584.79376833
-45.0964970878	29.9044786541	24.4460160784	8.13685535581	-3586.83146074
-45.0957628298	29.9089299829	24.9449218448	8.1372213665	-3593.51613525
