-25.0186688339 0.358559
-24.5182978567 0.344622
-24.0179267814 0.330604
-23.517555608 0.315493
-23.0171843366 0.299365
-22.5168129671 0.286046
-22.0164414995 0.272518
-21.5160699339 0.256866
-21.0156982703 0.238694
-20.5153265087 0.243762
-20.0149546491 0.262272
-19.5145826914 0.277523
-19.0142106358 0.291393
-18.5138384822 0.304947
-18.0134662306 0.317006
-17.513093881 0.328199
-17.0127214335 0.337652
-16.5123488881 0.344861
-16.0119762447 0.351612
-15.5116035033 0.356739
-15.0112306641 0.361175
-14.5108577269 0.363354
-14.0104846919 0.364306
-13.5101115589 0.363612
-13.0097383281 0.36006
-12.5093649994 0.353554
-12.0089915729 0.343018
-11.5086180484 0.329862
-11.0082444262 0.313566
-10.5078707061 0.290896
-10.0074968881 0.259011
-9.50712297239 0.221266
-9.00674895883 0.177123
-8.50637484748 0.129054
-8.00600063833 0.0780418
-7.5056263314 0.033117
-7.0052519267 0.019066
-6.50487742424 0.0148546
-6.00450282403 0.012571
-5.50412812606 0.0220942
-5.00375333037 0.0149459
-4.50337843695 0.0135438
-4.00300344581 0.00591863
-3.50262835696 0.000425387
-3.00225317042 0.00192351
-2.50187788618 0.00321624
-2.00150250427 0.00588674
-1.50112702469 0.00772533
-1.00075144744 0.00898687
-0.500375772542 0.00863297
0 0.00664995
0.500375870175 0.00610625
1.00075183797 0.00939082
1.50112790339 0.00232636
2.00150406641 0
2.50188032703 0.0474236
3.00225668523 0.129901
3.50263314101 0.0253569
4.00300969437 0.124177
4.50338634528 0.360115
5.00376309374 0.71786
5.50413993974 1.08914
6.00451688328 1.36222
6.50489392434 1.48312
7.00527106291 1.53311
7.50564829898 1.57247
8.00602563255 1.57946
8.50640306361 1.56627
9.00678059214 1.54925
9.50715821814 1.52681
10.0075359416 1.47568
10.5079137625 1.39555
11.0082916808 1.31071
11.5086696966 1.2197
12.0090478098 1.12876
12.5094260204 1.04179
13.0098043284 0.956659
13.5101827338 0.875842
14.0105612366 0.801541
14.5109398368 0.733039
15.0113185343 0.678956
15.5116973292 0.642807
16.0120762214 0.62221
16.5124552109 0.628825
17.0128342978 0.663598
17.513213482 0.714293
18.0135927635 0.770326
18.5139721424 0.825195
19.0143516185 0.876242
19.5147311918 0.918035
20.0151108625 0.926868
20.5154906304 0.928299
21.0158704956 0.925324
21.516250458 0.904296
22.0166305177 0.852092
22.5170106745 0.791028
23.0173909286 0.74074
23.5177712799 0.703756
24.0181517284 0.680386
24.5185322741 0.666649
25.0189129169 0.661052
