-25.0185791775 0.384729
-24.5182099894 0.389688
-24.0178407035 0.394918
-23.5174713196 0.399888
-23.0171018378 0.405022
-22.5167322581 0.412723
-22.0163625806 0.421094
-21.5159928051 0.429727
-21.0156229318 0.439079
-20.5152529607 0.448507
-20.0148828916 0.457954
-19.5145127248 0.467335
-19.0141424601 0.475555
-18.5137720976 0.483757
-18.0134016373 0.492319
-17.5130310792 0.500054
-17.0126604233 0.50849
-16.5122896696 0.51558
-16.0119188181 0.519782
-15.5115478689 0.522875
-15.0111768219 0.523632
-14.5108056771 0.518802
-14.0104344346 0.510275
-13.5100630944 0.49859
-13.0096916565 0.480499
-12.5093201208 0.451755
-12.0089484875 0.41646
-11.5085767564 0.379473
-11.0082049277 0.340245
-10.5078330013 0.299258
-10.0074609772 0.255716
-9.5070888555 0.211574
-9.00671663612 0.166008
-8.50634431911 0.120728
-8.00597190446 0.0781499
-7.5055993922 0.0436312
-7.00522678232 0.0262683
-6.50485407484 0.0225952
-6.00448126977 0.0276954
-5.50410836712 0.0185252
-5.00373536689 0.0119033
-4.50336226909 0.0118918
-4.00298907374 0.0076913
-3.50261578084 0.00505058
-3.0022423904 0.00115436
-2.50186890244 0
-2.00149531695 0.00208038
-1.50112163396 0.00411467
-1.00074785346 0.0051531
-0.500373975472 0.00383675
0 0.00339299
0.500374072945 0.00300398
1.00074824335 0.0277285
1.50112251122 0.0992647
2.00149687653 0.184949
2.50187133928 0.241639
3.00224589945 0.260272
3.50262055705 0.328041
4.00299531205 0.396731
4.50337016445 0.471679
5.00374511424 0.547945
5.50412016142 0.616519
6.00449530597 0.672796
6.50487054788 0.718965
7.00524588714 0.755778
7.50562132375 0.782344
8.00599685769 0.79072
8.50637248896 0.78359
9.00674821755 0.76296
9.50712404344 0.729678
10.0074999666 0.686621
10.5078759871 0.637857
11.0082521049 0.585889
11.5086283199 0.53047
12.0090046322 0.47177
12.5093810417 0.414851
13.0097575485 0.376488
13.5101341526 0.356368
14.0105108538 0.370025
14.5108876523 0.484824
15.0112645479 0.69413
15.5116415408 0.952277
16.0120186309 1.07223
16.5123958181 0.990024
17.0127731025 0.882021
17.513150484 0.789335
18.0135279627 0.686814
18.5139055386 0.650678
19.0142832116 0.668028
19.5146609817 0.714217
20.0150388489 0.787414
20.5154168132 0.865353
21.0157948746 0.923671
21.5161730331 0.981406
22.0165512887 1.07014
22.5169296413 1.13687
23.017308091 1.10343
23.5176866378 1.03887
24.0180652816 0.974751
24.5184440224 0.935669
25.0188228602 0.901217
