-43.9388986555	29.4386698524	-24.9577089645	25.1273361539	-3192.8442576
-43.9367060797	29.4427409073	-24.4585614448	25.1273361539	-3201.46247414
-43.9345133279	29.4468119262	-23.9594136537	25.1284138542	-3202.82839146
-43.9323204003	29.4508829093	-23.460265591	25.129491777	-3206.99154113
-43.9301272966	29.4549538563	-22.9611172568	25.1305699218	-3215.89194003
-43.927934017	29.4590247675	-22.4619686511	25.131648289	-3221.62016064
-43.9257405613	29.4630956427	-21.9628197738	25.1327268781	-3211.66794195
-43.9235469295	29.4671664819	-21.4636706249	25.1338056897	-3193.90388814
-43.9213531216	29.4712372851	-20.9645212044	25.1348847236	-3186.32562741
-43.9191591376	29.4753080524	-20.4653715123	25.1359639797	-3185.75045445
-43.9169649773	29.4793787836	-19.9662215485	25.1370434584	-3196.23836516
-43.9147706408	29.4834494789	-19.4670713131	25.1381231593	-3201.16749343
-43.9125761279	29.4875201382	-18.9679208059	25.1392030826	-3233.02994578
-43.9103814387	29.4915907614	-18.468770027	25.1402832287	-3285.61755513
-43.9081865732	29.4956613486	-17.9696189764	25.141363597	-3325.23215475
-43.9059915312	29.4997318998	-17.4704676541	25.1424441881	-3349.83727053
-43.9037963128	29.5038024149	-16.9713160599	25.1435250016	-3364.9895237
-43.9016009178	29.507872894	-16.472164194	25.1446060378	-3378.93696802
-43.8994053463	29.511943337	-15.9730120562	25.1456872965	-3388.08030717
-43.8972095983	29.516013744	-15.4738596466	25.1467687783	-3398.36395914
-43.8950136735	29.5200841149	-14.9747069651	25.1478504826	-3421.73961826
-43.8928175722	29.5241544496	-14.4755540118	25.1489324095	-3448.73170327
-43.8906212941	29.5282247483	-13.9764007865	25.1500145597	-3462.07779892
-43.8884248392	29.5322950109	-13.4772472893	25.1510969323	-3475.03451845
-43.8862282075	29.5363652374	-12.9780935202	25.1521795279	-3486.35611871
-43.884031399	29.5404354277	-12.478939479	25.1532623464	-3496.9558622
-43.8818344137	29.5445055819	-11.9797851659	25.1543453878	-3506.53920673
-43.8796372513	29.5485757	-11.4806305808	25.1554286524	-3522.40876694
-43.8774399121	29.5526457819	-10.9814757237	25.1565121397	-3518.41246583
-43.8752423958	29.5567158277	-10.4823205945	25.1575958504	-3494.00766965
-43.8730447024	29.5607858373	-9.98316519321	25.158679784	-3417.44159324
-43.870846832	29.5648558107	-9.48400951984	25.1597639407	-3470.76443604
-43.8686487844	29.5689257479	-8.98485357436	25.1608483206	-3514.37642553
-43.8664505597	29.5729956489	-8.48569735674	25.1619329238	-3553.91396383
-43.8642521577	29.5770655138	-7.98654086696	25.16301775	-3593.0488077
-43.8620535785	29.5811353424	-7.487384105	25.1641027998	-3621.45561845
-43.859854822	29.5852051348	-6.98822707085	25.1651880727	-3663.59098596
-43.8576558881	29.589274891	-6.48906976447	25.166273569	-3698.03998472
-43.8554567769	29.5933446109	-5.98991218585	25.1673592887	-3729.20508541
-43.8532574882	29.5974142946	-5.49075433497	25.1684452319	-3766.18691343
-43.851058022	29.601483942	-4.99159621181	25.1695313983	-3810.03730873
-43.8488583783	29.6055535531	-4.49243781634	25.1706177884	-3866.46753589
-43.8466585571	29.609623128	-3.99327914855	25.1717044018	-3908.42760823
-43.8444585583	29.6136926666	-3.49412020841	25.1727912392	-3933.86776421
-43.8422583818	29.6177621689	-2.9949609959	25.1738782997	-3949.78555192
-43.8400580277	29.6218316349	-2.49580151101	25.1749655841	-3954.24752076
-43.8378574958	29.6259010646	-1.99664175371	25.1760530922	-3965.44494423
-43.8356567861	29.6299704579	-1.49748172398	25.1771408238	-3986.4402465
-43.8334558987	29.634039815	-0.998321421796	25.1782287794	-4004.38877189
-43.8312548334	29.6381091357	-0.499160847144	25.1793169586	-4010.61334543
-43.8290535902	29.64217842	0	25.1804053616	-4001.14747265
-43.8268521691	29.646247668	0.499161119657	25.1814939885	-3983.61579597
-43.82465057	29.6503168797	0.998322511847	25.1825828394	-3975.73844121
-43.8224487928	29.6543860549	1.49748417659	25.183671914	-3970.59885411
-43.8202468376	29.6584551938	1.99664611391	25.1847612128	-3966.71034928
-43.8180447044	29.6625242963	2.49580832382	25.1858507353	-3962.7659835
-43.8158423929	29.6665933624	2.99497080636	25.1869404822	-3959.88772512
-43.8136399033	29.670662392	3.49413356153	25.1880304529	-3957.89293868
-43.8114372354	29.6747313853	3.99329658935	25.1891206478	-3952.59014928
-43.8092343893	29.6788003421	4.49245988986	25.1902110667	-3944.43375363
-43.8070313649	29.6828692625	4.99162346306	25.19130171	-3926.91402484
-43.8048281621	29.6869381465	5.49078730899	25.1923925774	-3847.43394732
-43.8026247808	29.691006994	5.98995142766	25.193483669	-3693.95100059
-43.8004212212	29.695075805	6.48911581909	25.194574985	-3553.90552989
-43.7982174831	29.6991445796	6.9882804833	25.1956665253	-3471.80802809
-43.7960135664	29.7032133176	7.48744542032	25.1967582899	-3401.70126408
-43.7938094712	29.7072820192	7.98661063015	25.1978502787	-3329.4366036
-43.7916051973	29.7113506843	8.48577611284	25.1989424922	-3260.62884076
-43.7894007449	29.7154193129	8.98494186839	25.2000349302	-3173.4101102
-43.7871961137	29.719487905	9.48410789682	25.2011275926	-3057.34764279
-43.7849913037	29.7235564605	9.98327419817	25.2022204795	-2913.11719587
-43.782786315	29.7276249795	10.4824407724	25.203313591	-2774.92051479
-43.7805811475	29.731693462	10.9816076197	25.2044069272	-2705.26606976
-43.7783758011	29.7357619079	11.4807747398	25.2055004879	-2655.45052286
-43.7761702758	29.7398303172	11.979942133	25.2065942733	-2600.59870152
-43.7739645716	29.74389869	12.4791097992	25.2076882836	-2559.46456578
-43.7717586883	29.7479670262	12.9782777384	25.2087825185	-2590.16799215
-43.769552626	29.7520353258	13.4774459507	25.2098769781	-2633.19117086
-43.7673463847	29.7561035888	13.976614436	25.2109716628	-2657.08743658
-43.7651399642	29.7601718152	14.4757831945	25.2120665721	-2669.23752278
-43.7629333645	29.764240005	14.974952226	25.2131617066	-2673.16672891
-43.7607265857	29.7683081581	15.4741215307	25.2142570657	-2647.37000419
-43.7585196276	29.7723762746	15.9732911085	25.21535265	-2635.47378283
-43.7563124902	29.7764443545	16.4724609596	25.2164484592	-2615.17841375
-43.7541051735	29.7805123978	16.9716310838	25.2175444936	-2597.67421717
-43.7518976774	29.7845804043	17.4708014812	25.2186407528	-2614.72596262
-43.7496900019	29.7886483742	17.9699721519	25.2197372373	-2618.40390971
-43.7474821469	29.7927163074	18.4691430958	25.2208339471	-2632.10977673
-43.7452741124	29.796784204	18.968314313	25.2219308819	-2642.86453674
-43.7430658984	29.8008520638	19.4674858035	25.2230280421	-2686.38736039
-43.7408575048	29.8049198869	19.9666575673	25.2241254273	-2738.21001063
-43.7386489316	29.8089876734	20.4658296044	25.2252230378	-2760.72849856
-43.7364401787	29.813055423	20.965001915	25.2263208741	-2777.71962973
-43.7342312461	29.817123136	21.4641744989	25.2274189351	-2803.16719877
-43.7320221337	29.8211908122	21.9633473562	25.228517222	-2838.38855369
-43.7298128415	29.8252584517	22.4625204869	25.2296157344	-2871.77927909
-43.7276033695	29.8293260544	22.961693891	25.230714472	-2899.70768888
-43.7253937175	29.8333936203	23.4608675687	25.2318134352	-2928.50565206
-43.7231838857	29.8374611495	23.9600415198	25.2329126239	-2956.38101211
-43.7209738739	29.8415286418	24.4592157444	25.2340120384	-2995.27497137
-43.7187636821	29.8455960974	24.9583902425	25.2351116784	-3051.21159084
