-24.9423650147 0.851021
-24.4435250668 0.878187
-23.9446848192 0.910055
-23.445844272 0.909125
-22.947003425 0.944555
-22.4481622784 0.938961
-21.9493208319 0.951457
-21.4504790857 0.867337
-20.9516370397 0.812892
-20.4527946939 0.757893
-19.9539520482 0.728737
-19.4551091025 0.70164
-18.956265857 0.693132
-18.4574223115 0.694089
-17.958578466 0.680488
-17.4597343206 0.661112
-16.960889875 0.588097
-16.4620451294 0.539144
-15.9632000838 0.523126
-15.4643547379 0.493677
-14.965509092 0.465496
-14.4666631458 0.430858
-13.9678168995 0.399952
-13.4689703529 0.372014
-12.970123506 0.354275
-12.4712763588 0.342987
-11.9724289113 0.318948
-11.4735811635 0.287514
-10.9747331153 0.275058
-10.4758847666 0.266883
-9.97703611757 0.249331
-9.47818716803 0.245668
-8.97933791799 0.237163
-8.48048836743 0.233104
-7.98163851631 0.226063
-7.48278836461 0.224558
-6.98393791231 0.220221
-6.48508715936 0.213269
-5.98623610575 0.205373
-5.48738475144 0.199351
-4.9885330964 0.187285
-4.48968114062 0.176873
-3.99082888405 0.148844
-3.49197632668 0.120742
-2.99312346846 0.102755
-2.49427030938 0.0905339
-1.99541684941 0.0783101
-1.49656308851 0.0587237
-0.997709026663 0.0402002
-0.498854663836 0.0244191
0 0.0100745
0.498854964873 0
0.99771023081 0.0049572
1.49656579784 0.02186
1.99542166599 0.0357399
2.49427783529 0.060542
2.99313430577 0.0886089
3.49199107746 0.123364
3.99084815038 0.171227
4.48970552456 0.246324
4.98856320004 0.280152
5.48742117684 0.283509
5.98627945498 0.302183
6.4851380345 0.322764
6.98399691542 0.333306
7.48285609778 0.356126
7.9817155816 0.397158
8.4805753669 0.439149
8.97943545373 0.487499
9.4782958421 0.539418
9.97715653204 0.558273
10.4760175236 0.582904
10.9748788168 0.606919
11.4737404116 0.64752
11.9726023081 0.646205
12.4714645064 0.585989
12.9703270063 0.571438
13.4691898081 0.567732
13.9680529116 0.564207
14.466916317 0.557406
14.9657800243 0.558573
15.4646440334 0.562075
15.9635083444 0.545794
16.4623729574 0.536216
16.9612378723 0.559615
17.4601030893 0.580172
17.9589686082 0.597548
18.4578344292 0.611631
18.9567005523 0.621378
19.4555669775 0.630361
19.9544337049 0.650152
20.4533007344 0.675783
20.9521680661 0.679755
21.4510357 0.683223
21.9499036362 0.659177
22.4487718746 0.629673
22.9476404154 0.605918
23.4465092584 0.549149
23.9453784039 0.454327
24.4442478517 0.416419
24.943117602 0.427567
