-43.568569353	29.2883583313	-24.9563619899	24.3379156003	-2616.83798947
-43.5664445317	29.2924553077	-24.4572414307	24.3379156003	-2654.63892889
-43.5643195399	29.2965522505	-23.9581205991	24.3389551404	-2687.16046774
-43.5621943776	29.3006491597	-23.4589994952	24.3399948963	-2677.37814103
-43.5600690448	29.3047460352	-22.9598781189	24.3410348683	-2671.95861711
-43.5579435413	29.3088428771	-22.4607564702	24.3420750561	-2668.04832829
-43.5558178672	29.3129396854	-21.9616345491	24.34311546	-2677.45593121
-43.5536920224	29.3170364599	-21.4625123555	24.3441560799	-2693.12234922
-43.5515660069	29.3211332008	-20.9633898895	24.3451969162	-2685.72048429
-43.5494398206	29.325229908	-20.464267151	24.3462379682	-2704.67138913
-43.5473134635	29.3293265815	-19.9651441401	24.3472792365	-2744.43645591
-43.5451869355	29.3334232213	-19.4660208566	24.3483207211	-2782.34519975
-43.5430602367	29.3375198274	-18.9668973005	24.3493624219	-2786.39273871
-43.540933367	29.3416163998	-18.4677734719	24.350404339	-2760.64274544
-43.5388063262	29.3457129384	-17.9686493707	24.3514464725	-2763.05643713
-43.5366791145	29.3498094434	-17.4695249969	24.3524888221	-2801.75176521
-43.5345517317	29.3539059145	-16.9704003504	24.3535313884	-2825.65697176
-43.5324241778	29.3580023519	-16.4712754313	24.3545741707	-2836.00267541
-43.5302964528	29.3620987556	-15.9721502395	24.3556171697	-2854.54132364
-43.5281685566	29.3661951255	-15.473024775	24.3566603852	-2872.86980357
-43.5260404892	29.3702914616	-14.9738990378	24.3577038172	-2886.39503073
-43.5239122505	29.3743877639	-14.4747730279	24.3587474657	-2914.21246234
-43.5217838405	29.3784840324	-13.9756467452	24.3597913308	-2940.31616058
-43.5196552592	29.3825802672	-13.4765201897	24.3608354125	-2934.61059552
-43.5175265066	29.3866764681	-12.9773933614	24.361879711	-2902.13102391
-43.5153975824	29.3907726352	-12.4782662603	24.362924226	-2886.01981349
-43.5132684869	29.3948687685	-11.9791388863	24.3639689579	-2878.45579462
-43.5111392198	29.3989648679	-11.4800112395	24.3650139064	-2863.65362982
-43.5090097812	29.4030609335	-10.9808833197	24.3660590716	-2856.01677233
-43.506880171	29.4071569652	-10.4817551271	24.3671044541	-2847.77683002
-43.5047503891	29.4112529631	-9.9826266615	24.3681500531	-2800.6665963
-43.5026204356	29.4153489271	-9.48349792296	24.3691958691	-2770.82364507
-43.5004903104	29.4194448572	-8.98436891144	24.3702419018	-2743.0917899
-43.4983600135	29.4235407535	-8.48523962691	24.3712881519	-2711.35348503
-43.4962295447	29.4276366158	-7.98611006937	24.3723346188	-2671.35106701
-43.4940989042	29.4317324443	-7.48698023878	24.3733813027	-2679.81381274
-43.4919680917	29.4358282388	-6.98785013512	24.3744282037	-2683.35294703
-43.4898371073	29.4399239994	-6.48871975838	24.3754753219	-2658.6604884
-43.487705951	29.4440197261	-5.98958910853	24.3765226571	-2627.91057524
-43.4855746227	29.4481154189	-5.49045818555	24.3775702096	-2621.36755922
-43.4834431223	29.4522110777	-4.99132698942	24.3786179794	-2610.91270506
-43.4813114499	29.4563067025	-4.49219552011	24.3796659664	-2633.87534405
-43.4791796053	29.4604022934	-3.99306377761	24.3807141705	-2645.08698607
-43.4770475886	29.4644978503	-3.49393176189	24.3817625922	-2641.4315249
-43.4749153997	29.4685933733	-2.99479947293	24.3828112308	-2637.09269941
-43.4727830385	29.4726888622	-2.49566691072	24.3838600874	-2653.72811817
-43.4706505051	29.4767843172	-1.99653407522	24.3849091611	-2670.92306553
-43.4685177993	29.4808797382	-1.49740096642	24.3859584524	-2688.09889045
-43.4663849211	29.4849751251	-0.998267584303	24.3870079609	-2725.37176652
-43.4642518706	29.489070478	-0.499133928835	24.3880576873	-2772.91421881
-43.4621186476	29.4931657969	0	24.3891076312	-2813.16182938
-43.4599852521	29.4972610818	0.499134202224	24.3901577925	-2874.17747235
-43.457851684	29.5013563326	0.998268677857	24.3912081716	-2942.42320658
-43.4557179434	29.5054515493	1.49740342692	24.3922587683	-3001.13401853
-43.4535840302	29.509546732	1.99653844944	24.3933095831	-3034.4724785
-43.4514499443	29.5136418807	2.49567374543	24.3943606151	-3046.51985974
-43.4493156857	29.5177369952	2.99480931492	24.3954118651	-3054.70699891
-43.4471812544	29.5218320756	3.49394515792	24.3964633329	-3074.88099192
-43.4450466503	29.525927122	3.99308127447	24.3975150187	-3058.38366167
-43.4429118734	29.5300221343	4.49221766457	24.3985669222	-3014.28158982
-43.4407769236	29.5341171124	4.99135432826	24.3996190438	-2928.01785823
-43.4386418009	29.5382120564	5.49049126554	24.4006713832	-2846.26842693
-43.4365065053	29.5423069663	5.98962847646	24.4017239407	-2782.98606431
-43.4343710367	29.546401842	6.48876596101	24.4027767161	-2709.67167629
-43.432235395	29.5504966836	6.98790371924	24.4038297097	-2691.26179806
-43.4300995803	29.5545914911	7.48704175115	24.4048829214	-2727.77149437
-43.4279635925	29.5586862644	7.98618005678	24.4059363512	-2738.79608456
-43.4258274315	29.5627810035	8.48531863613	24.4069899993	-2733.42344243
-43.4236910973	29.5668757084	8.98445748924	24.4080438652	-2710.79853816
-43.4215545899	29.5709703791	9.48359661612	24.4090979499	-2676.73745813
-43.4194179092	29.5750650157	9.9827360168	24.4101522524	-2642.82372497
-43.4172810551	29.579159618	10.4818756913	24.4112067735	-2617.76550949
-43.4151440278	29.5832541861	10.9810156396	24.4122615129	-2568.34555882
-43.413006827	29.58734872	11.4801558618	24.4133164706	-2539.86804563
-43.4108694528	29.5914432197	11.9792963579	24.4143716468	-2546.48553655
-43.4087319051	29.5955376851	12.4784371279	24.4154270416	-2546.25446663
-43.4065941838	29.5996321163	12.9775781718	24.4164826545	-2518.85577563
-43.404456289	29.6037265132	13.4767194896	24.4175384863	-2502.13722147
-43.4023182206	29.6078208758	13.9758610814	24.4185945366	-2485.9288898
-43.4001799785	29.6119152042	14.4750029472	24.4196508053	-2457.1207358
-43.3980415628	29.6160094983	14.974145087	24.4207072927	-2397.2430775
-43.3959029733	29.6201037581	15.4732875008	24.421763999	-2353.48056049
-43.39376421	29.6241979836	15.9724301887	24.4228209238	-2317.75168014
-43.3916252729	29.6282921748	16.4715731507	24.4238780674	-2292.58713165
-43.389486162	29.6323863317	16.9707163867	24.4249354297	-2274.64257607
-43.3873468771	29.6364804542	17.4698598969	24.425993011	-2278.69735496
-43.3852074184	29.6405745424	17.9690036812	24.4270508109	-2268.18562014
-43.3830677856	29.6446685963	18.4681477396	24.42810883	-2241.0945475
-43.3809279788	29.6487626158	18.9672920723	24.4291670677	-2216.36892096
-43.3787879979	29.652856601	19.4664366791	24.4302255245	-2242.89156328
-43.376647843	29.6569505518	19.9655815602	24.4312842003	-2262.82153015
-43.3745075138	29.6610444682	20.4647267155	24.4323430952	-2266.70343407
-43.3723670105	29.6651383503	20.963872145	24.433402209	-2266.96717156
-43.370226333	29.6692321979	21.4630178489	24.4344615419	-2269.1160548
-43.3680854811	29.6733260111	21.962163827	24.4355210941	-2262.67095717
-43.365944455	29.67741979	22.4613100795	24.4365808655	-2289.95181818
-43.3638032545	29.6815135344	22.9604566063	24.437640856	-2319.10977771
-43.3616618796	29.6856072444	23.4596034075	24.4387010656	-2345.66790183
-43.3595203303	29.6897009199	23.9587504831	24.4397614947	-2370.46355464
-43.3573786064	29.693794561	24.4578978331	24.4408221428	-2396.98941076
-43.3552367081	29.6978881677	24.9570454576	24.4418830107	-2411.11182269
