-45.4021410342	29.5280588653	-24.9784142083	40.4993344561	-3572.58485278
-45.3987847297	29.5314781008	-24.4788515289	40.4993344561	-3574.54367868
-45.3954281983	29.5348972519	-23.9792886208	40.5009886971	-3576.52902696
-45.3920714399	29.5383163188	-23.4797254841	40.5026432242	-3576.08640037
-45.3887144544	29.5417353012	-22.9801621189	40.5042980375	-3571.8721296
-45.3853572419	29.5451541993	-22.480598525	40.5059531367	-3564.94095217
-45.3819998023	29.548573013	-21.9810347025	40.5076085224	-3555.59494558
-45.3786421356	29.5519917423	-21.4814706513	40.5092641944	-3540.24552203
-45.3752842417	29.5554103871	-20.9819063715	40.5109201526	-3522.04583464
-45.3719261205	29.5588289475	-20.482341863	40.5125763971	-3519.08124977
-45.3685677721	29.5622474235	-19.9827771258	40.514232928	-3527.05835494
-45.3652091964	29.5656658149	-19.48321216	40.5158897453	-3534.57858916
-45.3618503933	29.5690841219	-18.9836469654	40.5175468493	-3543.5993938
-45.3584913628	29.5725023443	-18.4840815421	40.5192042394	-3554.9979722
-45.3551321049	29.5759204822	-17.9845158902	40.5208619162	-3569.56367836
-45.3517726195	29.5793385356	-17.4849500094	40.5225198794	-3588.06690064
-45.3484129066	29.5827565044	-16.9853839	40.5241781293	-3611.94181638
-45.3450529661	29.5861743886	-16.4858175618	40.5258366658	-3640.55761537
-45.3416927981	29.5895921882	-15.9862509948	40.5274954889	-3675.93175612
-45.3383324024	29.5930099032	-15.486684199	40.5291545986	-3720.65343493
-45.334971779	29.5964275335	-14.9871171745	40.5308139952	-3777.88913785
-45.3316109279	29.5998450792	-14.4875499212	40.5324736784	-3849.29043134
-45.328249849	29.6032625402	-13.987982439	40.5341336484	-3931.66364961
-45.3248885424	29.6066799165	-13.4884147281	40.5357939052	-4008.45425852
-45.3215270079	29.6100972081	-12.9888467883	40.5374544488	-4050.29841956
-45.3181652454	29.613514415	-12.4892786197	40.5391152796	-4057.02496968
-45.3148032551	29.6169315372	-11.9897102222	40.5407763968	-4061.07746367
-45.3114410368	29.6203485745	-11.4901415959	40.5424378014	-4068.48127997
-45.3080785905	29.6237655271	-10.9905727407	40.5440994926	-4079.3637679
-45.3047159161	29.627182395	-10.4910036566	40.5457614713	-4091.71065227
-45.3013530136	29.6305991779	-9.9914343436	40.5474237365	-4102.93199982
-45.297989883	29.6340158761	-9.49186480172	40.5490862891	-4115.69006527
-45.2946265242	29.6374324894	-8.99229503092	40.5507491288	-4128.39363944
-45.2912629372	29.6408490179	-8.4927250312	40.5524122554	-4137.46096454
-45.2878991219	29.6442654614	-7.99315480254	40.5540756694	-4142.61944991
-45.2845350783	29.6476818201	-7.49358434493	40.5557393706	-4147.05518384
-45.2811708064	29.6510980938	-6.99401365837	40.5574033592	-4150.20527454
-45.2778063061	29.6545142827	-6.49444274284	40.5590676348	-4147.39820458
-45.2744415774	29.6579303865	-5.99487159833	40.5607321978	-4150.50341617
-45.2710766202	29.6613464054	-5.49530022483	40.5623970484	-4170.40010266
-45.2677114344	29.6647623393	-4.99572862233	40.564062186	-4186.4128927
-45.2643460202	29.6681781882	-4.49615679082	40.5657276113	-4195.83317703
-45.2609803773	29.671593952	-3.99658473029	40.5673933238	-4199.26565295
-45.2576145058	29.6750096309	-3.49701244073	40.5690593241	-4194.98383533
-45.2542484056	29.6784252246	-2.99743992212	40.5707256118	-4172.28841549
-45.2508820767	29.6818407333	-2.49786717447	40.5723921869	-4111.30402572
-45.2475155191	29.6852561569	-1.99829419774	40.5740590498	-4060.55471211
-45.2441487326	29.6886714954	-1.49872099195	40.5757262003	-4091.10900702
-45.2407817173	29.6920867488	-0.999147557064	40.5773936382	-4178.6227117
-45.2374144731	29.695501917	-0.499573893086	40.5790613641	-4219.96919203
-45.234047	29.698917	0	40.5807293777	-4223.20238073
-45.2306792979	29.7023319979	0.499574122202	40.5823976789	-4219.38954678
-45.2273113668	29.7057469105	0.999148473532	40.5840662679	-4216.09585729
-45.2239432067	29.709161738	1.498723054	40.5857351449	-4217.18848664
-45.2205748174	29.7125764802	1.99829786362	40.5874043097	-4214.65602616
-45.2172061991	29.7159911371	2.49787290239	40.5890737624	-4191.42092376
-45.2138373515	29.7194057088	2.99744817034	40.5907435028	-4133.71844128
-45.2104682748	29.7228201952	3.49702366747	40.5924135314	-4106.94464954
-45.2070989687	29.7262345963	3.99659939379	40.5940838481	-4097.84364411
-45.2037294334	29.7296489121	4.49617534931	40.5957544527	-4053.16250267
-45.2003596688	29.7330631425	4.99575153404	40.5974253452	-3984.67083975
-45.1969896747	29.7364772876	5.495327948	40.5990965261	-3904.05139122
-45.1936194512	29.7398913473	5.99490459119	40.6007679949	-3817.65106636
-45.1902489983	29.7433053216	6.49448146362	40.602439752	-3731.50386794
-45.1868783158	29.7467192104	6.99405856531	40.6041117972	-3648.07561102
-45.1835074038	29.7501330139	7.49363589627	40.6057841307	-3569.18661771
-45.1801362622	29.7535467319	7.9932134565	40.6074567526	-3495.18087499
-45.176764891	29.7569603645	8.49279124601	40.6091296626	-3426.18195194
-45.1733932901	29.7603739115	8.99236926483	40.610802861	-3366.10653976
-45.1700214595	29.7637873731	9.49194751295	40.6124763479	-3317.11618186
-45.1666493991	29.7672007492	9.99152599038	40.614150123	-3279.27411838
-45.1632771089	29.7706140397	10.4911046972	40.6158241868	-3254.31594459
-45.1599045889	29.7740272446	10.9906836333	40.6174985387	-3243.30492303
-45.156531839	29.777440364	11.4902627987	40.6191731794	-3245.48074587
-45.1531588592	29.7808533979	11.9898421935	40.6208481086	-3258.59020787
-45.1497856494	29.7842663461	12.4894218177	40.6225233265	-3284.96289891
-45.1464122096	29.7876792086	12.9890016713	40.6241988327	-3321.52801885
-45.1430385397	29.7910919856	13.4885817542	40.6258746278	-3367.42743736
-45.1396646397	29.7945046769	13.9881620666	40.6275507114	-3428.81788741
-45.1362905097	29.7979172825	14.4877426084	40.6292270839	-3505.11007757
-45.1329161494	29.8013298024	14.9873233796	40.630903745	-3549.9471953
-45.1295415589	29.8047422366	15.4869043802	40.6325806951	-3546.49449753
-45.1261667382	29.8081545851	15.9864856103	40.6342579337	-3521.98275919
-45.1227916872	29.8115668478	16.4860670698	40.6359354614	-3492.62451024
-45.1194164058	29.8149790247	16.9856487588	40.6376132778	-3481.44021108
-45.116040894	29.8183911159	17.4852306772	40.6392913833	-3497.75915045
-45.1126651518	29.8218031213	17.9848128252	40.6409697777	-3535.62348115
-45.1092891792	29.8252150409	18.4843952026	40.642648461	-3592.2449905
-45.105912976	29.8286268746	18.9839778096	40.6443274334	-3612.50765631
-45.1025365423	29.8320386225	19.483560646	40.6460066948	-3576.08670425
-45.099159878	29.8354502845	19.983143712	40.6476862455	-3541.61954722
-45.095782983	29.8388618606	20.4827270076	40.649366085	-3507.13899988
-45.0924058574	29.8422733508	20.9823105327	40.6510462139	-3474.64541018
-45.0890285011	29.8456847551	21.4818942873	40.6527266319	-3448.64481249
-45.085650914	29.8490960734	21.9814782715	40.6544073393	-3429.92155445
-45.0822730961	29.8525073058	22.4810624853	40.6560883357	-3420.99345082
-45.0788950473	29.8559184522	22.9806469287	40.6577696214	-3421.39486709
-45.0755167677	29.8593295126	23.4802316016	40.6594511966	-3433.33483517
-45.0721382571	29.862740487	23.9798165042	40.6611330611	-3452.66860523
-45.0687595156	29.8661513754	24.4794016364	40.6628152151	-3477.079628
-45.0653805431	29.8695621777	24.9789869983	40.6644976584	-3504.04803454
