-24.9575601261 1.09153
-24.4584155646 1.09812
-23.9592707324 1.09993
-23.4601256294 1.09357
-22.9609802557 1.10713
-22.4618346112 1.11413
-21.9626886959 1.15561
-21.4635425097 1.16798
-20.9643960527 1.17043
-20.4652493248 1.17949
-19.9661023261 1.16157
-19.4669550564 1.16522
-18.9678075157 1.14797
-18.4686597042 1.13297
-17.9695116216 1.12505
-17.470363268 1.08638
-16.9712146435 1.01843
-16.4720657478 0.951698
-15.9729165811 0.909336
-15.4737671434 0.882612
-14.9746174345 0.857559
-14.4754674545 0.831388
-13.9763172033 0.785227
-13.477166681 0.735805
-12.9780158875 0.694311
-12.4788648228 0.664112
-11.9797134869 0.623687
-11.4805618797 0.582611
-10.9814100012 0.541355
-10.4822578514 0.493044
-9.98310543033 0.478146
-9.48395273791 0.4755
-8.98479977413 0.473791
-8.48564653897 0.469023
-7.98649303241 0.453391
-7.48733925444 0.43228
-6.98818520501 0.414725
-6.48903088413 0.398706
-5.98987629176 0.362384
-5.49072142789 0.320459
-4.99156629249 0.259653
-4.49241088555 0.208624
-3.99325520704 0.187392
-3.49409925694 0.158762
-2.99494303523 0.147999
-2.49578654189 0.117687
-1.9966297769 0.0882693
-1.49747274023 0.0563633
-0.998315431877 0.0362946
-0.499157851805 0.0195773
0 0.0070473
0.499158123563 0
0.998316518901 0.00516045
1.49747518604 0.0134902
1.99663412499 0.034497
2.49579333579 0.0538124
2.99495281844 0.0820575
3.49411257297 0.0824588
3.99327259941 0.0766286
4.49243289777 0.115754
4.99159346808 0.168959
5.49075431034 0.246507
5.9899154246 0.352435
6.48907681086 0.438758
6.98823846914 0.540354
7.48740039948 0.597606
7.98656260188 0.634063
8.48572507637 0.684056
8.98488782297 0.730146
9.4840508417 0.759129
9.98321413258 0.779486
10.4823776956 0.826898
10.9815415309 0.853735
11.4807056384 0.844267
11.9798700181 0.797481
12.47903467 0.772721
12.9781995942 0.752499
13.4773647908 0.752575
13.9765302596 0.756734
14.4756960008 0.783892
14.9748620143 0.79189
15.4740283002 0.788301
15.9731948586 0.800028
16.4723616893 0.814618
16.9715287925 0.81835
17.4706961681 0.810902
17.9698638163 0.807459
18.4690317369 0.797896
18.96819993 0.787457
19.4673683957 0.771492
19.966537134 0.776067
20.4657061449 0.77998
20.9648754283 0.78817
21.4640449844 0.790422
21.9632148131 0.802069
22.4623849145 0.797939
22.9615552886 0.78871
23.4607259354 0.783722
23.9598968549 0.784709
24.4590680472 0.778399
24.9582395123 0.772843
