-24.944192822 0.479733
-24.4453162529 0.494884
-23.9464393868 0.50698
-23.4475622237 0.513862
-22.9486847636 0.516679
-22.4498070063 0.513807
-21.950928952 0.502701
-21.4520506005 0.483721
-20.9531719518 0.463049
-20.4542930059 0.445355
-19.9554137629 0.432804
-19.4565342225 0.427393
-18.9576543849 0.42272
-18.45877425 0.422272
-17.9598938178 0.435948
-17.4610130882 0.452308
-16.9621320612 0.459577
-16.4632507368 0.46517
-15.9643691149 0.459353
-15.4654871956 0.449874
-14.9666049788 0.453433
-14.4677224644 0.460406
-13.9688396525 0.470808
-13.469956543 0.480285
-12.9710731359 0.478471
-12.4721894312 0.47692
-11.9733054288 0.470718
-11.4744211287 0.472906
-10.9755365309 0.445927
-10.4766516353 0.418724
-9.97776644201 0.388383
-9.47888095087 0.35395
-8.9799951619 0.309193
-8.48110907508 0.251852
-7.98222269037 0.197176
-7.48333600774 0.149541
-6.98444902717 0.104656
-6.48556174864 0.0557674
-5.98667417211 0.0393557
-5.48778629755 0.0268708
-4.98889812495 0.0133123
-4.49000965426 0.00405576
-3.99112088547 0.00114912
-3.49223181854 0.000188032
-2.99334245345 0
-2.49445279018 0.0022185
-1.99556282869 0.000652384
-1.49667256895 0.000527162
-0.997782010941 0.00399882
-0.498891154634 0.00719831
0 0.0113595
0.498891452987 0.0154088
0.997783204356 0.028593
1.49667525413 0.0543066
1.99556760235 0.0871779
2.49446024903 0.140732
2.99335319419 0.117981
3.49224643788 0.118123
3.99113998012 0.146977
4.49003382092 0.201401
4.98892796033 0.292228
5.48782239836 0.396292
5.98671713506 0.514897
6.48561217043 0.62855
6.98450750451 0.728751
7.48340313734 0.820003
7.98229906892 0.912839
8.4811952993 1.01177
8.9800918285 1.1226
9.47898865655 1.24465
9.97788578347 1.36877
10.4767832093 1.47505
10.975680934 1.56696
11.4745789578 1.6172
11.9734772804 1.59959
12.4723759021 1.56729
12.9712748229 1.54153
13.4701740427 1.49732
13.9690735616 1.43107
14.4679733796 1.36549
14.9668734968 1.29256
15.4657739131 1.22106
15.9646746287 1.15712
16.4635756434 1.10056
16.9624769575 1.04616
17.4613785708 0.999054
17.9602804834 0.959038
18.4591826954 0.9263
18.9580852067 0.903722
19.4569880174 0.891455
19.9558911275 0.892096
20.4547945371 0.907983
20.9536982462 0.904975
21.4526022547 0.884423
21.9515065628 0.872044
22.4504111705 0.865856
22.9493160777 0.865241
23.4482212845 0.866356
23.947126791 0.869575
24.4460325971 0.875258
24.944938703 0.882293
