-24.9576469867 0.850748
-24.4585006989 0.826411
-23.9593541399 0.802946
-23.4602073097 0.778972
-22.9610602083 0.728557
-22.4619128356 0.670006
-21.9627651917 0.612093
-21.4636172765 0.595231
-20.9644690901 0.605885
-20.4653206323 0.584183
-19.9661719032 0.525127
-19.4670229027 0.475382
-18.9678736308 0.419746
-18.4687240876 0.363354
-17.9695742729 0.32625
-17.4704241868 0.320268
-16.9712738292 0.322617
-16.4721232001 0.319164
-15.9729722995 0.304336
-15.4738211274 0.289356
-14.9746696838 0.266611
-14.4755179685 0.235762
-13.9763659817 0.201879
-13.4772137233 0.181326
-12.9780611932 0.181623
-12.4789083915 0.186514
-11.9797553182 0.19033
-11.4806019731 0.185251
-10.9814483563 0.181296
-10.4822944677 0.187261
-9.98314030744 0.197493
-9.48398587537 0.238544
-8.98483117149 0.274734
-8.48567619579 0.267259
-7.98652094826 0.265556
-7.48736542886 0.298417
-6.98820963757 0.326632
-6.48905357438 0.312933
-5.98989723926 0.282378
-5.4907406322 0.29846
-4.99158375316 0.330394
-4.49242660214 0.372069
-3.99326917911 0.385124
-3.49411148405 0.379879
-2.99495351694 0.353762
-2.49579527775 0.309143
-1.99663676647 0.247519
-1.49747798308 0.182617
-0.998318927547 0.138718
-0.499159599862 0.120312
0 0.110967
0.499159872059 0.113727
0.998320016339 0.0839121
1.49748043286 0.0367003
1.99664112163 0
2.49580208269 0.0221271
2.99496331605 0.0958039
3.49412482174 0.189038
3.99328659977 0.26217
4.49244865016 0.3358
4.99161097293 0.407656
5.49077356812 0.49011
5.98993643572 0.551594
6.48909957578 0.618626
6.98826298831 0.694502
7.48742667332 0.768014
7.98659063084 0.860584
8.4857548609 0.925021
8.9849193635 0.955394
9.48408413868 1.04499
9.98324918645 1.12751
10.4824145068 1.07992
10.9815800998 1.02184
11.4807459655 1.05899
11.9799121039 1.05524
12.4790785149 1.02962
12.9782451987 1.00216
13.4774121552 0.979028
13.9765793844 0.921662
14.4757468865 0.879022
14.9749146613 0.861143
15.4740827089 0.877711
15.9732510294 0.877009
16.4724196228 0.843759
16.971588489 0.824517
17.4707576282 0.830675
17.9699270402 0.832388
18.4690967253 0.837152
18.9682666832 0.867489
19.4674369142 0.920686
19.9666074181 0.932386
20.4657781951 0.879425
20.9649492452 0.848555
21.4641205683 0.847505
21.9632921645 0.867592
22.4624640338 0.888429
22.9616361762 0.901662
23.4608085918 0.906672
23.9599812805 0.897827
24.4591542425 0.898093
24.9583274776 0.900781
