-24.9784142083 0.650618
-24.4788515289 0.648659
-23.9792886208 0.646673
-23.4797254841 0.647116
-22.9801621189 0.65133
-22.480598525 0.658261
-21.9810347025 0.667607
-21.4814706513 0.682957
-20.9819063715 0.701157
-20.482341863 0.704121
-19.9827771258 0.696144
-19.48321216 0.688624
-18.9836469654 0.679603
-18.4840815421 0.668204
-17.9845158902 0.653639
-17.4849500094 0.635135
-16.9853839 0.611261
-16.4858175618 0.582645
-15.9862509948 0.547271
-15.486684199 0.502549
-14.9871171745 0.445313
-14.4875499212 0.373912
-13.987982439 0.291539
-13.4884147281 0.214748
-12.9888467883 0.172904
-12.4892786197 0.166177
-11.9897102222 0.162125
-11.4901415959 0.154721
-10.9905727407 0.143839
-10.4910036566 0.131492
-9.9914343436 0.12027
-9.49186480172 0.107512
-8.99229503092 0.0948087
-8.4927250312 0.0857414
-7.99315480254 0.0805829
-7.49358434493 0.0761472
-6.99401365837 0.0729971
-6.49444274284 0.0758042
-5.99487159833 0.072699
-5.49530022483 0.0528023
-4.99572862233 0.0367895
-4.49615679082 0.0273692
-3.99658473029 0.0239367
-3.49701244073 0.0282185
-2.99743992212 0.050914
-2.49786717447 0.111898
-1.99829419774 0.162648
-1.49872099195 0.132093
-0.999147557064 0.0445797
-0.499573893086 0.00323319
0 0
0.499574122202 0.00381283
0.999148473532 0.00710652
1.498723054 0.00601389
1.99829786362 0.00854635
2.49787290239 0.0317815
2.99744817034 0.0894839
3.49702366747 0.116258
3.99659939379 0.125359
4.49617534931 0.17004
4.99575153404 0.238532
5.495327948 0.319151
5.99490459119 0.405551
6.49448146362 0.491699
6.99405856531 0.575127
7.49363589627 0.654016
7.9932134565 0.728022
8.49279124601 0.79702
8.99236926483 0.857096
9.49194751295 0.906086
9.99152599038 0.943928
10.4911046972 0.968886
10.9906836333 0.979897
11.4902627987 0.977722
11.9898421935 0.964612
12.4894218177 0.938239
12.9890016713 0.901674
13.4885817542 0.855775
13.9881620666 0.794384
14.4877426084 0.718092
14.9873233796 0.673255
15.4869043802 0.676708
15.9864856103 0.70122
16.4860670698 0.730578
16.9856487588 0.741762
17.4852306772 0.725443
17.9848128252 0.687579
18.4843952026 0.630957
18.9839778096 0.610695
19.483560646 0.647116
19.983143712 0.681583
20.4827270076 0.716063
20.9823105327 0.748557
21.4818942873 0.774558
21.9814782715 0.793281
22.4810624853 0.802209
22.9806469287 0.801808
23.4802316016 0.789868
23.9798165042 0.770534
24.4794016364 0.746123
24.9789869983 0.719154
