-24.9576593867 0.987339
-24.4585128524 0.9583
-23.9593660469 0.937288
-23.4602189701 0.921914
-22.961071622 0.89355
-22.4619240027 0.848732
-21.962776112 0.817493
-21.46362795 0.789426
-20.9644795167 0.748794
-20.4653308119 0.709776
-19.9661818358 0.679694
-19.4670325882 0.657275
-18.9678830692 0.631228
-18.4687332787 0.609261
-17.9695832168 0.589736
-17.4704328833 0.567715
-16.9712822783 0.535428
-16.4721314018 0.509713
-15.9729802537 0.466401
-15.473828834 0.417191
-14.9746771427 0.366162
-14.4755251798 0.330337
-13.9763729452 0.31855
-13.4772204389 0.317619
-12.9780676609 0.316286
-12.4789146113 0.312092
-11.9797612898 0.309951
-11.4806076967 0.30985
-10.9814538317 0.313286
-10.482299695 0.316915
-9.98314528637 0.3236
-9.48399060595 0.335791
-8.98483565367 0.352728
-8.4856804295 0.344512
-7.98652493342 0.343328
-7.48736916542 0.324148
-6.98821312547 0.292506
-6.48905681355 0.266417
-5.98990022965 0.248399
-5.49074337373 0.236863
-4.99158624579 0.233267
-4.49242884578 0.259324
-3.99327117371 0.300389
-3.49411322955 0.345052
-2.99495501326 0.319739
-2.49579652485 0.263
-1.99663776428 0.18869
-1.49747873152 0.124745
-0.998319426576 0.0987163
-0.499159849408 0.0758266
0 0.0665761
0.499160121668 0.0625524
0.998320515619 0.0308728
1.49748118187 0.000833507
1.99664212045 0
2.49580333137 0.021034
2.99496481465 0.0324011
3.49412657032 0.0508626
3.9932885984 0.100802
4.4924508989 0.168635
4.99161347186 0.259149
5.49077631728 0.355071
5.98993943519 0.444294
6.48910282561 0.526746
6.98826648856 0.592112
7.48743042407 0.662891
7.98659463214 0.736236
8.48575911281 0.799776
8.9849238661 0.852713
9.48408889202 0.899874
9.98325419059 0.936562
10.4824197618 0.938461
10.9815856058 0.975377
11.4807517225 1.03805
11.9799181119 1.07601
12.479084774 1.07642
12.978251709 1.07022
13.4774189167 1.04599
13.9765863973 1.00588
14.4757541507 0.954149
14.9749221769 0.910797
15.4740904761 0.870596
15.9732590482 0.833906
16.4724278931 0.814459
16.9715970111 0.810193
17.4707664019 0.806177
17.9699360658 0.810738
18.4691060027 0.82425
18.9682762126 0.836383
19.4674466956 0.8471
19.9666174516 0.841297
20.4657884807 0.820306
20.9649597829 0.794935
21.4641313583 0.790103
21.9633032068 0.816473
22.4624753285 0.846973
22.9616477233 0.864278
23.4608203914 0.871802
23.9599933327 0.881716
24.4591665473 0.898293
24.9583400351 0.925576
