-24.9504078865 0.710258
-24.4514067442 0.706483
-23.9524053159 0.703638
-23.4534036017 0.687942
-22.9544016014 0.67007
-22.4553993152 0.652912
-21.9563967429 0.634082
-21.4573938845 0.614802
-20.95839074 0.604399
-20.4593873094 0.597243
-19.9603835926 0.582915
-19.4613795897 0.574431
-18.9623753006 0.559169
-18.4633707252 0.538707
-17.9643658637 0.519244
-17.4653607158 0.491208
-16.9663552817 0.457208
-16.4673495612 0.427095
-15.9683435544 0.388446
-15.4693372612 0.368351
-14.9703306816 0.332086
-14.4713238156 0.314042
-13.9723166632 0.294917
-13.4733092243 0.291398
-12.9743014989 0.280708
-12.475293487 0.264854
-11.9762851886 0.248102
-11.4772766036 0.219701
-10.978267732 0.194066
-10.4792585738 0.169179
-9.98024912891 0.149799
-9.48123939739 0.136261
-8.98222937919 0.124464
-8.48321907427 0.106877
-7.98420848262 0.0845066
-7.48519760421 0.0699472
-6.98618643901 0.0643872
-6.487174987 0.0670984
-5.98816324816 0.0737585
-5.48915122245 0.0829034
-4.99013890987 0.0914851
-4.49112631037 0.0903043
-3.99211342394 0.0795145
-3.49310025056 0.0703745
-2.99408679019 0.0641218
-2.49507304282 0.0504705
-1.99605900841 0.0397291
-1.49704468695 0.0330377
-0.998030078414 0.026226
-0.499015182771 0.021107
0 0.0158545
0.499015469924 0.00960784
0.998031227026 0.007626
1.49704727133 0.00609814
1.99606360286 0
2.49508022164 0.00103416
2.99409712769 0.0311306
3.49311432104 0.0689375
3.99213180172 0.0487939
4.49114956974 0.0595064
4.99016762514 0.115532
5.48918596793 0.190143
5.98820459814 0.274642
6.4872235158 0.364602
6.98624272093 0.453586
7.48526221355 0.536299
7.98428199369 0.61182
8.48330206138 0.678813
8.98232241662 0.736041
9.48134305947 0.781341
9.98036398992 0.811938
10.479385208 0.827003
10.9784067138 0.814513
11.4774285072 0.772163
11.9764505884 0.721708
12.4754729573 0.681487
12.9744956139 0.672491
13.4735185584 0.669759
13.9725417906 0.664274
14.4715653107 0.658633
14.9705891187 0.642724
15.4696132145 0.636489
15.9686375982 0.614767
16.4676622699 0.61355
16.9666872295 0.614985
17.4657124771 0.62976
17.9647380127 0.643912
18.4637638363 0.656971
18.962789948 0.644065
19.4618163477 0.652399
19.9608430356 0.666782
20.4598700115 0.670231
20.9588972757 0.697549
21.457924828 0.722043
21.9569526684 0.748317
22.4559807971 0.764923
22.9550092141 0.761102
23.4540379193 0.765708
23.9530669128 0.803245
24.4520961947 0.827352
24.9511257648 0.853267
