-25.0629484556 0.482414
-24.5616904353 0.487555
-24.0604323758 0.491883
-23.5591742771 0.495703
-23.0579161392 0.499829
-22.5566579622 0.503475
-22.0553997461 0.505688
-21.5541414909 0.508518
-21.0528831967 0.512669
-20.5516248635 0.518272
-20.0503664913 0.523608
-19.5491080802 0.530653
-19.0478496301 0.536617
-18.5465911412 0.54181
-18.0453326134 0.544605
-17.5440740468 0.547247
-17.0428154414 0.549096
-16.5415567972 0.549792
-16.0402981143 0.548004
-15.5390393927 0.546591
-15.0377806325 0.54239
-14.5365218336 0.535964
-14.0352629961 0.528623
-13.53400412 0.51966
-13.0327452054 0.507052
-12.5314862523 0.494713
-12.0302272607 0.482318
-11.5289682307 0.465827
-11.0277091623 0.445996
-10.5264500554 0.422311
-10.0251909102 0.397787
-9.52393172671 0.373027
-9.02267250491 0.345696
-8.52141324484 0.317822
-8.02015394654 0.287849
-7.51889461005 0.258498
-7.01763523539 0.228915
-6.51637582259 0.200535
-6.01511637169 0.171451
-5.51385688271 0.143721
-5.01259735569 0.117569
-4.51133779066 0.0940965
-4.01007818765 0.073457
-3.50881854669 0.0550929
-3.00755886781 0.0406376
-2.50629915105 0.027987
-2.00503939642 0.0177258
-1.50377960398 0.00876771
-1.00251977374 0.00384482
-0.501259905734 0.000606336
0 0
0.501259943435 0.00230209
1.00251992454 0.00648805
1.50377994328 0.0128913
2.00503999963 0.0206024
2.50630009355 0.0308871
3.00756022503 0.0439533
3.50882039401 0.0579964
4.01008060048 0.0747447
4.51134084439 0.0930818
5.01260112573 0.113481
5.51386144445 0.135939
6.01512180054 0.159869
6.51638219395 0.186528
7.01764262465 0.21489
7.51890309262 0.245558
8.02016359783 0.274196
8.52142414023 0.304349
9.02268471981 0.333693
9.52394533652 0.36237
10.0252059903 0.390912
10.5264666813 0.416897
11.0277274092 0.441755
11.5289881742 0.461839
12.0302489761 0.480974
12.531509815 0.493793
13.0327706908 0.502903
13.5340316035 0.510351
14.0352925531 0.511742
14.5365535395 0.507967
15.0378145627 0.496534
15.5390756227 0.481516
16.0403367194 0.464171
16.5415978528 0.441152
17.0428590228 0.414041
17.5441202296 0.383473
18.0453814729 0.348979
18.5466427528 0.312666
19.0479040692 0.277578
19.5491654222 0.242849
20.0504268117 0.20988
20.5516882376 0.178438
21.0529496999 0.148159
21.5542111986 0.119302
22.0554727337 0.0935162
22.5567343051 0.0722748
23.0579959128 0.054208
23.5592575568 0.0420561
24.060519237 0.0332284
24.5617809534 0.0269823
25.063042706 0.0245707
