116.293016162	-47.5601427662	-25.0605772665	94.976817956	-3867.56702116
116.299654541	-47.5605326671	-24.5593664544	94.976817956	-3863.84181853
116.306293018	-47.5609221848	-24.0581556119	94.9719189093	-3857.87047424
116.312931594	-47.5613113195	-23.556944739	94.9670197601	-3853.06595885
116.319570269	-47.5617000712	-23.0557338358	94.9621205069	-3846.83907294
116.326209042	-47.5620884398	-22.5545229023	94.9572211508	-3839.48058202
116.332847913	-47.5624764253	-22.0533119385	94.9523216922	-3831.3814022
116.339486883	-47.5628640277	-21.5521009444	94.9474221296	-3821.44263398
116.346125951	-47.5632512471	-21.0508899201	94.9425224648	-3810.63037554
116.352765117	-47.5636380833	-20.5496788656	94.9376226972	-3798.07636741
116.359404381	-47.5640245363	-20.0484677809	94.9327228269	-3785.28213533
116.366043743	-47.5644106063	-19.5472566661	94.9278228539	-3772.38451554
116.372683202	-47.5647962931	-19.0460455212	94.9229227782	-3757.36217138
116.37932276	-47.5651815967	-18.5448343462	94.9180226009	-3742.12297879
116.385962415	-47.5655665172	-18.0436231412	94.9131223206	-3725.64055468
116.392602168	-47.5659510545	-17.5424119061	94.9082219385	-3708.63897866
116.399242018	-47.5663352086	-17.041200641	94.9033214543	-3691.21144428
116.405881965	-47.5667189795	-16.539989346	94.8984208681	-3674.15093964
116.41252201	-47.5671023672	-16.0387780211	94.8935201797	-3659.20455597
116.419162152	-47.5674853717	-15.5375666663	94.8886193902	-3643.01478329
116.425802391	-47.567867993	-15.0363552816	94.8837184987	-3626.3986783
116.432442726	-47.568250231	-14.535143867	94.8788175054	-3614.25289878
116.439083159	-47.5686320857	-14.0339324227	94.873916411	-3603.80382969
116.445723689	-47.5690135572	-13.5327209485	94.8690152149	-3593.79246726
116.452364315	-47.5693946454	-13.0315094447	94.8641139176	-3588.70303136
116.459005038	-47.5697753503	-12.5302979111	94.8592125193	-3586.72119234
116.465645857	-47.570155672	-12.0290863478	94.8543110197	-3588.02935352
116.472286773	-47.5705356103	-11.5278747548	94.8494094192	-3590.44901557
116.478927785	-47.5709151653	-11.0266631322	94.844507718	-3601.51148906
116.485568893	-47.5712943369	-10.5254514801	94.839605916	-3614.24107495
116.492210097	-47.5716731253	-10.0242397983	94.8347040129	-3626.96083203
116.498851398	-47.5720515303	-9.52302808704	94.8298020096	-3646.74074442
116.505492794	-47.5724295519	-9.02181634625	94.8248999058	-3669.34259436
116.512134286	-47.5728071901	-8.52060457598	94.8199977014	-3698.64731266
116.518775874	-47.573184445	-8.01939277625	94.815095397	-3728.53795613
116.525417557	-47.5735613165	-7.51818094711	94.8101929923	-3757.81251481
116.532059336	-47.5739378046	-7.01696908858	94.8052904873	-3792.17297069
116.538701211	-47.5743139092	-6.51575720069	94.8003878827	-3826.45910238
116.545343181	-47.5746896305	-6.01454528347	94.795485178	-3859.94865495
116.551985246	-47.5750649683	-5.51333333695	94.7905823732	-3892.49372567
116.558627406	-47.5754399226	-5.01212136116	94.7856794693	-3921.49671866
116.565269661	-47.5758144936	-4.51090935613	94.7807764656	-3947.92416748
116.571912012	-47.576188681	-4.00969732189	94.7758733622	-3970.20026782
116.578554457	-47.576562485	-3.50848525847	94.7709701596	-3991.42570053
116.585196997	-47.5769359054	-3.0072731659	94.7660668576	-4009.22972167
116.591839632	-47.5773089424	-2.50606104421	94.7611634566	-4024.82855468
116.598482361	-47.5776815959	-2.00484889342	94.7562599564	-4037.86250878
116.605125185	-47.5780538658	-1.50363671358	94.7513563571	-4047.28992005
116.611768103	-47.5784257523	-1.00242450471	94.7464526589	-4054.14643499
116.618411116	-47.5787972551	-0.501212266842	94.741548862	-4058.31264902
116.625054222	-47.5791683745	0	94.7366449665	-4059.43669444
116.631697423	-47.5795391102	0.501212295782	94.7317409721	-4059.28899131
116.638340718	-47.5799094625	1.00242462047	94.7268368797	-4056.71723305
116.644984107	-47.5802794311	1.50363697405	94.7219326885	-4052.66523888
116.65162759	-47.5806490161	2.00484935647	94.7170283992	-4046.6522784
116.658271166	-47.5810182175	2.50606176771	94.7121240112	-4040.37653126
116.664914837	-47.5813870353	3.00727420775	94.7072195257	-4032.75335429
116.6715586	-47.5817554695	3.50848667654	94.7023149421	-4024.4399416
116.678202457	-47.5821235201	4.00969917407	94.6974102605	-4015.17167648
116.684846408	-47.582491187	4.5109117003	94.692505481	-4007.6017905
116.691490452	-47.5828584703	5.01212425519	94.6876006039	-3998.55210575
116.698134589	-47.5832253699	5.51333683873	94.6826956291	-3990.07061463
116.704778819	-47.5835918858	6.01454945088	94.6777905571	-3981.59917512
116.711423142	-47.5839580181	6.51576209161	94.6728853872	-3973.06756266
116.718067558	-47.5843237666	7.01697476089	94.6679801205	-3964.38823456
116.724712067	-47.5846891314	7.51818745869	94.6630747563	-3956.57103001
116.731356668	-47.5850541126	8.01940018498	94.658169295	-3947.7402301
116.738001362	-47.58541871	8.52061293974	94.6532637367	-3939.89894199
116.744646149	-47.5857829236	9.02182572292	94.6483580818	-3932.01252308
116.751291028	-47.5861467536	9.52303853451	94.6434523296	-3924.12598744
116.757935999	-47.5865101997	10.0242513745	94.6385464809	-3916.29892179
116.764581063	-47.5868732621	10.5254642428	94.6336405357	-3907.35258053
116.771226218	-47.5872359407	11.0266771394	94.6287344937	-3898.81976333
116.777871466	-47.5875982356	11.5278900643	94.6238283559	-3890.52304145
116.784516806	-47.5879601466	12.0291030174	94.6189221212	-3881.09163154
116.791162237	-47.5883216738	12.5303159988	94.6140157904	-3870.47223745
116.797807761	-47.5886828172	13.0315290083	94.6091093636	-3859.01522031
116.804453376	-47.5890435768	13.532742046	94.6042028409	-3846.22054956
116.811099082	-47.5894039526	14.0339551119	94.5992962221	-3833.76608136
116.81774488	-47.5897639445	14.5351682058	94.5943895072	-3821.92820443
116.82439077	-47.5901235525	15.0363813278	94.5894826973	-3810.28566699
116.83103675	-47.5904827767	15.5375944779	94.5845757914	-3797.4762246
116.837682822	-47.590841617	16.038807656	94.5796687897	-3784.73771667
116.844328985	-47.5912000734	16.540020862	94.5747616932	-3773.4104598
116.850975239	-47.5915581459	17.041234096	94.5698545008	-3762.61766267
116.857621584	-47.5919158345	17.5424473579	94.5649472135	-3751.87713529
116.86426802	-47.5922731392	18.0436606478	94.5600398311	-3742.69553837
116.870914546	-47.5926300599	18.5448739654	94.5551323536	-3734.01936396
116.877561163	-47.5929865967	19.046087311	94.5502247813	-3725.4745574
116.88420787	-47.5933427496	19.5473006843	94.5453171142	-3718.29547325
116.890854668	-47.5936985185	20.0485140853	94.5404093522	-3710.75871919
116.897501557	-47.5940539034	20.5497275142	94.5355014954	-3703.28611538
116.904148535	-47.5944089044	21.0509409707	94.5305935447	-3696.4619624
116.910795604	-47.5947635213	21.5521544549	94.5256854989	-3689.56879416
116.917442762	-47.5951177543	22.0533679668	94.5207773596	-3681.98399587
116.924090011	-47.5954716033	22.5545815063	94.5158691249	-3673.31281621
116.930737349	-47.5958250682	23.0557950734	94.5109607972	-3663.55011346
116.937384778	-47.5961781491	23.557008668	94.5060523751	-3653.40118226
116.944032295	-47.596530846	24.0582222902	94.501143859	-3640.47142207
116.950679903	-47.5968831588	24.5594359399	94.496235249	-3626.65037367
116.9573276	-47.5972350876	25.060649617	94.4913265454	-3610.4163742
