-25.0610938996 0.354903
-24.5598724706 0.36755
-24.0586510228 0.380439
-23.5574295562 0.39419
-23.0562080709 0.409489
-22.5549865669 0.42591
-22.0537650442 0.442458
-21.5525435028 0.460364
-21.0513219428 0.478104
-20.5501003642 0.495911
-20.048878767 0.514866
-19.5476571513 0.532984
-19.0464355171 0.552396
-18.5452138644 0.56987
-18.0439921932 0.588731
-17.5427705037 0.607244
-17.0415487957 0.624582
-16.5403270694 0.641625
-16.0391053247 0.657074
-15.5378835618 0.669941
-15.0366617806 0.680331
-14.5354399812 0.688504
-14.0342181635 0.696683
-13.5329963277 0.702671
-13.0317744737 0.704349
-12.5305526016 0.704266
-12.0293307114 0.699461
-11.5281088032 0.690694
-11.026886877 0.676732
-10.5256649327 0.660054
-10.0244429705 0.638554
-9.52322099034 0.612723
-9.02199899229 0.584396
-8.52077697636 0.552337
-8.01955494258 0.514607
-7.51833289099 0.473877
-7.01711082162 0.430726
-6.51588873449 0.386442
-6.01466662964 0.345675
-5.5134445071 0.308634
-5.01222236689 0.272608
-4.51100020905 0.236088
-4.00977803361 0.20006
-3.5085558406 0.166353
-3.00733363004 0.133813
-2.50611140197 0.105852
-2.00488915642 0.0812048
-1.50366689342 0.0574531
-1.00244461299 0.0372029
-0.501222315177 0.0217346
0 0.0112148
0.501222332508 0.00564953
1.00244468232 0.00127602
1.50366704939 0
2.00488943372 0.00375556
2.50611183524 0.00950071
3.00733425395 0.0183498
3.50855668981 0.0307938
4.00977914279 0.0454444
4.51100161286 0.0604061
5.01222409998 0.0767408
5.51344660414 0.0961304
6.01466912529 0.116595
6.51589166341 0.138022
7.01711421848 0.16099
7.51833679044 0.18454
8.01955937929 0.207463
8.52078198498 0.230009
9.02200460749 0.252643
9.52322724679 0.27536
10.0244499028 0.296803
10.5256725756 0.317059
11.0268952651 0.3361
11.5281179712 0.353593
12.029340694 0.371154
12.5305634334 0.387555
13.0317861894 0.403429
13.5330089619 0.419208
14.0342317509 0.431892
14.5354545564 0.441736
15.0366773784 0.449948
15.5379002168 0.457365
16.0391230715 0.462209
16.5403459427 0.46689
17.0415688302 0.470957
17.5427917339 0.474163
18.044014654 0.477913
18.5452375903 0.481999
19.0464605428 0.486798
19.5476835115 0.491531
20.0489064963 0.496211
20.5501294973 0.503584
21.0513525144 0.511153
21.5525755475 0.519957
22.0537985966 0.53118
22.5550216618 0.541475
23.0562447429 0.55376
23.55746784 0.566351
24.058690953 0.580852
24.5599140818 0.597035
25.0611372265 0.614524
