-25.0590726663 0.422645
-24.5578937067 0.433718
-24.0567146448 0.446418
-23.5555354807 0.458224
-23.0543562145 0.470567
-22.553176846 0.482376
-22.0519973754 0.493935
-21.5508178028 0.505288
-21.049638128 0.516094
-20.5484583512 0.525791
-20.0472784724 0.533765
-19.5460984916 0.539304
-19.0449184088 0.543399
-18.5437382242 0.544521
-18.0425579376 0.543167
-17.5413775491 0.541187
-17.0401970588 0.536312
-16.5390164667 0.529761
-16.0378357728 0.518902
-15.5366549771 0.505357
-15.0354740797 0.490911
-14.5342930806 0.473158
-14.0331119799 0.453155
-13.5319307775 0.431651
-13.0307494735 0.408621
-12.5295680679 0.384879
-12.0283865607 0.359238
-11.5272049521 0.332655
-11.0260232419 0.306365
-10.5248414303 0.281172
-10.0236595173 0.257213
-9.52247750282 0.232858
-9.02129538699 0.210335
-8.52011316982 0.189295
-8.01893085132 0.170084
-7.51774843154 0.151438
-7.0165659105 0.133727
-6.51538328822 0.11705
-6.01420056475 0.101734
-5.5130177401 0.0882108
-5.01183481431 0.0763053
-4.51065178741 0.0653544
-4.00946865942 0.056228
-3.50828543038 0.0480668
-3.00710210031 0.0419947
-2.50591866925 0.0365788
-2.00473513722 0.0323484
-1.50355150425 0.0300129
-1.00236777037 0.0289382
-0.50118393561 0.0301052
0 0.0335454
0.50118403643 0.0393948
1.00236817365 0.0490065
1.50355241164 0.0579832
2.00473675036 0.0676424
2.50592118978 0.0809116
3.00710572988 0.0951371
3.50829037062 0.110376
4.00947511199 0.120723
4.51065995393 0.124514
5.01184489644 0.125186
5.51302993948 0.120706
6.01421508301 0.122039
6.51540032702 0.13881
7.01658567146 0.168822
7.51777111632 0.209384
8.01895666156 0.260496
8.52014230716 0.385314
9.02132805308 0.547676
9.52251389929 0.714695
10.0236998458 0.826442
10.5248858925 0.911181
11.0260720394 0.968568
11.5272582865 1.02077
12.0284446337 1.06778
12.5296310811 1.08611
13.0308176286 1.08782
13.5320042761 1.08879
14.0331910236 1.08434
14.5343778712 1.08106
15.0355648187 1.0715
15.5367518662 1.05859
16.0379390135 1.03503
16.5391262608 0.994243
17.0403136079 0.94528
17.5415010549 0.891699
18.0426886016 0.833045
18.5438762481 0.76768
19.0450639944 0.69854
19.5462518403 0.627065
20.047439786 0.554891
20.5486278312 0.482542
21.0498159762 0.409837
21.5510042207 0.341044
22.0521925647 0.275651
22.5533810083 0.217869
23.0545695514 0.16285
23.555758194 0.111161
24.056946936 0.0669635
24.5581357774 0.0304227
25.0593247182 0
