-25.0632170872 0.0247346
-24.5619536964 0.0411073
-24.0606902662 0.0587175
-23.5594267968 0.0790673
-23.0581632881 0.100068
-22.5568997402 0.122314
-22.0556361531 0.145162
-21.5543725268 0.167051
-21.0531088615 0.189923
-20.551845157 0.215961
-20.0505814135 0.241243
-19.5493176309 0.26592
-19.0480538093 0.288302
-18.5467899488 0.31203
-18.0455260493 0.3343
-17.544262111 0.355606
-17.0429981337 0.374819
-16.5417341176 0.392033
-16.0404700627 0.406435
-15.539205969 0.417848
-15.0379418366 0.427864
-14.5366776655 0.435067
-14.0354134556 0.439395
-13.5341492071 0.438838
-13.03288492 0.434161
-12.5316205943 0.426838
-12.03035623 0.41638
-11.5290918272 0.401399
-11.0278273859 0.381924
-10.5265629061 0.358861
-10.0252983879 0.330784
-9.52403383129 0.298726
-9.0227692363 0.26613
-8.52150460297 0.228431
-8.02023993132 0.182277
-7.51897522139 0.143791
-7.01771047321 0.0940934
-6.51644568682 0.0597439
-6.01518086223 0.112831
-5.51391599949 0.182917
-5.01265109863 0.179209
-4.51138615967 0.16472
-4.01012118265 0.151529
-3.5088561676 0.147469
-3.00759111455 0.166149
-2.50632602353 0.241152
-2.00506089457 0.3105
-1.50379572771 0.388111
-1.00253052297 0.486977
-0.501265280391 0.599724
0 0.627061
0.501265318173 0.602383
1.0025306741 0.528831
1.50379606774 0.451577
2.00506149906 0.392659
2.50632696805 0.315835
3.00759247465 0.242322
3.50885801885 0.183139
4.01012360062 0.147151
4.51138921991 0.12624
5.0126548767 0.105101
5.51392057096 0.0970091
6.01518630266 0.111973
6.51645207176 0.124184
7.01771787824 0.168387
7.51898372206 0.248319
8.02024960319 0.281643
8.5215155216 0.263526
9.02278147726 0.283435
9.52404747014 0.306001
10.0253135002 0.324665
10.5265795674 0.330372
11.0278456718 0.325944
11.5291118132 0.310747
12.0303779917 0.290195
12.5316442072 0.267129
13.0329104598 0.241047
13.5341767492 0.210514
14.0354430757 0.178122
14.536709439 0.146816
15.0379758392 0.112186
15.5392422763 0.0780032
16.0405087501 0.0495183
16.5417752608 0.028004
17.0430418082 0.0126125
17.5443083923 0.00248291
18.0455750131 0
18.5468416705 0.0050917
19.0481083646 0.014963
19.5493750952 0.0308744
20.0506418625 0.0522793
20.5519086662 0.0798059
21.0531755065 0.108749
21.5544423832 0.14056
22.0557092963 0.176734
22.5569762459 0.216724
23.0582432318 0.258741
23.5595102541 0.304397
24.0607773127 0.351722
24.5620444075 0.404889
25.0633115386 0.456963
