-25.0614559933 0.475904
-24.5602286125 0.475672
-24.0590011603 0.473531
-23.5577736366 0.475212
-23.0565460415 0.477051
-22.555318375 0.473115
-22.0540906372 0.460145
-21.552862828 0.446802
-21.0516349476 0.45627
-20.5504069959 0.490034
-20.049178973 0.532973
-19.5479508789 0.575288
-19.0467227136 0.592164
-18.5454944772 0.581512
-18.0442661697 0.562671
-17.5430377911 0.534225
-17.0418093415 0.493643
-16.5405808209 0.459076
-16.0393522292 0.449906
-15.5381235666 0.45051
-15.0368948331 0.448081
-14.5356660288 0.441574
-14.0344371535 0.439794
-13.5332082074 0.445513
-13.0319791905 0.450185
-12.5307501029 0.456007
-12.0295209445 0.465792
-11.5282917154 0.472151
-11.0270624156 0.471432
-10.5258330452 0.45703
-10.0246036041 0.430734
-9.52337409248 0.395851
-9.02214451028 0.355186
-8.52091485756 0.313718
-8.01968513434 0.275105
-7.51845534065 0.238262
-7.01722547652 0.205388
-6.51599554199 0.175658
-6.01476553709 0.146905
-5.51353546184 0.121086
-5.01230531627 0.0974176
-4.51107510042 0.0741996
-4.00984481432 0.0541709
-3.50861445799 0.0391201
-3.00738403147 0.0257734
-2.50615353479 0.0153454
-2.00492296798 0.00744355
-1.50369233106 0.00198691
-1.00246162407 0
-0.501230847041 0.000526119
0 0.00438746
0.50123091702 0.0103017
1.00246190399 0.0189475
1.50369296088 0.0304811
2.00492408766 0.0440899
2.5061552843 0.0591985
3.00738655077 0.0768949
3.50861788703 0.0970375
4.00984929306 0.118209
4.51108076883 0.141032
5.01231231431 0.164828
5.51354392946 0.189753
6.01477561425 0.216429
6.51600736867 0.247755
7.01723919267 0.281254
7.51847108622 0.314252
8.01970304929 0.34728
8.52093508186 0.380955
9.02216718389 0.414085
9.52339935536 0.446623
10.0246315962 0.477406
10.5258639065 0.505173
11.027096286 0.531273
11.5283287349 0.555228
12.0295612531 0.577103
12.5307938405 0.592255
13.0320264972 0.603619
13.533259223 0.612243
14.034492018 0.613595
14.5357248821 0.608871
15.0369578153 0.596577
15.5381908176 0.581797
16.0394238889 0.562868
16.5406570293 0.536386
17.0418902386 0.506875
17.5431235168 0.472804
18.044356864 0.435542
18.54559028 0.39571
19.0468237649 0.353887
19.5480573186 0.312923
20.0492909412 0.274528
20.5505246324 0.237432
21.0517583925 0.20134
21.5529922212 0.168369
22.0542261186 0.137712
22.5554600846 0.111685
23.0566941192 0.0879059
23.5579282224 0.0718223
24.0591623942 0.0584245
24.5603966345 0.0467749
25.0616309433 0.0408594
