-25.0611624329 0.235749
-24.5599396335 0.247035
-24.0587168153 0.260877
-23.5574939784 0.275132
-23.0562711226 0.289733
-22.5550482481 0.30432
-22.053825355 0.319802
-21.5526024431 0.334628
-21.0513795126 0.350177
-20.5501565635 0.365736
-20.0489335959 0.381451
-19.5477106096 0.397528
-19.0464876049 0.413449
-18.5452645816 0.429497
-18.0440415399 0.444727
-17.5428184798 0.459061
-17.0415954013 0.474037
-16.5403723044 0.488253
-16.0391491892 0.50267
-15.5379260556 0.515039
-15.0367029038 0.526796
-14.5354797338 0.537387
-14.0342565455 0.546607
-13.533033339 0.554406
-13.0318101144 0.559342
-12.5305868716 0.56321
-12.0293636108 0.564568
-11.5281403319 0.564364
-11.0269170349 0.560531
-10.5256937199 0.554408
-10.024470387 0.545384
-9.52324703613 0.532086
-9.02202366733 0.516508
-8.52080028065 0.498491
-8.01957687612 0.475222
-7.51835345376 0.44904
-7.01713001361 0.419999
-6.51590655569 0.389702
-6.01468308004 0.35823
-5.51345958668 0.323236
-5.01223607566 0.287947
-4.51101254699 0.254145
-4.0097890007 0.222166
-3.50856543684 0.193488
-3.00734185542 0.166277
-2.50611825648 0.140266
-2.00489464005 0.116632
-1.50367100615 0.0951737
-1.00244735482 0.0749645
-0.501223686097 0.0564157
0 0.0414496
0.501223703438 0.0288327
1.00244742419 0.0187139
1.50367116222 0.0101845
2.00489491749 0.00482527
2.50611868999 0.0010628
3.00734247968 0
3.50856628653 0.00119627
4.0097901105 0.00490506
4.51101395158 0.0106188
5.01223780972 0.0168171
5.51346168491 0.0256111
6.0146855771 0.0363711
6.51590948626 0.0482559
7.01713341238 0.0613924
7.51835735541 0.0755596
8.01958131533 0.0894486
8.5208052921 0.104354
9.02202928571 0.120403
9.52325329611 0.137274
10.0244773233 0.154809
10.5257013672 0.171097
11.0269254278 0.187126
11.5281495051 0.201359
12.029373599 0.214865
12.5305977095 0.229018
13.0318218367 0.2419
13.5330459803 0.253481
14.0342701405 0.265243
14.5354943172 0.276186
15.0367185104 0.286908
15.53794272 0.296134
16.039166946 0.304648
16.5403911884 0.31177
17.0416154471 0.319786
17.5428397221 0.326266
18.0440640134 0.332692
18.545288321 0.339004
19.0465126447 0.346795
19.5477369847 0.355756
20.0489613408 0.364598
20.5501857131 0.373558
21.0514101015 0.384223
21.5526345059 0.394131
22.0538589264 0.404713
22.5550833629 0.414774
23.0563078153 0.426179
23.5575322837 0.436116
24.0587567681 0.446086
24.5599812683 0.45677
25.0612057844 0.466355
