-25.0614022384 0.365702
-24.5601746439 0.37773
-24.0589470304 0.39083
-23.5577193982 0.40489
-23.0564917472 0.419003
-22.5552640774 0.434762
-22.0540363888 0.450523
-21.5528086816 0.466708
-21.0515809556 0.483071
-20.550353211 0.499495
-20.0491254478 0.51557
-19.547897666 0.532223
-19.0466698657 0.548926
-18.5454420468 0.564962
-18.0442142094 0.579613
-17.5429863535 0.592895
-17.0417584792 0.605759
-16.5405305866 0.617087
-16.0393026755 0.625426
-15.5380747461 0.632988
-15.0368467983 0.638365
-14.5356188323 0.640596
-14.034390848 0.637709
-13.5331628455 0.633166
-13.0319348248 0.627624
-12.530706786 0.617474
-12.029478729 0.603305
-11.5282506539 0.588023
-11.0270225607 0.567946
-10.5257944495 0.54589
-10.0245663203 0.518829
-9.5233381731 0.492168
-9.02211000794 0.461518
-8.52088182487 0.429336
-8.0196536239 0.396517
-7.51842540507 0.362245
-7.01719716841 0.327138
-6.51596891395 0.297596
-6.01474064172 0.268451
-5.51351235175 0.240074
-5.01228404408 0.212946
-4.51105571872 0.188
-4.00982737572 0.162999
-3.5085990151 0.139154
-3.00737063689 0.116639
-2.50614224112 0.0960187
-2.00491382783 0.0760869
-1.50368539704 0.0604773
-1.00245694879 0.0464373
-0.501228483096 0.0321477
0 0.0203225
0.501228500471 0.0122152
1.00245701829 0.00690608
1.50368555341 0.00324252
2.00491410583 0
2.50614267549 0.000657572
3.00737126238 0.00287041
3.50859986646 0.0063801
4.00982848771 0.0124767
4.51105712609 0.0202583
5.01228578156 0.0299046
5.51351445411 0.039324
6.0147431437 0.0496363
6.5159718503 0.0624456
7.01720057389 0.0757128
7.51842931442 0.089905
8.01965807187 0.103769
8.52088684621 0.119251
9.0221156374 0.134042
9.52334444543 0.148852
10.0245732703 0.163669
10.5258021118 0.178469
11.0270309702 0.191799
11.5282598452 0.205072
12.0294887369 0.218372
12.5307176453 0.231654
13.0319465703 0.243988
13.5331755118 0.255713
14.0344044699 0.2661
14.5356334446 0.276658
15.0368624357 0.288223
15.5380914433 0.299858
16.0393204673 0.311476
16.5405495078 0.322445
17.0417785646 0.332362
17.5430076377 0.34215
18.0442367272 0.3507
18.5454658329 0.359001
19.0466949549 0.366429
19.5479240931 0.373831
20.0491532475 0.381708
20.5503824181 0.387294
21.0516116048 0.393963
21.5528408076 0.400348
22.0540700265 0.406169
22.5552992614 0.410122
23.0565285123 0.414049
23.5577577792 0.419898
24.058987062 0.42463
24.5602163608 0.427588
25.0614456754 0.430783
