-25.062914864 0.55335
-24.5616575153 0.542956
-24.0604001274 0.533447
-23.5591427002 0.527032
-23.057885234 0.520714
-22.5566277286 0.514874
-22.0553701841 0.508865
-21.5541126006 0.503838
-21.052854978 0.503605
-20.5515973164 0.507654
-20.0503396159 0.516208
-19.5490818764 0.525271
-19.0478240981 0.533388
-18.5465662808 0.539368
-18.0453084247 0.543868
-17.5440505299 0.545435
-17.0427925962 0.545682
-16.5415346238 0.543567
-16.0402766126 0.541007
-15.5390185628 0.538818
-15.0377604743 0.535281
-14.5365023472 0.530122
-14.0352441816 0.526298
-13.5339859773 0.519505
-13.0327277345 0.511502
-12.5314694532 0.504527
-12.0302111335 0.494966
-11.5289527753 0.481155
-11.0276943787 0.463168
-10.5264359437 0.443951
-10.0251774704 0.422296
-9.52391895882 0.397878
-9.02266040891 0.369348
-8.52140182076 0.340482
-8.02014319439 0.308832
-7.51888452983 0.277871
-7.01762582711 0.245867
-6.51636708627 0.215674
-6.01510830733 0.185709
-5.51384949033 0.157721
-5.01259063529 0.131733
-4.51133174226 0.105776
-4.01007281125 0.0819701
-3.5088138423 0.0633172
-3.00755483545 0.0474942
-2.50629579072 0.0353806
-2.00503670814 0.0250924
-1.50377758775 0.0172353
-1.00251842958 0.0120117
-0.501259233649 0.0105895
0 0.0107312
0.501259271339 0.0137078
1.00251858034 0.0180499
1.50377792697 0.0261556
2.00503731119 0.0355987
2.50629673298 0.0490974
3.0075561923 0.064504
3.50881568913 0.0817537
4.01007522342 0.101407
4.51133479517 0.121376
5.01259440432 0.143883
5.51385405085 0.167343
6.01511373472 0.192555
6.51637345592 0.221746
7.0176332144 0.25411
7.51889301013 0.286092
8.02015284309 0.317654
8.52141271324 0.349568
9.02267262055 0.381294
9.523932565 0.41291
10.0251925465 0.442745
10.5264525651 0.470291
11.0277126208 0.495831
11.5289727134 0.519045
12.0302328431 0.539391
12.5314930096 0.553912
13.0327532131 0.565071
13.5340134535 0.57268
14.0352737307 0.574196
14.5365340447 0.569753
15.0377943955 0.557988
15.5390547831 0.543305
16.0403152074 0.523748
16.5415756684 0.498184
17.042836166 0.468474
17.5440967003 0.434807
18.0453572712 0.39746
18.5466178787 0.357444
19.0478785227 0.316258
19.5491392032 0.275815
20.0503999201 0.237563
20.5516606736 0.200581
21.0529214634 0.164541
21.5541822896 0.13129
22.0554431522 0.100972
22.5567040511 0.0740199
23.0579649862 0.0489539
23.5592259577 0.0327883
24.0604869653 0.0180536
24.5617480092 0.00595451
25.0630090892 0
