-25.0480083481 1.03969
-24.5470530918 1.04792
-24.0460976348 1.05637
-23.545141977 1.0672
-23.0441861184 1.07841
-22.543230059 1.08994
-22.042273799 1.10198
-21.5413173382 1.11669
-21.0403606768 1.13266
-20.5394038147 1.14957
-20.038446752 1.16678
-19.5374894887 1.18275
-19.0365320248 1.19963
-18.5355743603 1.21757
-18.0346164953 1.23557
-17.5336584298 1.25414
-17.0327001638 1.27242
-16.5317416974 1.29033
-16.0307830305 1.30732
-15.5298241632 1.32403
-15.0288650955 1.33828
-14.5279058275 1.35136
-14.0269463591 1.36309
-13.5259866904 1.37282
-13.0250268213 1.38098
-12.524066752 1.38642
-12.0231064825 1.38822
-11.5221460127 1.38571
-11.0211853428 1.38018
-10.5202244726 1.36982
-10.0192634023 1.3534
-9.51830213187 1.33179
-9.01734066133 1.30445
-8.5163789907 1.26961
-8.01541712001 1.23882
-7.51445504928 1.19735
-7.01349277854 1.15164
-6.51253030781 1.0908
-6.01156763711 1.02371
-5.51060476647 1.00818
-5.00964169591 1.05096
-4.50867842546 1.08858
-4.00771495513 1.12684
-3.50675128496 1.15459
-3.00578741496 1.18399
-2.50482334516 1.25081
-2.00385907559 1.2897
-1.50289460626 1.22786
-1.00192993721 1.14528
-0.500965068445 1.0667
0 0.980426
0.500965268102 0.902118
1.00193073584 0.919608
1.50289640318 0.987986
2.00386227012 0.970781
2.50482833662 0.919113
3.00579460265 0.865311
3.5067610682 0.841923
4.00772773325 0.84019
4.50869459776 0.820955
5.00966166171 0.783458
5.51062892509 0.76962
6.01159638786 0.804177
6.51256405001 0.847017
7.0135319115 0.874605
7.51449997232 0.896967
8.01546823245 0.93281
8.51643669185 0.963409
9.0174053505 1.00616
9.51837420838 1.04909
10.0193432655 1.04976
10.5203125217 0.961137
11.0212819772 0.926915
11.5222516317 0.929337
12.0232214854 0.93869
12.5241915382 0.900849
13.02516179 0.851749
13.5261322409 0.803952
14.0271028907 0.745106
14.5280737396 0.672963
15.0290447875 0.57131
15.5300160342 0.4539
16.0309874799 0.421127
16.5319591245 0.352891
17.032930968 0.237991
17.5339030103 0.123391
18.0348752515 0.030917
18.5358476914 0.0223709
19.0368203301 0.00695431
19.5377931676 0.00543841
20.0387662038 0.0212506
20.5397394387 0.0189192
21.0407128723 0.0135635
21.5416865046 0.038821
22.0426603354 0.0570628
22.5436343649 0.0555579
23.044608593 0.0442131
23.5455830196 0.0260935
24.0465576448 0.0185956
24.5475324685 0
25.0485074906 0.0255487
