-25.0630299316 0.501247
-24.5617696388 0.516116
-24.0605093331 0.531031
-23.5592490144 0.545873
-23.0579886829 0.560678
-22.5567283384 0.574922
-22.055467981 0.587886
-21.5542076109 0.598457
-21.0529472279 0.606852
-20.5516868322 0.613779
-20.0504264237 0.617754
-19.5491660025 0.62044
-19.0479055687 0.620607
-18.5466451222 0.616878
-18.0453846631 0.609698
-17.5441241915 0.600737
-17.0428637072 0.590747
-16.5416032105 0.576934
-16.0403427013 0.561563
-15.5390821796 0.543922
-15.0378216455 0.523077
-14.536561099 0.50154
-14.0353005401 0.478995
-13.5340399689 0.455331
-13.0327793855 0.429695
-12.5315187897 0.404465
-12.0302581817 0.380031
-11.5289975615 0.35869
-11.0277369292 0.337523
-10.5264762846 0.315534
-10.025215628 0.294504
-9.52395495931 0.275008
-9.02269427856 0.255456
-8.52143358579 0.237276
-8.02017288102 0.219478
-7.51891216431 0.202512
-7.01765143566 0.187055
-6.51639069513 0.173321
-6.01512994273 0.160499
-5.5138691785 0.148287
-5.01260840247 0.137528
-4.51134761467 0.127346
-4.01008681513 0.119311
-3.50882600389 0.112029
-3.00756518097 0.105802
-2.5063043464 0.101233
-2.00504350022 0.099571
-1.50378264246 0.0991958
-1.00252177315 0.0997911
-0.501260892321 0.103437
0 0.1094
0.501260903778 0.119713
1.00252181898 0.132066
1.50378274558 0.145281
2.00504368355 0.164528
2.50630463284 0.185425
3.00756559344 0.210869
3.50882656531 0.238921
4.01008754842 0.270862
4.51134854274 0.305212
5.01260954823 0.341798
5.51387056487 0.382551
6.01513159262 0.423765
6.51639263146 0.467173
7.01765368135 0.516434
7.51891474226 0.565596
8.02017581417 0.614427
8.52143689703 0.659439
9.02269799082 0.701325
9.5239590955 0.741436
10.0252202111 0.775091
10.5264813374 0.804329
11.0277424746 0.826168
11.5290036226 0.841691
12.0302647813 0.850353
12.5315259507 0.851073
13.0327871308 0.844505
13.5340483215 0.82972
14.0353095229 0.807733
14.5365707348 0.77877
15.0378319573 0.743709
15.5390931903 0.702264
16.0403544338 0.655845
16.5416156878 0.606753
17.0428769522 0.552625
17.544138227 0.494489
18.0453995121 0.437943
18.5466608076 0.383671
19.0479221134 0.335554
19.5491834295 0.287457
20.0504447558 0.241714
20.5517060923 0.201576
21.052967439 0.163072
21.5542287959 0.12774
22.0554901628 0.0963656
22.5567515399 0.0721283
23.058012927 0.050665
23.5592743241 0.0335743
24.0605357313 0.020801
24.5617971484 0.00918695
25.0630585754 0
