-25.0604013749 0.192007
-24.5591940796 0.191653
-24.0579867539 0.190073
-23.5567793978 0.188514
-23.0555720115 0.187692
-22.5543645949 0.186902
-22.053157148 0.184799
-21.5519496709 0.18183
-21.0507421637 0.179443
-20.5495346263 0.178956
-20.0483270587 0.177206
-19.5471194611 0.175515
-19.0459118334 0.174285
-18.5447041757 0.172326
-18.043496488 0.170932
-17.5422887703 0.169885
-17.0410810227 0.169969
-16.5398732451 0.169931
-16.0386654377 0.168737
-15.5374576004 0.167118
-15.0362497333 0.166596
-14.5350418364 0.164934
-14.0338339097 0.163635
-13.5326259533 0.16238
-13.0314179672 0.160806
-12.5302099514 0.157786
-12.029001906 0.155839
-11.527793831 0.153571
-11.0265857263 0.148754
-10.5253775921 0.142258
-10.0241694284 0.135457
-9.52296123524 0.128268
-9.02175301258 0.121466
-8.52054476047 0.112213
-8.01933647896 0.102277
-7.51812816808 0.0917042
-7.01691982785 0.080316
-6.5157114583 0.0689581
-6.01450305947 0.0578377
-5.51329463138 0.0464724
-5.01208617406 0.0351495
-4.51087768755 0.026014
-4.00966917187 0.0189532
-3.50846062705 0.0110091
-3.00725205313 0.0053309
-2.50604345013 0.00162909
-2.00483481808 5.57466e-05
-1.50362615701 0
-1.00241746695 0.0015455
-0.501208747941 0.00447794
0 0.00993714
0.501208776838 0.0160875
1.00241758255 0.0229947
1.50362641709 0.0308023
2.00483528045 0.040774
2.50604417258 0.0517778
3.00725309346 0.0619984
3.50846204306 0.0726665
4.00967102135 0.083021
4.5108800283 0.093759
5.01208906388 0.104648
5.51329812806 0.115397
6.01450722081 0.126699
6.51571634209 0.137508
7.01692549189 0.147997
7.51813467017 0.158418
8.01934387689 0.169466
8.52055311204 0.180366
9.02176237558 0.190988
9.52297166747 0.202317
10.0241809877 0.213271
10.5253903362 0.224662
11.026599713 0.236037
11.5278091181 0.247384
12.0290185513 0.258884
12.5302280128 0.270396
13.0314375023 0.280867
13.53264702 0.290115
14.0338565658 0.299165
14.5350661397 0.305941
15.0362757416 0.312039
15.5374853715 0.318513
16.0386950293 0.327211
16.5399047151 0.335625
17.0411144289 0.342587
17.5423241705 0.347137
18.0435339399 0.351457
18.5447437372 0.354654
19.0459535623 0.357049
19.5471634151 0.3603
20.0483732956 0.36258
20.5495832039 0.364932
21.0507931398 0.368089
21.5520031034 0.370058
22.0532130946 0.373397
22.5544231134 0.37916
23.0556331597 0.386987
23.5568432336 0.396967
24.0580533349 0.412842
24.5592634637 0.441499
25.06047362 0.480893
