-25.060542092 0.167993
-24.5593319832 0.172918
-24.058121844 0.178157
-23.5569116744 0.183192
-23.0557014745 0.189104
-22.5544912442 0.195008
-22.0532809837 0.203593
-21.552070693 0.212236
-21.050860372 0.222067
-20.5496500209 0.232148
-20.0484396395 0.242941
-19.5472292281 0.254947
-19.0460187865 0.26797
-18.5448083149 0.28143
-18.0435978133 0.296336
-17.5423872816 0.312672
-17.04117672 0.327854
-16.5399661284 0.343955
-16.0387555069 0.358622
-15.5375448555 0.374394
-15.0363341742 0.390884
-14.5351234631 0.402815
-14.0339127222 0.415846
-13.5327019515 0.426371
-13.0314911511 0.43395
-12.530280321 0.437349
-12.0290694612 0.438212
-11.5278585718 0.437113
-11.0266476527 0.42679
-10.5254367041 0.418339
-10.0242257259 0.408812
-9.52301471813 0.391179
-9.02180368089 0.369433
-8.52059261417 0.343129
-8.01938151802 0.316925
-7.51817039245 0.290722
-7.0169592375 0.259513
-6.5157480532 0.227337
-6.01453683958 0.193753
-5.51332559667 0.161119
-5.0121143245 0.132214
-4.5109030231 0.108653
-4.0096916925 0.0875621
-3.50848033272 0.0670645
-3.0072689438 0.049013
-2.50605752577 0.033826
-2.00484607866 0.021706
-1.5036346025 0.011014
-1.00242309731 0.00555207
-0.501211563138 0.00141575
0 0
0.50121159207 0.000397173
1.00242321304 0.00335244
1.50363486289 0.00726208
2.00484654157 0.0122781
2.50605824907 0.0182747
3.00726998535 0.0248246
3.50848175038 0.032334
4.00969354414 0.0401475
4.51090536658 0.0491407
5.01211721769 0.0579656
5.51332909744 0.0657833
6.01454100578 0.0737844
6.5157529427 0.0817372
7.01696490816 0.0896304
7.51817690213 0.0975293
8.01938892459 0.104656
8.5206009755 0.112453
9.02181305483 0.120066
9.52302516255 0.127888
10.0242372986 0.135809
10.5254494631 0.143631
11.0266616558 0.152542
11.5278738768 0.161769
12.029086126 0.173121
12.5302984035 0.184951
13.0315107091 0.196875
13.5327230429 0.209245
14.0339354048 0.221122
14.5351477948 0.232884
15.0363602129 0.2435
15.537572659 0.254507
16.0387851331 0.264498
16.5399976352 0.275161
17.0412101652 0.283512
17.5424227231 0.291552
18.043635309 0.299372
18.5448479226 0.307131
19.0460605641 0.313375
19.5472732334 0.318501
20.0484859305 0.323661
20.5496986553 0.32722
21.0509114077 0.331145
21.5521241879 0.334171
22.0533369957 0.337511
22.5545498311 0.340628
23.0557626942 0.343315
23.5569755847 0.345398
24.0581885028 0.347152
24.5594014484 0.349682
25.0606144214 0.353054
