-25.0614364883 0.444837
-24.5602082089 0.455833
-24.0589799106 0.466197
-23.5577515935 0.477488
-23.0565232576 0.488724
-22.5552949029 0.500431
-22.0540665294 0.513897
-21.5528381373 0.526892
-21.0516097264 0.539414
-20.5503812969 0.5525
-20.0491528488 0.564428
-19.5479243821 0.576428
-19.0466958968 0.588213
-18.545467393 0.599857
-18.0442388707 0.611369
-17.5430103299 0.619527
-17.0417817706 0.627497
-16.540553193 0.634601
-16.039324597 0.637843
-15.5380959826 0.639425
-15.0368673499 0.639384
-14.5356386989 0.636425
-14.0344100296 0.629711
-13.5331813421 0.618554
-13.0319526365 0.607596
-12.5307239126 0.592899
-12.0294951706 0.573901
-11.5282664105 0.55345
-11.0270376323 0.528883
-10.5258088361 0.502842
-10.0245800218 0.471259
-9.52335118961 0.439685
-9.02212233942 0.407195
-8.52089347131 0.374096
-8.01966458529 0.33993
-7.51843568142 0.30827
-7.0172067597 0.279738
-6.51597782018 0.251146
-6.01474886289 0.224227
-5.51351988785 0.196082
-5.0122908951 0.169914
-4.51106188466 0.144872
-4.00983285658 0.119484
-3.50860381086 0.0977212
-3.00737474756 0.0765923
-2.50614566669 0.0605387
-2.0049165683 0.0441951
-1.5036874524 0.031231
-1.00245831903 0.0221411
-0.501229168221 0.0108754
0 0.00328971
0.5012291856 0
1.00245838855 0.000501615
1.50368760882 0.00214327
2.00491684637 0.00267825
2.50614610119 0.00717177
3.00737537323 0.0137738
3.50860466247 0.0216922
4.00983396888 0.0320887
4.51106329243 0.0436363
5.01229263307 0.0576856
5.5135219908 0.07144
6.01475136557 0.0853299
6.51598075736 0.100793
7.01721016613 0.116929
7.51843959186 0.133235
8.01966903451 0.149561
8.52089849406 0.166048
9.02212797046 0.182599
9.5233574637 0.198808
10.0245869737 0.214696
10.5258165006 0.229094
11.0270460441 0.243458
11.5282756044 0.256715
12.0295051813 0.269647
12.5307347749 0.282377
13.0319643852 0.293313
13.533194012 0.304846
14.0344236553 0.317484
14.5356533152 0.329192
15.0368829916 0.340414
15.5381126845 0.350946
16.0393423938 0.36091
16.5405721195 0.369551
17.0418018616 0.37812
17.54303162 0.385422
18.0442613948 0.393373
18.5454911858 0.39938
19.0467209931 0.40704
19.5479508166 0.412725
20.0491806563 0.419465
20.5504105122 0.42464
21.0516403842 0.428948
21.5528702723 0.434877
22.0541001765 0.439428
22.5553300968 0.444125
23.056560033 0.449143
23.5577899852 0.45273
24.0590199534 0.456303
24.5602499375 0.457842
25.0614799375 0.459416
