-25.0482026843 0.455825
-24.5472435489 0.463715
-24.0462842124 0.471417
-23.5453246749 0.479447
-23.0443649362 0.488523
-22.5434049965 0.4977
-22.0424448557 0.508444
-21.541484514 0.520131
-21.0405239712 0.53307
-20.5395632275 0.549026
-20.0386022829 0.565421
-19.5376411373 0.583755
-19.0366797909 0.604112
-18.5357182436 0.627032
-18.0347564954 0.649202
-17.5337945465 0.674007
-17.0328323967 0.701862
-16.5318700461 0.729142
-16.0309074948 0.756989
-15.5299447428 0.783779
-15.0289817901 0.80959
-14.5280186367 0.834909
-14.0270552827 0.855595
-13.526091728 0.873633
-13.0251279727 0.890976
-12.5241640168 0.906438
-12.0231998604 0.914565
-11.5222355034 0.917947
-11.0212709459 0.912919
-10.520306188 0.903512
-10.0193412295 0.892576
-9.51837607067 0.87878
-9.01741071139 0.853122
-8.5164451517 0.823585
-8.01547939165 0.791553
-7.51451343126 0.75114
-7.01354727054 0.706518
-6.51258090952 0.652997
-6.01161434823 0.595254
-5.51064758669 0.535174
-5.00968062492 0.46946
-4.50871346295 0.39445
-4.0077461008 0.310668
-3.50677853849 0.242555
-3.00581077606 0.192475
-2.50484281351 0.248644
-2.00387465088 0.266429
-1.50290628819 0.298394
-1.00193772547 0.304532
-0.500968962729 0.257683
0 0.1855
0.500969162692 0.142352
1.00193852533 0.139396
1.50290808788 0.179659
2.00387785032 0.203833
2.50484781264 0.202673
3.0058179748 0.195662
3.50678833678 0.257841
4.00775889856 0.372092
4.50872966011 0.512896
5.00970062142 0.666777
5.51067178245 0.798768
6.01164314318 0.918534
6.51261470359 1.06616
7.01358646366 1.1796
7.51455842336 1.2432
8.01553058266 1.20117
8.51650294155 1.09889
9.0174755 0.986723
9.51844825798 0.891516
10.0194212155 0.799167
10.5203943725 0.740796
11.0213677289 0.733461
11.5223412848 0.762638
12.0233150401 0.852296
12.5242889948 1.00681
13.0252631488 1.16259
13.5262375022 1.29928
14.027212055 1.36756
14.528186807 1.3876
15.0291617583 1.37439
15.5301369088 1.36728
16.0311122586 1.36066
16.5320878075 1.33423
17.0330635557 1.3437
17.5340395029 1.37954
18.0350156494 1.34291
18.5359919949 1.18028
19.0369685395 0.987754
19.5379452831 0.818454
20.0389222258 0.660984
20.5398993675 0.50328
21.0408767082 0.379442
21.5418542478 0.281283
22.0428319864 0.150652
22.5438099239 0.0537723
23.0447880603 0
23.5457663955 0.0230994
24.0467449296 0.0878373
24.5477236625 0.24691
25.0487025942 0.477104
