-25.0607396722 0.362723
-24.5595230287 0.37561
-24.0583064603 0.38881
-23.5570899668 0.402069
-23.0558735485 0.415675
-22.5546572053 0.429808
-22.0534409373 0.44384
-21.5522247444 0.456528
-21.0510086268 0.468282
-20.5497925844 0.477805
-20.0485766172 0.486257
-19.5473607254 0.490834
-19.0461449089 0.495236
-18.5449291678 0.496566
-18.043713502 0.494971
-17.5424979117 0.489733
-17.0412823968 0.48204
-16.5400669574 0.472087
-16.0388515936 0.461003
-15.5376363052 0.445476
-15.0364210925 0.427325
-14.5352059553 0.407062
-14.0339908938 0.385118
-13.5327759079 0.361204
-13.0315609978 0.335293
-12.5303461633 0.309418
-12.0291314047 0.285994
-11.5279167217 0.262746
-11.0267021147 0.240455
-10.5254875834 0.217491
-10.024273128 0.195927
-9.52305874855 0.17423
-9.02184444501 0.152508
-8.52063021743 0.131781
-8.01941606585 0.112893
-7.51820199029 0.0940628
-7.01698799078 0.0774125
-6.51577406735 0.0622046
-6.01456022004 0.0484201
-5.51334644887 0.0359142
-5.01213275387 0.0244939
-4.51091913507 0.0146689
-4.00970559251 0.0080221
-3.50849212621 0.00310964
-3.00727873621 0.000345636
-2.50606542253 0
-2.00485218519 0.000441715
-1.50363902425 0.00256686
-1.00242593971 0.00668324
-0.501212931621 0.01324
0 0.0217261
0.501212855118 0.0306772
1.0024256337 0.0423895
1.50363833572 0.055927
2.00485096115 0.07176
2.50606350996 0.087812
3.00727598212 0.106317
3.50848837759 0.124952
4.00970069635 0.145145
4.51091293837 0.166396
5.01212510361 0.1896
5.51333719206 0.214151
6.01454920367 0.239074
6.51576113842 0.265486
7.01697299628 0.293114
7.51818477721 0.322379
8.0193964812 0.353846
8.5206081082 0.386745
9.02181965819 0.420172
9.52303113114 0.452173
10.024242527 0.484193
10.5254538458 0.515117
11.0266650874 0.542627
11.5278762519 0.568657
12.0290873392 0.593874
12.5302983493 0.617702
13.0315092821 0.634998
13.5327201377 0.650646
14.0339309159 0.665267
14.5351416168 0.674514
15.0363522403 0.680212
15.5375627864 0.684209
16.0387732551 0.683611
16.5399836463 0.679635
17.0411939601 0.670845
17.5424041963 0.660121
18.0436143549 0.644701
18.544824436 0.626583
19.0460344395 0.607399
19.5472443653 0.585089
20.0484542135 0.55954
20.549663984 0.530804
21.0508736767 0.500797
21.5520832917 0.469947
22.0532928289 0.438481
22.5545022883 0.405953
23.0557116698 0.372537
23.5569209734 0.338553
24.0581301992 0.304101
24.559339347 0.270738
25.0605484168 0.237917
