115.486972517	-49.5892573725	-25.0581771382	112.410147736	-3846.02688835
115.493385286	-49.5909714538	-24.5570168322	112.410147736	-3817.13198604
115.499798506	-49.5926851809	-24.0558563936	112.405264883	-3786.80217888
115.506212177	-49.5943985535	-23.5546958226	112.400381564	-3759.50546953
115.512626298	-49.5961115718	-23.0535351189	112.395497776	-3729.36696005
115.51904087	-49.5978242357	-22.5523742829	112.390613522	-3707.51068119
115.525455892	-49.5995365451	-22.0512133143	112.3857288	-3678.1162149
115.531871365	-49.6012484999	-21.5500522133	112.38084361	-3619.09979346
115.538287288	-49.6029601002	-21.0488909799	112.375957953	-3490.10460293
115.544703662	-49.6046713459	-20.5477296142	112.371071829	-3414.80913244
115.551120486	-49.6063822368	-20.0465681161	112.366185238	-3335.12210897
115.55753776	-49.6080927731	-19.5454064857	112.36129818	-3229.30525474
115.563955485	-49.6098029546	-19.044244723	112.356410654	-3092.15822428
115.57037366	-49.6115127813	-18.543082828	112.351522662	-2933.85294873
115.576792285	-49.6132222532	-18.0419208009	112.346634201	-2761.28318174
115.583211361	-49.6149313701	-17.5407586415	112.341745275	-2649.22138776
115.589630886	-49.6166401321	-17.0395963499	112.336855881	-2557.44015927
115.596050862	-49.6183485391	-16.5384339262	112.33196602	-2513.29365855
115.602471288	-49.6200565911	-16.0372713704	112.327075692	-2531.16606722
115.608892164	-49.6217642879	-15.5361086825	112.322184898	-2602.75710278
115.61531349	-49.6234716297	-15.0349458626	112.317293636	-2703.43226762
115.621735266	-49.6251786163	-14.5337829106	112.312401908	-2823.13341449
115.628157492	-49.6268852476	-14.0326198266	112.307509713	-2930.24977225
115.634580168	-49.6285915237	-13.5314566106	112.302617051	-3032.61678373
115.641003294	-49.6302974444	-13.0302932627	112.297723923	-3097.03644657
115.647426869	-49.6320030098	-12.5291297829	112.292830328	-3164.38141812
115.653850895	-49.6337082198	-12.0279661713	112.287936266	-3241.49282357
115.66027537	-49.6354130743	-11.5268024277	112.283041738	-3315.40989404
115.666700295	-49.6371175733	-11.0256385523	112.278146743	-3398.6309167
115.67312567	-49.6388217168	-10.5244745452	112.273251282	-3489.09723739
115.679551495	-49.6405255047	-10.0233104062	112.268355354	-3562.63524598
115.685977769	-49.6422289369	-9.52214613553	112.26345896	-3619.70770101
115.692404493	-49.6439320135	-9.02098173314	112.258562099	-3698.98459449
115.698831666	-49.6456347343	-8.51981719906	112.253664772	-3720.7168072
115.705259289	-49.6473370993	-8.01865253333	112.248766979	-3730.27548488
115.711687361	-49.6490391085	-7.51748773597	112.24386872	-3718.29171989
115.718115883	-49.6507407619	-7.01632280701	112.238969994	-3712.44795145
115.724544855	-49.6524420593	-6.51515774648	112.234070803	-3726.48667147
115.730974275	-49.6541430007	-6.01399255442	112.229171145	-3697.62621682
115.737404145	-49.6558435862	-5.51282723084	112.224271021	-3666.66699279
115.743834465	-49.6575438155	-5.01166177578	112.219370431	-3636.45178441
115.750265234	-49.6592436888	-4.51049618927	112.214469375	-3568.58871706
115.756696452	-49.6609432059	-4.00933047133	112.209567853	-3528.55361907
115.763128119	-49.6626423669	-3.508164622	112.204665865	-3502.00769768
115.769560235	-49.6643411715	-3.0069986413	112.199763411	-3487.96536303
115.775992801	-49.6660396199	-2.50583252926	112.194860491	-3492.30822179
115.782425816	-49.667737712	-2.00466628591	112.189957106	-3529.02401848
115.78885928	-49.6694354476	-1.50349991129	112.185053255	-3585.56104401
115.795293193	-49.6711328269	-1.0023334054	112.180148938	-3636.7339823
115.801727554	-49.6728298497	-0.501166768299	112.175244155	-3669.26283362
115.808162365	-49.6745265159	0	112.170338907	-3694.87699099
115.814597625	-49.6762228256	0.501166899466	112.165433193	-3707.62166155
115.821033334	-49.6779187786	1.00233393007	112.160527013	-3709.00029415
115.827469491	-49.6796143751	1.50350109178	112.155620368	-3678.25568498
115.833906098	-49.6813096148	2.00466838457	112.150713257	-3645.17327352
115.840343153	-49.6830044977	2.50583580841	112.145805682	-3611.17769192
115.846780657	-49.6846990238	3.00700336327	112.14089764	-3566.73219207
115.85321861	-49.6863931931	3.50817104913	112.135989133	-3513.4848559
115.859657011	-49.6880870056	4.00933886595	112.131080162	-3474.33001228
115.866095861	-49.689780461	4.5105068137	112.126170724	-3458.70238895
115.87253516	-49.6914735595	5.01167489236	112.121260822	-3463.64507015
115.878974907	-49.693166301	5.5128431019	112.116350454	-3488.58178043
115.885415103	-49.6948586854	6.01401144229	112.111439621	-3524.53056136
115.891855747	-49.6965507126	6.5151799135	112.106528323	-3565.80841446
115.89829684	-49.6982423827	7.0163485155	112.10161656	-3573.01021496
115.904738381	-49.6999336956	7.51751724826	112.096704332	-3553.39897779
115.911180371	-49.7016246512	8.01868611176	112.091791638	-3492.02003856
115.917622809	-49.7033152495	8.51985510596	112.08687848	-3433.13306137
115.924065695	-49.7050054905	9.02102423084	112.081964857	-3377.79253219
115.930509029	-49.706695374	9.52219348636	112.07705077	-3278.10125079
115.936952812	-49.7083849001	10.0233628725	112.072136217	-3198.77155633
115.943397043	-49.7100740687	10.5245323892	112.067221199	-3200.77145948
115.949841722	-49.7117628798	11.0257020365	112.062305717	-3225.691944
115.95628685	-49.7134513333	11.5268718144	112.05738977	-3237.35532777
115.962732425	-49.7151394291	12.0280417227	112.052473358	-3275.09683701
115.969178449	-49.7168271673	12.5292117615	112.047556482	-3381.81077326
115.97562492	-49.7185145478	13.0303819307	112.042639141	-3586.21033534
115.98207184	-49.7202015705	13.5315522304	112.037721336	-3762.9755045
115.988519207	-49.7218882353	14.0327226604	112.032803066	-3917.44286901
115.994967023	-49.7235745423	14.5338932208	112.027884332	-4090.33986168
116.001415286	-49.7252604914	15.0350639116	112.022965133	-4270.88036156
116.007863997	-49.7269460826	15.5362347326	112.01804547	-4312.16725011
116.014313156	-49.7286313157	16.0374056839	112.013125342	-4216.81674857
116.020762763	-49.7303161908	16.5385767655	112.008204751	-4074.11383719
116.027212817	-49.7320007078	17.0397479772	112.003283695	-3933.79363789
116.033663319	-49.7336848667	17.5409193192	111.998362174	-3826.70436611
116.040114269	-49.7353686674	18.0420907913	111.99344019	-3757.76435643
116.046565666	-49.7370521098	18.5432623935	111.988517742	-3788.0460748
116.053017511	-49.738735194	19.0444341259	111.983594829	-3855.13331584
116.059469804	-49.7404179198	19.5456059883	111.978671453	-3832.41098342
116.065922544	-49.7421002873	20.0467779807	111.973747612	-3824.88004138
116.072375731	-49.7437822963	20.5479501032	111.968823307	-3862.01119714
116.078829366	-49.7454639469	21.0491223556	111.963898539	-3936.8336939
116.085283448	-49.747145239	21.550294738	111.958973306	-4030.80809807
116.091737978	-49.7488261725	22.0514672503	111.95404761	-4175.66914383
116.098192955	-49.7505067474	22.5526398925	111.94912145	-4322.51970246
116.104648379	-49.7521869637	23.0538126646	111.944194826	-4452.14421133
116.11110425	-49.7538668213	23.5549855665	111.939267739	-4456.93435052
116.117560569	-49.7555463201	24.0561585983	111.934340188	-4405.75524877
116.124017335	-49.7572254602	24.5573317598	111.929412173	-4326.47864357
116.130474548	-49.7589042414	25.058505051	111.924483695	-4223.27610052
