-25.0614707361 0.511056
-24.5602417719 0.519819
-24.0590127888 0.529205
-23.5577837868 0.538041
-23.0565547661 0.54596
-22.5553257265 0.553845
-22.0540966682 0.562988
-21.5528675912 0.571686
-21.0516384955 0.580414
-20.5504093812 0.58853
-20.0491802482 0.595347
-19.5479510966 0.602064
-19.0467219264 0.608287
-18.5454927377 0.613943
-18.0442635305 0.618721
-17.5430343048 0.620258
-17.0418050606 0.620336
-16.5405757981 0.620699
-16.0393465171 0.618267
-15.5381172178 0.61442
-15.0368879002 0.60808
-14.5356585642 0.598422
-14.03442921 0.585137
-13.5331998376 0.570018
-13.031970447 0.553428
-12.5307410382 0.535754
-12.0295116112 0.512004
-11.5282821662 0.487686
-11.027052703 0.46074
-10.5258232218 0.431591
-10.0245937226 0.401447
-9.52336420534 0.369986
-9.02213467016 0.340433
-8.52090511705 0.314094
-8.01967554603 0.286241
-7.51844595714 0.25806
-7.01721635042 0.230944
-6.51598672588 0.204927
-6.01475708356 0.180475
-5.5135274235 0.155073
-5.01229774571 0.130715
-4.51106805024 0.109604
-4.0098383371 0.0889152
-3.50860860634 0.0700192
-3.00737885799 0.0526818
-2.50614909206 0.0393508
-2.0049193086 0.0262872
-1.50368950764 0.0168399
-1.00245968919 0.0104251
-0.501229853303 0.00405862
0 0
0.501229870687 4.17967e-05
1.00245975873 0.00251645
1.5036896641 0.00733929
2.00491958676 0.0126974
2.50614952668 0.0199863
3.00737948383 0.029211
3.50860945819 0.0404726
4.00983944972 0.0532584
4.51106945839 0.0674457
5.01229948417 0.083669
5.51352952704 0.0989365
6.01475958695 0.115311
6.51598966388 0.133295
7.01721975781 0.150355
7.51844986869 0.169134
8.0196799965 0.187647
8.52091014121 0.205896
9.02214030278 0.223083
9.52337048119 0.24027
10.0246006764 0.25618
10.5258308884 0.271196
11.0270611172 0.286592
11.5282913626 0.299734
12.0295216248 0.312007
12.5307519036 0.325973
13.031982199 0.339263
13.533212511 0.351462
14.0344428396 0.363684
14.5356731847 0.375458
15.0369035463 0.38565
15.5381339244 0.394563
16.039364319 0.404106
16.5405947299 0.411731
17.0418251572 0.419232
17.5430556009 0.427075
18.0442860609 0.434022
18.5455165372 0.440989
19.0467470297 0.446982
19.5479775385 0.452856
20.0492080635 0.459951
20.5504386046 0.465528
21.0516691619 0.469759
21.5528997353 0.475225
22.0541303248 0.479233
22.5553609303 0.482944
23.0565915518 0.486471
23.5578221894 0.489927
24.0590528428 0.493033
24.5602835122 0.493437
25.0615141975 0.493295
