-25.0401730118 0
-24.539363462 0.109152
-24.0385541604 0.292435
-23.5377451071 0.472006
-23.0369363021 0.592766
-22.5361277454 0.70402
-22.035319437 0.835573
-21.5345113769 1.02084
-21.0337035652 1.2377
-20.5328960018 1.34266
-20.0320886869 1.41283
-19.5312816204 1.35708
-19.0304748023 1.27642
-18.5296682326 1.16893
-18.0288619115 1.02642
-17.5280558388 0.951378
-17.0272500146 0.891934
-16.526444439 0.834395
-16.0256391119 0.811155
-15.5248340334 0.810214
-15.0240292035 0.800193
-14.5232246223 0.809622
-14.0224202896 0.840434
-13.5216162056 0.888173
-13.0208123703 0.9154
-12.5200087836 0.930688
-12.0192054457 0.917666
-11.5184023565 0.887725
-11.0175995161 0.859998
-10.5167969244 0.827724
-10.0159945815 0.79112
-9.51519248743 0.747005
-9.01439064219 0.748336
-8.5135890458 0.807885
-8.01278769827 0.918172
-7.51198659963 0.992433
-7.0111857499 0.983935
-6.5103851491 0.949643
-6.00958479724 0.87615
-5.50878469436 0.824149
-5.00798484046 0.807547
-4.50718523556 0.800506
-4.00638587969 0.796699
-3.50558677286 0.760853
-3.0047879151 0.709206
-2.50398930643 0.640471
-2.00319094686 0.548424
-1.50239283641 0.46734
-1.0015949751 0.385744
-0.500797362961 0.335434
0 0.308222
0.50079711376 0.298184
1.0015939783 0.281792
1.50239059359 0.29445
2.00318695963 0.368283
2.50398307639 0.416835
3.00477894385 0.455181
3.50557456199 0.485849
4.00636993079 0.513801
4.50716505023 0.53772
5.0079599203 0.563629
5.50875454097 0.593945
6.00954891223 0.627862
6.51034303405 0.664396
7.01113690641 0.702077
7.5119305293 0.741751
8.0127239027 0.782031
8.51351702658 0.819907
9.01430990093 0.855601
9.51510252573 0.887658
10.015894901 0.916024
10.5166870266 0.940495
11.0174789026 0.961385
11.518270529 0.976969
12.0190619058 0.988922
12.5198530328 0.996782
13.0206439102 0.999291
13.5214345379 0.998786
14.0222249159 0.995098
14.5230150441 0.988562
15.0238049225 0.978997
15.5245945512 0.967054
16.0253839301 0.953546
16.5261730591 0.93826
17.0269619383 0.922633
17.5277505676 0.905997
18.0285389471 0.889032
18.5293270766 0.872833
19.0301149562 0.856985
19.5309025859 0.841232
20.0316899657 0.825538
20.5324770954 0.812495
21.0332639752 0.800189
21.5340506049 0.789527
22.0348369846 0.779153
22.5356231143 0.769546
23.0364089939 0.760686
23.5371946234 0.751482
24.0379800027 0.74259
24.538765132 0.733598
25.0395500111 0.723537
