-25.0401487523 0
-24.5393396888 0.152548
-24.0385308736 0.310707
-23.5377223065 0.45623
-23.0369139877 0.63329
-22.5361059171 0.808258
-22.0352980948 0.9641
-21.5344905208 1.00052
-21.0336831951 0.975678
-20.5328761177 0.911065
-20.0320692887 0.79757
-19.5312627081 0.700526
-19.0304563758 0.640779
-18.5296502919 0.607798
-18.0288444565 0.585666
-17.5280388695 0.620579
-17.027233531 0.641511
-16.526428441 0.651433
-16.0256235994 0.673014
-15.5248190064 0.701693
-15.024014662 0.742799
-14.5232105661 0.802387
-14.0224067188 0.820127
-13.5216031201 0.840413
-13.02079977 0.864768
-12.5199966686 0.891101
-12.0191938159 0.852216
-11.5183912118 0.791643
-11.0175888564 0.734752
-10.5167867498 0.689572
-10.0159848919 0.652418
-9.51518328273 0.626608
-9.01438192236 0.633137
-8.51358081081 0.689029
-8.01277994807 0.789097
-7.51197933418 0.843611
-7.01117896914 0.841439
-6.51037885299 0.852706
-6.00957898573 0.857656
-5.5087793674 0.866892
-5.007979998 0.916287
-4.50718087757 0.981915
-4.0063820061 1.05468
-3.50558338364 1.0318
-3.0047850102 0.928757
-2.50398688579 0.76507
-2.00318901044 0.572517
-1.50239138417 0.408484
-1.00159400699 0.285499
-0.500796878929 0.223993
0 0.205981
0.500796629775 0.225321
1.00159301037 0.257499
1.50238914178 0.285328
2.00318502398 0.309285
2.50398065694 0.372567
3.00477604065 0.400727
3.50557117509 0.383112
4.00636606025 0.368285
4.50716069608 0.360937
5.0079550826 0.36755
5.50874921976 0.390804
6.00954310755 0.424998
6.51033674596 0.472842
7.01113013496 0.519919
7.51192327453 0.564972
8.01271616465 0.608279
8.51350880531 0.648936
9.01430119649 0.685966
9.51509333816 0.719022
10.0158852303 0.748149
10.5166768729 0.772701
11.017468266 0.793276
11.5182594094 0.809194
12.0190503033 0.818385
12.5198409475 0.823751
13.0206313421 0.825794
13.521421487 0.82222
14.0222113823 0.814977
14.5230010279 0.804619
15.0237904237 0.790812
15.5245795698 0.776394
16.0253684662 0.759286
16.5261571127 0.74162
17.0269455095 0.72217
17.5277336565 0.703172
18.0285215536 0.683888
18.5293092009 0.664971
19.0300965983 0.64739
19.5308837458 0.631011
20.0316706435 0.614231
20.5324572911 0.599081
21.0332436889 0.585277
21.5340298366 0.572803
22.0348157344 0.560388
22.5356013822 0.549147
23.0363867799 0.538337
23.5371719276 0.528551
24.0379568252 0.519253
24.5387414728 0.509037
25.0395258702 0.499333
