-25.0610596301 0.400399
-24.5598388864 0.412341
-24.0586181238 0.42524
-23.5573973425 0.438124
-23.0561765425 0.452632
-22.5549557238 0.467263
-22.0537348863 0.484329
-21.5525140302 0.50111
-21.0512931555 0.517947
-20.5500722622 0.535728
-20.0488513503 0.554668
-19.5476304199 0.573536
-19.046409471 0.592665
-18.5451885037 0.610956
-18.0439675178 0.629734
-17.5427465136 0.648216
-17.041525491 0.665007
-16.54030445 0.681626
-16.0390833907 0.696546
-15.5378623131 0.709809
-15.0366412173 0.719069
-14.5354201032 0.727365
-14.034198971 0.735492
-13.5329778205 0.737954
-13.0317566519 0.7378
-12.5305354652 0.735062
-12.0293142604 0.727328
-11.5280930376 0.715088
-11.0268717968 0.698758
-10.5256505379 0.680747
-10.0244292611 0.655431
-9.52320796638 0.62607
-9.02198665375 0.595059
-8.52076532325 0.558568
-8.01954397491 0.518571
-7.51832260877 0.474739
-7.01710122484 0.430402
-6.51587982316 0.385113
-6.01465840377 0.343526
-5.51343696669 0.304594
-5.01221551195 0.265404
-4.51099403958 0.226739
-4.00977254962 0.18915
-3.50855104208 0.153978
-3.00732951701 0.120289
-2.50610797444 0.0927592
-2.00488641438 0.0685642
-1.50366483688 0.0454491
-1.00244324196 0.0257355
-0.50122162966 0.0125751
0 0.00573486
0.501221646986 0.00236372
1.00244331127 0
1.50366499281 0.00259674
2.0048866916 0.0094232
2.50610840759 0.0192637
3.00733014075 0.0325149
3.50855189106 0.0494109
4.00977365848 0.0690213
4.51099544299 0.088374
5.01221724455 0.107948
5.51343906313 0.131493
6.01466089871 0.155375
6.51588275126 0.180599
7.01710462073 0.205915
7.51832650711 0.231564
8.01954841036 0.256795
8.52077033046 0.28204
9.02199226737 0.305906
9.52321422106 0.329999
10.0244361915 0.352391
10.5256581787 0.373091
11.0268801825 0.393497
11.528102203 0.411614
12.0293242402 0.430153
12.5305462939 0.447806
13.0317683643 0.463477
13.5329904511 0.479004
14.0342125545 0.490993
14.5354346744 0.501648
15.0366568107 0.508373
15.5378789634 0.515757
16.0391011325 0.520576
16.540323318 0.524148
17.0415455198 0.527499
17.5427677379 0.531215
18.0439899723 0.533393
18.5452122229 0.536514
19.0464344897 0.5402
19.5476567727 0.54398
20.0488790718 0.548442
20.5501013871 0.554184
21.0513237185 0.560522
21.5525460659 0.566926
22.0537684293 0.574801
22.5549908087 0.583054
23.0562132041 0.592768
23.5574356155 0.604071
24.0586580427 0.615504
24.5598804858 0.627773
25.0611029448 0.641036
