-25.0616018707 0.484497
-24.5603703914 0.505614
-24.0591388889 0.525628
-23.5579073631 0.545378
-23.0566758141 0.563733
-22.555444242 0.579543
-22.0542126466 0.592408
-21.5529810282 0.603873
-21.0517493867 0.612458
-20.5505177221 0.616271
-20.0492860346 0.616191
-19.548054324 0.613223
-19.0468225904 0.605266
-18.5455908339 0.594677
-18.0443590545 0.580744
-17.5431272523 0.562657
-17.0418954272 0.542257
-16.5406635793 0.51909
-16.0394317086 0.495256
-15.5381998151 0.470024
-15.036967899 0.443321
-14.5357359601 0.415105
-14.0345039986 0.38682
-13.5332720144 0.358964
-13.0320400077 0.335751
-12.5308079784 0.312478
-12.0295759265 0.288072
-11.5283438522 0.264613
-11.0271117554 0.240998
-10.5258796361 0.217807
-10.0246474944 0.195481
-9.5234153303 0.174465
-9.02218314386 0.154478
-8.5209509351 0.134634
-8.01971870404 0.116127
-7.51848645072 0.0974577
-7.01725417517 0.0788896
-6.51602187742 0.0625577
-6.01478955749 0.0475129
-5.51355721542 0.0343351
-5.01232485124 0.0239
-4.51109246498 0.0163856
-4.00986005666 0.0116101
-3.50862762633 0.00829078
-3.00739517401 0.00468743
-2.50616269973 0.0018733
-2.00493020352 0
-1.50369768541 0.0043145
-1.00246514543 0.0159963
-0.50123258362 0.0355929
0 0.0626839
0.501232605396 0.0873931
1.00246523254 0.0964248
1.5036978814 0.103514
2.00493055194 0.123542
2.50616324414 0.157613
3.00739595796 0.203759
3.50862869338 0.234949
4.00986145035 0.264347
4.51109422887 0.257101
5.01232702888 0.211783
5.51355985036 0.183689
6.01479269329 0.189459
6.51602555763 0.216422
7.01725844334 0.236289
7.51849135041 0.247662
8.0197242788 0.261936
8.52095722848 0.286868
9.02219019941 0.313312
9.52342319157 0.339278
10.0246562049 0.362755
10.5258892395 0.378716
11.0271222951 0.392569
11.5283553719 0.408163
12.0295884697 0.427378
12.5308215886 0.44759
13.0320547285 0.466376
13.5332878894 0.483688
14.0345210713 0.500046
14.535754274 0.513725
15.0369874977 0.525209
15.5382207422 0.536217
16.0394540076 0.543558
16.5406872937 0.551181
17.0419206007 0.556563
17.5431539283 0.563258
18.0443872767 0.565769
18.5456206458 0.567223
19.0468540355 0.567843
19.5480874458 0.566948
20.0493208767 0.563142
20.5505543282 0.558327
21.0517878002 0.551914
21.5530212926 0.544164
22.0542548056 0.53576
22.555488339 0.526397
23.0567218928 0.515879
23.557955467 0.506757
24.0591890615 0.49898
24.5604226763 0.492466
25.0616563114 0.485197
