115.507585264	-49.5568303929	-25.0581144423	112.394318994	-3991.76508739
115.513994503	-49.5585433259	-24.5569553887	112.394318994	-4017.98003215
115.520404193	-49.5602559049	-24.0557962025	112.389441182	-4051.43917285
115.526814332	-49.5619681299	-23.5546368839	112.384562903	-4070.62811109
115.53322492	-49.5636800008	-23.0534774328	112.379684157	-4079.4443687
115.539635958	-49.5653915177	-22.5523178493	112.374804945	-4083.22578139
115.546047445	-49.5671026803	-22.0511581334	112.369925267	-4081.61572185
115.552459382	-49.5688134888	-21.5499982851	112.365045123	-4065.73120981
115.558871768	-49.570523943	-21.0488383045	112.360164512	-4040.22229569
115.565284604	-49.5722340429	-20.5476781916	112.355283435	-4036.86332782
115.571697889	-49.5739437885	-20.0465179464	112.350401892	-4104.93316837
115.578111623	-49.5756531797	-19.545357569	112.345519883	-4093.56111075
115.584525806	-49.5773622165	-19.0441970594	112.340637407	-4019.4820458
115.590940439	-49.5790708987	-18.5430364175	112.335754466	-3863.52412585
115.597355521	-49.5807792265	-18.0418756435	112.330871059	-3773.18590339
115.603771052	-49.5824871997	-17.5407147374	112.325987185	-3682.44106001
115.610187032	-49.5841948182	-17.0395536991	112.321102845	-3549.62102313
115.616603461	-49.5859020821	-16.5383925288	112.31621804	-3448.07073895
115.623020339	-49.5876089913	-16.0372312264	112.311332769	-3361.48170441
115.629437666	-49.5893155457	-15.536069792	112.306447032	-3333.45082083
115.635855443	-49.5910217453	-15.0349082256	112.301560829	-3376.88342436
115.642273668	-49.5927275901	-14.5337465273	112.29667416	-3379.13594317
115.648692342	-49.5944330799	-14.032584697	112.291787026	-3404.34198935
115.655111465	-49.5961382149	-13.5314227348	112.286899426	-3422.07717375
115.661531037	-49.5978429948	-13.0302606407	112.28201136	-3420.11137595
115.667951057	-49.5995474197	-12.5290984148	112.277122829	-3427.64334314
115.674371526	-49.6012514895	-12.027936057	112.272233832	-3476.00477448
115.680792444	-49.6029552042	-11.5267735675	112.26734437	-3498.03670446
115.687213811	-49.6046585637	-11.0256109462	112.262454442	-3491.46440002
115.693635627	-49.606361568	-10.5244481932	112.257564049	-3467.48911897
115.700057891	-49.608064217	-10.0232853085	112.25267319	-3446.81406562
115.706480603	-49.6097665107	-9.52212229206	112.247781866	-3451.55349487
115.712903765	-49.6114684491	-9.020959144	112.242890077	-3492.33381524
115.719327374	-49.613170032	-8.51979586433	112.237997822	-3548.66623239
115.725751432	-49.6148712595	-8.01863245306	112.233105102	-3584.2283092
115.732175939	-49.6165721315	-7.51746891024	112.228211917	-3570.95810224
115.738600894	-49.618272648	-7.01630523588	112.223318266	-3545.84210762
115.745026298	-49.6199728088	-6.51514143002	112.218424151	-3518.37760761
115.751452149	-49.6216726141	-6.01397749268	112.213529571	-3487.10787179
115.75787845	-49.6233720636	-5.51281342389	112.208634525	-3452.53865719
115.764305198	-49.6250711574	-5.01164922369	112.203739015	-3435.21992102
115.770732394	-49.6267698954	-4.5104848921	112.198843039	-3426.38312093
115.777160039	-49.6284682777	-4.00932042915	112.193946599	-3453.19206369
115.783588132	-49.630166304	-3.50815583486	112.189049693	-3485.06978786
115.790016673	-49.6318639744	-3.00699110928	112.184152323	-3518.40007687
115.796445663	-49.6335612889	-2.50582625242	112.179254488	-3562.55810367
115.8028751	-49.6352582474	-2.00466126431	112.174356188	-3630.31613448
115.809304985	-49.6369548498	-1.50349614498	112.169457424	-3687.73157308
115.815735318	-49.6386510961	-1.00233089447	112.164558195	-3708.24071722
115.8221661	-49.6403469863	-0.501165512802	112.159658501	-3744.94952721
115.828597329	-49.6420425203	0	112.154758343	-3763.77283943
115.835029006	-49.643737698	0.501165643904	112.149857719	-3761.47437767
115.841461131	-49.6454325195	1.00233141888	112.144956632	-3745.07317294
115.847893703	-49.6471269846	1.5034973249	112.14005508	-3716.33494218
115.854326724	-49.6488210934	2.00466336194	112.135153064	-3677.09406485
115.860760192	-49.6505148457	2.50582952996	112.130250583	-3634.36246589
115.867194108	-49.6522082416	3.00699582894	112.125347638	-3590.96758675
115.873628471	-49.6539012809	3.50816225885	112.120444228	-3549.15137039
115.880063282	-49.6555939637	4.00932881966	112.115540355	-3507.6318993
115.886498541	-49.6572862899	4.51049551135	112.110636017	-3468.40233938
115.892934247	-49.6589782594	5.01166233387	112.105731214	-3428.70423846
115.899370401	-49.6606698723	5.51282928721	112.100825948	-3392.75241768
115.905807002	-49.6623611284	6.01399637134	112.095920218	-3363.071915
115.912244051	-49.6640520277	6.51516358622	112.091014023	-3335.70432962
115.918681547	-49.6657425701	7.01633093183	112.086107365	-3284.80031169
115.925119491	-49.6674327557	7.51749840813	112.081200242	-3243.02660402
115.931557881	-49.6691225844	8.01866601511	112.076292655	-3187.00900771
115.937996719	-49.6708120561	8.51983375273	112.071384605	-3110.01903797
115.944436005	-49.6725011707	9.02100162096	112.066476091	-3005.41712534
115.950875737	-49.6741899283	9.52216961978	112.061567113	-2874.80969621
115.957315917	-49.6758783288	10.0233377491	112.056657671	-2828.73641585
115.963756544	-49.6775663721	10.524506009	112.051747765	-2893.4727106
115.970197618	-49.6792540582	11.0256743994	112.046837396	-2949.75256699
115.976639139	-49.680941387	11.5268429203	112.041926563	-3019.86612612
115.983081107	-49.6826283586	12.0280115716	112.037015266	-3145.95241622
115.989523523	-49.6843149728	12.5291803533	112.032103506	-3298.06909384
115.995966385	-49.6860012296	13.0303492654	112.027191282	-3509.13441782
116.002409694	-49.687687129	13.5315183079	112.022278595	-3737.63193142
116.00885345	-49.6893726709	14.0326874806	112.017365444	-3846.91563974
116.015297652	-49.6910578553	14.5338567837	112.01245183	-4012.05501251
116.021742302	-49.6927426821	15.035026217	112.007537752	-4184.07259333
116.028187398	-49.6944271513	15.5361957806	112.002623212	-4335.48344014
116.034632942	-49.6961112628	16.0373654744	111.997708208	-4448.65694428
116.041078931	-49.6977950166	16.5385352983	111.99279274	-4510.4927864
116.047525368	-49.6994784126	17.0397052524	111.987876809	-4467.63086627
116.053972251	-49.7011614509	17.5408753367	111.982960416	-4305.34416671
116.060419581	-49.7028441312	18.042045551	111.978043559	-4108.16372129
116.066867357	-49.7045264537	18.5432158954	111.973126239	-3960.77451727
116.07331558	-49.7062084183	19.0443863698	111.968208456	-3837.22356661
116.079764249	-49.7078900248	19.5455569742	111.96329021	-3765.33218455
116.086213365	-49.7095712733	20.0467277087	111.958371501	-3716.18346327
116.092662927	-49.7112521637	20.547898573	111.953452329	-3676.90554373
116.099112935	-49.7129326961	21.0490695673	111.948532695	-3764.32947276
116.10556339	-49.7146128702	21.5502406915	111.943612597	-3874.64684812
116.112014291	-49.7162926861	22.0514119455	111.938692037	-4009.79117027
116.118465638	-49.7179721437	22.5525833294	111.933771013	-4124.70642733
116.124917432	-49.7196512431	23.053754843	111.928849528	-4294.49670596
116.131369672	-49.721329984	23.5549264865	111.923927579	-4410.43135189
116.137822358	-49.7230083666	24.0560982597	111.919005168	-4463.27328999
116.14427549	-49.7246863907	24.5572701626	111.914082295	-4483.35373556
116.150729068	-49.7263640563	25.0584421952	111.909158959	-4440.97563726
