-25.0565092746 0.439109
-24.5553820163 0.469514
-24.0542546381 0.500263
-23.5531271399 0.530188
-23.051999522 0.560966
-22.5508717842 0.593406
-22.0497439265 0.620679
-21.5486159491 0.650353
-21.047487852 0.683436
-20.5463596351 0.710309
-20.0452312985 0.734508
-19.5441028422 0.752972
-19.0429742663 0.771472
-18.5418455707 0.791934
-18.0407167556 0.808317
-17.5395878209 0.818566
-17.0384587667 0.830515
-16.537329593 0.832293
-16.0362002998 0.831594
-15.5350708872 0.825785
-15.0339413551 0.818923
-14.5328117036 0.807776
-14.0316819328 0.789886
-13.5305520426 0.773763
-13.0294220331 0.759098
-12.5282919044 0.733494
-12.0271616564 0.704554
-11.5260312891 0.66863
-11.0249008027 0.634801
-10.523770197 0.603333
-10.0226394723 0.565007
-9.52150862841 0.525577
-9.02037766545 0.486718
-8.51924658343 0.445128
-8.01811538237 0.403116
-7.51698406232 0.35909
-7.01585262328 0.31832
-6.5147210653 0.280938
-6.0135893884 0.240604
-5.51245759261 0.202805
-5.01132567795 0.167614
-4.51019364446 0.13523
-4.00906149216 0.10711
-3.50792922108 0.0838271
-3.00679683124 0.0641462
-2.50566432268 0.0461887
-2.00453169543 0.0304784
-1.5033989495 0.0183723
-1.00226608494 0.00873071
-0.501133101761 0.0027127
0 0
0.501133220317 0.000310771
1.00226655916 0.0029957
1.50340001651 0.00820575
2.00453359233 0.0164817
2.5056672866 0.0264965
3.00680109928 0.0387641
3.50793503035 0.0524386
4.00906907978 0.0669375
4.51020324755 0.0820492
5.01133753362 0.0989342
5.51247193797 0.1183
6.01360646056 0.139071
6.51474110138 0.160513
7.01587586039 0.183427
7.51701073756 0.207026
8.01814573288 0.229634
8.51928084629 0.250985
9.0204160778 0.273341
9.52155142735 0.293922
10.0226868949 0.313739
10.5238224805 0.333793
11.0249581841 0.35216
11.5260940055 0.368774
12.0272299449 0.385062
12.5283660022 0.401068
13.0295021774 0.4162
13.5306384703 0.430318
14.0317748811 0.442285
14.5329114096 0.454601
15.0340480559 0.463959
15.5351848199 0.472092
16.0363217016 0.478652
16.537458701 0.484896
17.038595818 0.489982
17.5397330525 0.494411
18.0408704047 0.498852
18.5420078744 0.503077
19.0431454617 0.506219
19.5442831664 0.508258
20.0454209886 0.510162
20.5465589282 0.511489
21.0476969852 0.51305
21.5488351596 0.513434
22.0499734514 0.512978
22.5511118605 0.511925
23.0522503869 0.508252
23.5533890305 0.504026
24.0545277914 0.497694
24.5556666695 0.489885
25.0568056648 0.477734
