-25.0612994765 0.208891
-24.5600739368 0.220037
-24.0588483782 0.232633
-23.5576228009 0.248057
-23.0563972047 0.263551
-22.5551715898 0.279697
-22.0539459562 0.296846
-21.5527203039 0.313185
-21.0514946329 0.330199
-20.5502689433 0.347448
-20.0490432351 0.363693
-19.5478175083 0.38001
-19.0465917629 0.39634
-18.5453659991 0.41183
-18.0441402168 0.42701
-17.542914416 0.441878
-17.0416885968 0.455529
-16.5404627592 0.467655
-16.0392369032 0.479281
-15.538011029 0.490771
-15.0367851364 0.501758
-14.5355592255 0.511524
-14.0343332965 0.51918
-13.5331073492 0.525993
-13.0318813837 0.531795
-12.5306554001 0.53617
-12.0294293983 0.54052
-11.5282033785 0.542257
-11.0269773406 0.542757
-10.5257512847 0.538971
-10.0245252108 0.534881
-9.52329911892 0.527923
-9.02207300911 0.518469
-8.52084688139 0.509314
-8.0196207358 0.498558
-7.51839457236 0.482796
-7.01716839111 0.464323
-6.51594219208 0.440904
-6.01471597528 0.419213
-5.51348974077 0.396013
-5.01226348856 0.36815
-4.51103721869 0.341317
-4.00981093118 0.312255
-3.50858462608 0.281919
-3.0073583034 0.251796
-2.50613196318 0.223115
-2.00490560544 0.196581
-1.50367923023 0.1718
-1.00245283756 0.149695
-0.501226427477 0.128661
0 0.109003
0.501226444839 0.0898662
1.00245290701 0.0723387
1.50367938647 0.0575663
2.00490588321 0.0442143
2.50613239718 0.0322992
3.00735892837 0.0225306
3.50858547673 0.0139977
4.00981204224 0.0079343
4.51103862487 0.00290296
5.01226522458 0.000505881
5.51349184136 0
6.01471847516 0.000890448
6.51594512595 0.00238798
7.01717179372 0.00624375
7.51839847841 0.0125753
8.01962518002 0.0194861
8.5208518985 0.0285109
9.02207863382 0.0373576
9.52330538596 0.0468836
10.0245321549 0.0576222
10.5257589406 0.0679047
11.026985743 0.0794449
11.5282125621 0.0915476
12.0294393978 0.103852
12.5306662502 0.114983
13.0318931192 0.126636
13.5331200048 0.139093
14.0343469069 0.151723
14.5355738255 0.164053
15.0368007606 0.175283
15.5380277121 0.188082
16.0392546801 0.201052
16.5404816644 0.21405
17.0417086652 0.228575
17.5429356822 0.241955
18.0441627156 0.255571
18.5453897652 0.269997
19.046616831 0.283296
19.5478439131 0.296067
20.0490710113 0.308856
20.5502981257 0.32153
21.0515252562 0.33263
21.5527524028 0.344971
22.0539795655 0.355772
22.5552067442 0.366208
23.0564339388 0.375443
23.5576611495 0.384074
24.058888376 0.392753
24.5601156185 0.400286
25.0613428769 0.405766
