-25.0633177764 0.23106
-24.5620523725 0.243075
-24.0607869293 0.257115
-23.5595214468 0.273589
-23.058255925 0.294285
-22.556990364 0.316093
-22.0557247637 0.339553
-21.5544591243 0.36614
-21.0531934456 0.391022
-20.5519277279 0.416684
-20.0506619711 0.444827
-19.5493961752 0.473843
-19.0481303403 0.503003
-18.5468644664 0.530144
-18.0455985535 0.556375
-17.5443326016 0.583022
-17.0430666109 0.606909
-16.5418005813 0.630797
-16.0405345128 0.651904
-15.5392684056 0.671123
-15.0380022595 0.687799
-14.5367360747 0.700222
-14.0354698512 0.710834
-13.534203589 0.718653
-13.0329372881 0.723263
-12.5316709487 0.722817
-12.0304045706 0.717362
-11.5291381539 0.708492
-11.0278716988 0.694313
-10.5266052051 0.674378
-10.0253386729 0.651494
-9.52407210237 0.623088
-9.02280549339 0.588779
-8.52153884603 0.541662
-8.02027216033 0.478526
-7.51900543632 0.421283
-7.01773867402 0.365382
-6.51647187348 0.32214
-6.01520503472 0.303834
-5.51393815778 0.306003
-5.01267124267 0.313494
-4.51140428945 0.310171
-4.01013729813 0.281431
-3.50887026875 0.292237
-3.00760320134 0.320966
-2.50633609593 0.358037
-2.00506895255 0.470946
-1.50380177124 0.605859
-1.00253455202 0.641231
-0.501267294932 0.621651
0 0.592961
0.501267332744 0.55407
1.00253470327 0.474692
1.50380211154 0.392006
2.00506955753 0.355804
2.5063370412 0.364571
3.00760456253 0.401613
3.50887212148 0.445046
4.01013971802 0.502253
4.51140735213 0.604335
5.01267502376 0.779474
5.51394273289 0.935384
6.01521047948 1.06436
6.51647826351 1.13225
7.01774608495 1.23618
7.51901394375 1.24649
8.0202818399 1.31025
8.52154977336 1.36569
9.02281774409 1.34228
9.52408575208 1.34538
10.0253537973 1.26512
10.5266218797 1.20138
11.0278899992 1.1007
11.5291581558 0.942205
12.0304263496 0.792592
12.5316945804 0.670207
13.0329628482 0.579907
13.5342311531 0.537523
14.0354994949 0.527197
14.5367678736 0.514386
15.0380362892 0.407049
15.5393047417 0.234102
16.0405732311 0.0575534
16.5418417572 0
17.0431103201 0.0472622
17.5443789198 0.161942
18.0456475562 0.252224
18.5469162293 0.305366
19.048184939 0.338816
19.5494536853 0.384844
20.0507224682 0.425366
20.5519912877 0.472348
21.0532601437 0.519274
21.5545290362 0.568933
22.0557979652 0.615606
22.5570669306 0.647978
23.0583359324 0.670499
23.5596049706 0.685626
24.0608740451 0.694076
24.5621431559 0.702897
25.063412303 0.710051
