116.227845144	-48.1539466121	-25.0563807346	110.014005692	-3735.00008097
116.234178492	-48.1554853998	-24.5552560441	110.014005692	-3728.58932318
116.240512219	-48.1570238395	-24.0541312337	110.009287671	-3725.73182747
116.246846326	-48.1585619313	-23.5530063036	110.004569254	-3723.82295224
116.253180813	-48.160099675	-23.0518812537	109.99985044	-3723.40021527
116.259515679	-48.1616370707	-22.5507560841	109.995131231	-3720.87449919
116.265850926	-48.1631741183	-22.0496307948	109.990411625	-3719.06371936
116.272186552	-48.1647108178	-21.5485053859	109.985691622	-3722.92598759
116.278522557	-48.1662471691	-21.0473798573	109.980971224	-3728.32262135
116.284858942	-48.1677831721	-20.5462542092	109.976250429	-3731.64402204
116.291195707	-48.169318827	-20.0451284414	109.971529238	-3739.1813287
116.297532851	-48.1708541335	-19.5440025541	109.966807651	-3747.06095532
116.303870374	-48.1723890917	-19.0428765473	109.962085669	-3755.07798909
116.310208277	-48.1739237015	-18.541750421	109.95736329	-3761.5697942
116.316546559	-48.1754579629	-18.0406241753	109.952640515	-3769.9511137
116.322885221	-48.1769918758	-17.5394978101	109.947917344	-3781.40792458
116.329224261	-48.1785254403	-17.0383713255	109.943193778	-3787.67841804
116.335563681	-48.1800586562	-16.5372447215	109.938469816	-3797.49872494
116.34190348	-48.1815915236	-16.0361179981	109.933745458	-3812.10413861
116.348243659	-48.1831240423	-15.5349911555	109.929020704	-3824.67019618
116.354584216	-48.1846562124	-15.0338641935	109.924295555	-3835.53622961
116.360925152	-48.1861880338	-14.5327371123	109.91957001	-3844.00560872
116.367266467	-48.1877195065	-14.0316099118	109.91484407	-3853.83625978
116.373608162	-48.1892506304	-13.5304825922	109.910117734	-3866.65982007
116.379950235	-48.1907814055	-13.0293551533	109.905391003	-3879.22251708
116.386292687	-48.1923118318	-12.5282275953	109.900663876	-3888.66467798
116.392635518	-48.1938419092	-12.0270999181	109.895936354	-3900.00562232
116.398978728	-48.1953716376	-11.5259721219	109.891208437	-3911.07396378
116.405322316	-48.1969010171	-11.0248442065	109.886480124	-3920.92850831
116.411666283	-48.1984300475	-10.5237161722	109.881751416	-3929.37024619
116.418010629	-48.1999587289	-10.0225880188	109.877022313	-3938.87549482
116.424355353	-48.2014870613	-9.5214597464	109.872292815	-3950.11480503
116.430700456	-48.2030150445	-9.02033135505	109.867562922	-3959.24791758
116.437045938	-48.2045426785	-8.51920284477	109.862832634	-3966.02827792
116.443391797	-48.2060699634	-8.01807421559	109.858101951	-3974.00162452
116.449738036	-48.207596899	-7.51694546752	109.853370873	-3981.13027012
116.456084652	-48.2091234853	-7.0158166006	109.8486394	-3987.80779627
116.462431648	-48.2106497223	-6.51468761486	109.843907532	-3992.0704977
116.468779021	-48.2121756099	-6.01355851033	109.83917527	-3995.35831671
116.475126773	-48.2137011481	-5.51242928703	109.834442613	-3997.63477411
116.481474902	-48.2152263369	-5.01129994498	109.829709561	-3996.87650921
116.48782341	-48.2167511762	-4.51017048423	109.824976115	-3995.24577894
116.494172296	-48.218275666	-4.00904090479	109.820242274	-3992.59729116
116.500521561	-48.2197998062	-3.50791120669	109.815508038	-3987.33095072
116.506871203	-48.2213235968	-3.00678138997	109.810773408	-3979.14746217
116.513221223	-48.2228470378	-2.50565145465	109.806038384	-3969.60623349
116.519571621	-48.2243701291	-2.00452140075	109.801302965	-3958.31720808
116.525922397	-48.2258928707	-1.50339122831	109.796567152	-3946.86430305
116.532273551	-48.2274152625	-1.00226093735	109.791830944	-3933.58311365
116.538625083	-48.2289373045	-0.501130527907	109.787094343	-3918.75112608
116.544976993	-48.2304589967	0	109.782357347	-3903.48881577
116.55132928	-48.231980339	0.50113064634	109.777619957	-3888.27376493
116.557681945	-48.2335013314	1.00226141109	109.772882173	-3873.30563378
116.564034987	-48.2350219739	1.50339229421	109.768143995	-3857.75771842
116.570388408	-48.2365422663	2.00452329568	109.763405423	-3841.99456406
116.576742205	-48.2380622087	2.50565441547	109.758666457	-3827.41426949
116.583096381	-48.2395818011	3.00678565356	109.753927097	-3813.51109252
116.589450933	-48.2411010433	3.50791700991	109.749187343	-3799.1571331
116.595805863	-48.2426199354	4.0090484845	109.744447196	-3784.85099952
116.602161171	-48.2441384772	4.51018007731	109.739706654	-3770.61742348
116.608516856	-48.2456566689	5.01131178829	109.73496572	-3757.14032036
116.614872918	-48.2471745103	5.51244361742	109.730224391	-3742.85282188
116.621229357	-48.2486920013	6.01357556469	109.725482669	-3728.23552305
116.627586174	-48.250209142	6.51470763004	109.720740553	-3712.74397244
116.633943367	-48.2517259324	7.01583981347	109.715998044	-3697.72337611
116.640300938	-48.2532423723	7.51697211495	109.711255141	-3682.56495001
116.646658886	-48.2547584617	8.01810453443	109.706511845	-3666.6825091
116.653017211	-48.2562742006	8.51923707191	109.701768155	-3651.79500929
116.659375913	-48.257789589	9.02036972734	109.697024072	-3636.65594663
116.665734991	-48.2593046268	9.5215025007	109.692279596	-3620.97892313
116.672094447	-48.2608193139	10.022635392	109.687534727	-3606.61689395
116.678454279	-48.2623336504	10.5237684011	109.682789465	-3592.00353683
116.684814489	-48.2638476362	11.0249015281	109.678043809	-3577.53456882
116.691175075	-48.2653612713	11.5260347729	109.673297761	-3563.25435877
116.697536037	-48.2668745555	12.0271681355	109.668551319	-3550.20749511
116.703897377	-48.2683874889	12.5283016158	109.663804485	-3539.08130651
116.710259093	-48.2699000715	13.0294352139	109.659057258	-3527.99313982
116.716621185	-48.2714123032	13.5305689297	109.654309637	-3518.72883776
116.722983654	-48.2729241839	14.0317027632	109.649561624	-3510.91859003
116.7293465	-48.2744357137	14.5328367143	109.644813218	-3503.59359755
116.735709722	-48.2759468924	15.0339707831	109.64006442	-3497.83836818
116.74207332	-48.2774577201	15.5351049694	109.635315229	-3492.18631964
116.748437295	-48.2789681966	16.0362392733	109.630565645	-3487.66334797
116.754801646	-48.280478322	16.5373736948	109.625815668	-3484.51677538
116.761166373	-48.2819880963	17.0385082338	109.6210653	-3481.69984058
116.767531477	-48.2834975193	17.5396428902	109.616314538	-3479.5247919
116.773896956	-48.2850065911	18.0407776641	109.611563385	-3477.54112175
116.780262812	-48.2865153116	18.5419125554	109.606811839	-3474.77831568
116.786629044	-48.2880236807	19.0430475641	109.6020599	-3472.20283029
116.792995652	-48.2895316985	19.5441826902	109.597307569	-3469.41129881
116.799362635	-48.2910393648	20.0453179337	109.592554847	-3465.34907568
116.805729995	-48.2925466797	20.5464532944	109.587801732	-3462.01735891
116.812097731	-48.2940536431	21.0475887725	109.583048225	-3459.28027667
116.818465842	-48.295560255	21.5487243678	109.578294325	-3456.62821754
116.82483433	-48.2970665153	22.0498600803	109.573540034	-3454.71936047
116.831203193	-48.298572424	22.55099591	109.568785351	-3453.43150066
116.837572431	-48.300077981	23.0521318569	109.564030276	-3454.58857082
116.843942046	-48.3015831864	23.553267921	109.559274809	-3456.56434548
116.850312036	-48.30308804	24.0544041022	109.55451895	-3460.87176388
116.856682401	-48.3045925418	24.5555404004	109.5497627	-3468.16237955
116.863053142	-48.3060966919	25.0566768158	109.545006058	-3478.42962787
