-25.0631163718 0.151322
-24.5618549945 0.170798
-24.0605935779 0.190557
-23.559332122 0.210879
-23.058070627 0.231335
-22.5568090927 0.252366
-22.0555475193 0.273472
-21.5542859068 0.294014
-21.0530242552 0.313379
-20.5517625645 0.330478
-20.0505008348 0.347569
-19.5492390661 0.364767
-19.0479772584 0.378417
-18.5467154118 0.390952
-18.0454535263 0.401812
-17.5441916019 0.409901
-17.0429296386 0.414209
-16.5416676366 0.417224
-16.0404055958 0.418127
-15.5391435162 0.416556
-15.0378813979 0.411902
-14.5366192409 0.405764
-14.0353570453 0.395697
-13.534094811 0.383334
-13.0328325382 0.369462
-12.5315702268 0.354182
-12.0303078768 0.336974
-11.5290454884 0.318447
-11.0277830615 0.299578
-10.5265205961 0.280007
-10.0252580923 0.260554
-9.52399555022 0.241383
-9.02273296974 0.222826
-8.52147035096 0.205922
-8.02020769388 0.189816
-7.51894499857 0.175433
-7.01768226503 0.164553
-6.5164194933 0.155315
-6.01515668342 0.147513
-5.51389383541 0.140289
-5.01263094931 0.133637
-4.51136802515 0.128837
-4.01010506296 0.12676
-3.50884206276 0.128386
-3.00757902459 0.135384
-2.50631594849 0.149082
-2.00505283448 0.170827
-1.5037896826 0.193446
-1.00252649287 0.216004
-0.501263265324 0.233813
0 0.244175
0.501263303075 0.250109
1.00252664387 0.252072
1.50379002235 0.25102
2.00505343849 0.245129
2.50631689226 0.235257
3.00758038362 0.220629
3.50884391254 0.202567
4.01010747899 0.182932
4.51137108295 0.164291
5.01263472437 0.146161
5.51389840324 0.131354
6.01516211951 0.119627
6.51642587315 0.109933
7.01768966415 0.104226
7.51895349245 0.101516
8.02021735804 0.1009
8.52148126088 0.102925
9.02274520094 0.10713
9.52400917818 0.111459
10.0252731926 0.116156
10.5265372441 0.120373
11.0278013327 0.124306
11.5290654584 0.125803
12.0303296211 0.126923
12.5315938209 0.126133
13.0328580576 0.123245
13.5341223312 0.118308
14.0353866417 0.112716
14.5366509891 0.104436
15.0379153734 0.0964846
15.5391797945 0.0870197
16.0404442523 0.0766001
16.5417087469 0.0663026
17.0429732783 0.0557575
17.5442378463 0.0444983
18.0455024509 0.0343847
18.5467670922 0.024839
19.0480317701 0.0170808
19.5492964846 0.0118925
20.0505612356 0.00738602
20.5518260231 0.00419145
21.053090847 0.00209427
21.5543557074 0.00190132
22.0556206042 0.00146148
22.5568855374 0.00248568
23.0581505069 0.00194443
23.5594155128 0.0033541
24.0606805549 0
24.5619456333 0.00272969
25.0632107479 0.00356223
