116.045631201	-49.0367476063	-25.0480361281	125.175889334	-3972.24605839
116.051237972	-49.0393379113	-24.5470803174	125.175889334	-3965.483173
116.056845327	-49.0419279447	-24.0461243058	125.171655409	-3956.56489363
116.062453266	-49.0445177064	-23.5451680933	125.167420877	-3946.56422337
116.068061789	-49.0471071963	-23.0442116801	125.163185737	-3935.4420124
116.073670896	-49.0496964145	-22.543255066	125.158949991	-3922.65178652
116.079280588	-49.0522853608	-22.0422982512	125.154713637	-3904.81544107
116.084890863	-49.0548740352	-21.5413412357	125.150476675	-3887.44198937
116.090501723	-49.0574624377	-21.0403840194	125.146239106	-3870.00984626
116.096113168	-49.0600505681	-20.5394266025	125.14200093	-3851.77334869
116.101725197	-49.0626384265	-20.0384689849	125.137762146	-3830.74214775
116.10733781	-49.0652260127	-19.5375111666	125.133522754	-3809.58511312
116.112951008	-49.0678133268	-19.0365531477	125.129282755	-3785.13468551
116.11856479	-49.0704003687	-18.5355949282	125.125042148	-3761.83491111
116.124179157	-49.0729871383	-18.0346365081	125.120800934	-3738.35266752
116.129794109	-49.0755736356	-17.5336778875	125.116559112	-3714.51488801
116.135409645	-49.0781598605	-17.0327190663	125.112316682	-3690.47949685
116.141025766	-49.080745813	-16.5317600446	125.108073644	-3666.33823061
116.146642472	-49.083331493	-16.0308008225	125.103829998	-3642.70448562
116.152259763	-49.0859169004	-15.5298413999	125.099585745	-3619.26921174
116.157877639	-49.0885020353	-15.0288817768	125.095340883	-3596.25224149
116.1634961	-49.0910868975	-14.5279219534	125.091095413	-3575.00897947
116.169115146	-49.093671487	-14.0269619295	125.086849335	-3555.45193681
116.174734777	-49.0962558037	-13.5260017053	125.082602649	-3539.10231281
116.180354993	-49.0988398477	-13.0250412808	125.078355355	-3524.58231961
116.185975794	-49.1014236187	-12.5240806559	125.074107453	-3513.21239033
116.191597181	-49.1040071169	-12.0231198307	125.069858942	-3504.03155806
116.197219153	-49.1065903421	-11.5221588053	125.065609823	-3499.0398939
116.20284171	-49.1091732943	-11.0211975796	125.061360096	-3498.13649751
116.208464853	-49.1117559734	-10.5202361537	125.05710976	-3501.4465268
116.214088581	-49.1143383794	-10.0192745276	125.052858815	-3509.19033695
116.219712895	-49.1169205122	-9.51831270131	125.048607263	-3520.39768085
116.225337794	-49.1195023718	-9.01735067487	125.044355101	-3535.03408899
116.230963279	-49.1220839581	-8.51638844831	125.040102331	-3552.82518631
116.23658935	-49.1246652711	-8.01542602164	125.035848953	-3571.72649578
116.242216006	-49.1272463106	-7.51446339489	125.031594965	-3592.11942469
116.247843249	-49.1298270768	-7.01350056808	125.027340369	-3622.45055711
116.253471076	-49.1324075694	-6.51253754124	125.023085164	-3672.1175222
116.25909949	-49.1349877885	-6.01157431439	125.01882935	-3731.78730111
116.26472849	-49.1375677339	-5.51061088755	125.014572927	-3809.25742425
116.270358076	-49.1401474057	-5.00964726075	125.010315895	-3850.45965587
116.275988248	-49.1427268038	-4.50868343401	125.006058255	-3845.55058859
116.281619006	-49.1453059281	-4.00771940736	125.001800005	-3830.54044877
116.28725035	-49.1478847787	-3.50675518081	124.997541146	-3825.02281272
116.29288228	-49.1504633553	-3.00579075439	124.993281678	-3833.88712245
116.298514797	-49.153041658	-2.50482612813	124.9890216	-3835.35428041
116.3041479	-49.1556196867	-2.00386130205	124.984760914	-3825.62235174
116.309781589	-49.1581974414	-1.50289627618	124.980499618	-3780.64477112
116.315415864	-49.160774922	-1.00193105053	124.976237713	-3718.86560888
116.321050726	-49.1633521285	-0.500965625126	124.971975199	-3727.16325002
116.326686175	-49.1659290608	0	124.967712075	-3819.1372517
116.33232221	-49.1685057188	0.500965824828	124.963448342	-3936.68155481
116.337958832	-49.1710821026	1.00193184933	124.959183999	-3966.84787472
116.34359604	-49.1736582119	1.50289807349	124.954919046	-3922.50627358
116.349233836	-49.1762340469	2.00386449729	124.950653484	-3974.0365075
116.354872217	-49.1788096074	2.50483112068	124.946387312	-4070.86555771
116.360511186	-49.1813848934	3.00579794367	124.942120531	-4133.66592392
116.366150742	-49.1839599048	3.5067649662	124.937853139	-4158.68294537
116.371790884	-49.1865346416	4.00773218828	124.933585138	-4152.35494349
116.377431614	-49.1891091038	4.50869960987	124.929316527	-4146.60523651
116.383072931	-49.1916832912	5.00966723095	124.925047306	-4143.23701809
116.388714834	-49.1942572038	5.51063505149	124.920777475	-4113.54381085
116.394357325	-49.1968308416	6.01160307147	124.916507035	-4054.68367487
116.400000403	-49.1994042045	6.51257129086	124.912235984	-3960.03229962
116.405644068	-49.2019772924	7.01353970965	124.907964323	-3898.49797789
116.411288321	-49.2045501054	7.51450832781	124.903692051	-3862.08557628
116.416933161	-49.2071226433	8.01547714532	124.899419171	-3832.44275069
116.422578588	-49.2096949061	8.51644616214	124.895145679	-3826.97818361
116.428224603	-49.2122668938	9.01741537827	124.890871577	-3838.43989074
116.433871205	-49.2148386062	9.51838479366	124.886596865	-3866.20506482
116.439518395	-49.2174100434	10.0193544083	124.882321542	-3904.09352743
116.445166172	-49.2199812052	10.5203242222	124.878045609	-3877.98863481
116.450814537	-49.2225520917	11.0212942353	124.873769066	-3861.72353541
116.45646349	-49.2251227028	11.5222644475	124.869491912	-3843.91721867
116.46211303	-49.2276930384	12.0232348589	124.865214147	-3867.569853
116.467763158	-49.2302630984	12.5242054695	124.860935772	-3859.61110954
116.473413874	-49.2328328829	13.0251762791	124.856656786	-3859.46643635
116.479065178	-49.2354023917	13.5261472878	124.852377189	-3917.33366963
116.48471707	-49.2379716248	14.0271184956	124.848096982	-3978.20253086
116.49036955	-49.2405405822	14.5280899024	124.843816164	-4008.43004036
116.496022619	-49.2431092638	15.0290615083	124.839534735	-4068.96162712
116.501676275	-49.2456776695	15.5300333131	124.835252695	-4241.42855472
116.507330519	-49.2482457993	16.0310053169	124.830970045	-4356.09062132
116.512985352	-49.2508136532	16.5319775196	124.826686783	-4510.98536045
116.518640772	-49.253381231	17.0329499212	124.82240291	-4704.19604268
116.524296782	-49.2559485328	17.5339225218	124.818118426	-4801.27171926
116.529953379	-49.2585155585	18.0348953212	124.813833331	-4862.20659851
116.535610565	-49.2610823079	18.5358683194	124.809547625	-4872.81715586
116.541268339	-49.2636487812	19.0368415165	124.805261307	-4881.89205636
116.546926702	-49.2662149782	19.5378149123	124.800974378	-4927.88542022
116.552585654	-49.2687808988	20.0387885069	124.796686838	-4973.88707592
116.558245194	-49.271346543	20.5397623003	124.792398687	-5014.74646548
116.563905323	-49.2739119108	21.0407362924	124.788109924	-5062.43449438
116.56956604	-49.2764770021	21.5417104832	124.78382055	-5100.19288514
116.575227347	-49.2790418168	22.0426848727	124.779530564	-5133.97563517
116.580889242	-49.2816063549	22.5436594608	124.775239966	-5141.34896057
116.586551726	-49.2841706164	23.0446342476	124.770948757	-5123.03419496
116.592214799	-49.2867346011	23.545609233	124.766656937	-5084.26719336
116.597878461	-49.2892983091	24.0465844169	124.762364504	-5000.67695667
116.603542712	-49.2918617403	24.5475597994	124.758071461	-4900.41822207
116.609207552	-49.2944248946	25.0485353804	124.753777805	-4816.18465664
