-25.0403184 0
-24.5395059355 0.0908931
-24.0386937196 0.18202
-23.5378817522 0.209543
-23.0370700333 0.210842
-22.536258563 0.203516
-22.0354473413 0.234394
-21.5346363683 0.296219
-21.0338256439 0.406753
-20.5330151681 0.50586
-20.032204941 0.722254
-19.5313949626 0.946446
-19.0305852329 1.11052
-18.529775752 1.2228
-18.0289665198 1.33827
-17.5281575364 1.42005
-17.0273488018 1.4777
-16.526540316 1.48987
-16.0257320791 1.45546
-15.524924091 1.35969
-15.0241163517 1.20932
-14.5233088614 1.05122
-14.02250162 0.943202
-13.5216946275 0.8918
-13.020887884 0.860537
-12.5200813894 0.832487
-12.0192751439 0.813665
-11.5184691473 0.817054
-11.0176633998 0.843477
-10.5168579014 0.853679
-10.016052652 0.868477
-9.5152476517 0.906014
-9.01444290052 0.96529
-8.51363839847 1.03566
-8.01283414558 1.04695
-7.51203014186 1.02935
-7.01122638733 1.00141
-6.51042288201 1.0097
-6.00961962592 1.01097
-5.50881661908 0.994485
-5.00801386151 0.963649
-4.50721135323 0.932827
-4.00640909427 0.911032
-3.50560708462 0.898946
-3.00480532433 0.892597
-2.50400381341 0.893669
-2.00320255187 0.899772
-1.50240153975 0.90699
-1.00160077704 0.916505
-0.500800263788 0.927409
0 0.940024
0.500800014303 0.953164
1.0015997791 0.967746
1.50239929437 0.983191
2.0031985601 1.00132
2.50399757626 1.01954
3.00479634284 1.04004
3.50559485982 1.06163
4.00639312717 1.08471
4.50719114488 1.10964
5.00798891293 1.1345
5.50878643129 1.15896
6.00958369996 1.18061
6.51038071891 1.20242
7.01117748811 1.22488
7.51197400756 1.24671
8.01277027722 1.26427
8.51356629709 1.27979
9.01436206714 1.29442
9.51515758735 1.30669
10.0159528577 1.314
10.5167478782 1.31855
11.0175426488 1.31843
11.5183371694 1.3156
12.0191314402 1.30983
12.5199254609 1.30045
13.0207192317 1.28558
13.5215127526 1.26893
14.0223060234 1.25027
14.5230990441 1.22905
15.0238918148 1.20327
15.5246843355 1.17583
16.025476606 1.14625
16.5262686265 1.11342
17.0270603968 1.08013
17.527851917 1.04594
18.0286431869 1.01172
18.5294342068 0.976821
19.0302249764 0.941964
19.5310154957 0.907149
20.0318057649 0.872673
20.5325957837 0.838424
21.0333855523 0.805442
21.5341750706 0.775361
22.0349643386 0.746961
22.5357533562 0.719029
23.0365421234 0.692193
23.5373306403 0.669613
24.0381189068 0.649617
24.5389069228 0.629648
25.0396946884 0.610626
