-25.0567019831 0.405365
-24.5555708752 0.415983
-24.0544396473 0.426709
-23.5533082992 0.438209
-23.0521768311 0.449276
-22.551045243 0.459852
-22.0499135349 0.469674
-21.5487817068 0.480033
-21.0476497587 0.491297
-20.5465176907 0.502273
-20.0453855029 0.51362
-19.5442531952 0.52438
-19.0431207676 0.535378
-18.5419882202 0.545328
-18.0408555531 0.555719
-17.5397227662 0.565623
-17.0385898596 0.573244
-16.5374568333 0.579393
-16.0363236873 0.586232
-15.5351904217 0.590243
-15.0340570365 0.592767
-14.5329235317 0.592163
-14.0317899073 0.587831
-13.5306561635 0.581353
-13.0295223001 0.572089
-12.5283883172 0.559086
-12.0272542149 0.542722
-11.5261199932 0.523598
-11.0249856521 0.501144
-10.5238511917 0.475056
-10.0227166119 0.446898
-9.52158191282 0.416587
-9.02044709446 0.382274
-8.51931215685 0.348691
-8.01817710003 0.317502
-7.51704192402 0.287842
-7.01590662884 0.258993
-6.51477121453 0.228194
-6.01363568111 0.197274
-5.51250002861 0.170282
-5.01136425707 0.142765
-4.5102283665 0.116916
-4.00909235693 0.0930319
-3.50795622841 0.0734176
-3.00681998094 0.0555056
-2.50568361456 0.0373561
-2.0045471293 0.0227243
-1.50341052519 0.0134632
-1.00227380225 0.00493064
-0.501136960508 0.00117255
0 0
0.501137079249 0.0021123
1.00227427721 0.00635576
1.50341159386 0.0140797
2.00454902917 0.0264183
2.50568658311 0.0388653
3.00682425564 0.053057
3.50796204675 0.0705144
4.00909995641 0.0893041
4.51023798459 0.111825
5.01137613125 0.133493
5.51251439637 0.156234
6.01365277993 0.179198
6.51479128189 0.202536
7.01592990223 0.225025
7.51706864092 0.247444
8.01820749793 0.268805
8.51934647323 0.290107
9.0204855668 0.310367
9.5216247786 0.330168
10.0227641086 0.349942
10.5239035568 0.368934
11.0250431231 0.386264
11.5261828076 0.404036
12.0273226102 0.42117
12.5284625308 0.43862
13.0296025695 0.454507
13.5307427262 0.469051
14.0318830008 0.483608
14.5330233934 0.496392
15.034163904 0.509888
15.5353045324 0.522963
16.0364452787 0.535927
16.5375861429 0.549677
17.0387271249 0.561971
17.5398682246 0.574124
18.0410094422 0.586857
18.5421507774 0.598521
19.0432922303 0.609847
19.544433801 0.62021
20.0455754892 0.630868
20.5467172951 0.639898
21.0478592186 0.647475
21.5490012596 0.655043
22.0501434182 0.661016
22.5512856943 0.664715
23.0524280878 0.666974
23.5535705988 0.66748
24.0547132272 0.664971
24.555855973 0.660554
25.0569988362 0.653559
