116.144401427	-48.6360852435	-25.0606706608	77.6141089438	-3666.96554032
116.151047311	-48.6351205542	-24.5594553986	77.6141089438	-3650.62243353
116.15769294	-48.6341554827	-24.0582402113	77.6091210629	-3633.39796836
116.164338315	-48.6331900289	-23.557025099	77.6041334467	-3615.76473979
116.170983436	-48.6322241928	-23.0558100618	77.5991460954	-3598.43466533
116.177628302	-48.6312579745	-22.5545950997	77.5941590091	-3580.48385756
116.184272914	-48.6302913739	-22.0533802127	77.5891721875	-3560.76715907
116.190917271	-48.6293243912	-21.5521654008	77.5841856314	-3542.42691101
116.197561374	-48.6283570263	-21.0509506641	77.5791993404	-3525.93885992
116.204205221	-48.6273892793	-20.5497360026	77.5742133143	-3510.1189488
116.210848814	-48.6264211502	-20.0485214163	77.5692275538	-3496.48910538
116.217492152	-48.625452639	-19.5473069053	77.564242059	-3484.82158091
116.224135235	-48.6244837458	-19.0460924696	77.5592568292	-3475.89342951
116.230778063	-48.6235144705	-18.5448781092	77.5542718653	-3470.81056295
116.237420635	-48.6225448133	-18.0436638242	77.549287167	-3468.46936245
116.244062952	-48.6215747741	-17.5424496146	77.5443027347	-3468.61194653
116.250705014	-48.6206043529	-17.0412354803	77.5393185681	-3471.59382834
116.257346821	-48.6196335499	-16.5400214215	77.5343346675	-3477.47504185
116.263988372	-48.6186623649	-16.0388074382	77.5293510329	-3486.84450601
116.270629667	-48.6176907981	-15.5375935303	77.5243676644	-3498.80296617
116.277270707	-48.6167188495	-15.036379698	77.5193845622	-3514.24638594
116.283911491	-48.6157465191	-14.5351659413	77.5144017264	-3532.43650017
116.290552019	-48.6147738069	-14.0339522602	77.5094191569	-3553.57366427
116.297192291	-48.613800713	-13.5327386546	77.5044368537	-3576.65969694
116.303832307	-48.6128272374	-13.0315251248	77.4994548173	-3601.26103495
116.310472067	-48.6118533801	-12.5303116706	77.4944730472	-3627.37313774
116.317111571	-48.6108791411	-12.0290982921	77.4894915443	-3654.28665258
116.323750818	-48.6099045205	-11.5278849894	77.4845103081	-3680.97187008
116.33038981	-48.6089295183	-11.0266717624	77.4795293386	-3705.15963396
116.337028545	-48.6079541345	-10.5254586112	77.4745486364	-3729.99075121
116.343667023	-48.6069783692	-10.0242455359	77.4695682008	-3754.79926396
116.350305245	-48.6060022223	-9.52303253644	77.4645880328	-3778.65591703
116.35694321	-48.605025694	-9.02181961286	77.4596081318	-3801.7034638
116.363580918	-48.6040487842	-8.5206067652	77.4546284985	-3824.70048925
116.37021837	-48.6030714929	-8.0193939935	77.4496491321	-3847.55098934
116.376855564	-48.6020938203	-7.51818129777	77.4446700336	-3869.28455605
116.383492502	-48.6011157662	-7.01696867806	77.4396912027	-3890.29399995
116.390129183	-48.6001373309	-6.51575613438	77.4347126395	-3908.78519747
116.396765606	-48.5991585142	-6.01454366678	77.4297343435	-3926.86942153
116.403401772	-48.5981793162	-5.51333127528	77.4247563162	-3943.70248811
116.410037681	-48.5971997369	-5.01211895991	77.419778556	-3958.02255681
116.416673333	-48.5962197764	-4.5109067207	77.4148010645	-3968.99381434
116.423308727	-48.5952394347	-4.00969455768	77.4098238408	-3979.67203581
116.429943863	-48.5942587118	-3.50848247088	77.4048468854	-3986.55197636
116.436578742	-48.5932776077	-3.00727046034	77.3998701983	-3990.94062754
116.443213363	-48.5922961225	-2.50605852607	77.3948937794	-3992.76473561
116.449847726	-48.5913142562	-2.00484666812	77.3899176292	-3991.97277394
116.456481832	-48.5903320089	-1.5036348865	77.3849417474	-3989.00007227
116.463115679	-48.5893493805	-1.00242318126	77.3799661344	-3984.75594358
116.469749268	-48.588366371	-0.501211552413	77.3749907895	-3977.91225601
116.4763826	-48.5873829806	0	77.3700157142	-3969.61303194
116.483015673	-48.5863992093	0.501211475953	77.3650409073	-3959.36468526
116.489648488	-48.585415057	1.00242287542	77.3600663696	-3946.86042455
116.496281044	-48.5844305237	1.50363419836	77.3550921007	-3933.09394794
116.502913342	-48.5834456097	2.00484544475	77.3501181011	-3917.74515162
116.509545381	-48.5824603147	2.50605661456	77.3451443709	-3900.81837128
116.516177162	-48.581474639	3.00726770777	77.3401709097	-3883.76980669
116.522808684	-48.5804885824	3.50847872433	77.335197718	-3865.48020287
116.529439948	-48.5795021451	4.00968966422	77.3302247958	-3846.00550505
116.536070952	-48.5785153271	4.51090052742	77.3252521433	-3825.82919266
116.542701698	-48.5775281283	5.01211131388	77.3202797602	-3805.14837857
116.549332184	-48.5765405489	5.51332202359	77.315307647	-3784.74092681
116.555962412	-48.5755525888	6.0145326565	77.3103358034	-3763.63820755
116.56259238	-48.5745642481	6.5157432126	77.3053642301	-3742.61476506
116.569222089	-48.5735755268	7.01695369185	77.3003929266	-3721.0905168
116.575851539	-48.5725864249	7.51816409421	77.2954218931	-3698.6600223
116.582480729	-48.5715969425	8.01937441967	77.2904511299	-3675.51170667
116.58910966	-48.5706070796	8.5205846682	77.2854806369	-3651.43819815
116.595738331	-48.5696168362	9.02179483975	77.2805104142	-3626.68990934
116.602366743	-48.5686262123	9.5230049343	77.2755404618	-3601.98877629
116.608994894	-48.567635208	10.0242149518	77.2705707802	-3577.422613
116.615622786	-48.5666438234	10.5254248923	77.265601369	-3554.24402563
116.622250418	-48.5656520583	11.0266347557	77.2606322282	-3532.53584309
116.628877791	-48.5646599129	11.5278445419	77.2556633588	-3511.42366127
116.635504903	-48.5636673872	12.029054251	77.2506947597	-3490.48442416
116.642131754	-48.5626744812	12.530263883	77.2457264317	-3470.66731421
116.648758346	-48.5616811949	13.0314734377	77.2407583749	-3453.58913714
116.655384677	-48.5606875285	13.5326829152	77.2357905889	-3438.42449875
116.662010748	-48.5596934818	14.0338923154	77.2308230745	-3425.25917971
116.668636559	-48.5586990549	14.5351016383	77.2258558308	-3413.7903692
116.675262109	-48.5577042479	15.0363108839	77.2208888588	-3404.16952959
116.681887398	-48.5567090608	15.5375200522	77.2159221584	-3397.0130121
116.688512427	-48.5557134936	16.038729143	77.2109557288	-3391.61939927
116.695137195	-48.5547175463	16.5399381565	77.2059895718	-3388.18849684
116.701761702	-48.553721219	17.0411470924	77.2010236857	-3389.1355203
116.708385948	-48.5527245117	17.542355951	77.1960580717	-3391.90928115
116.715009933	-48.5517274244	18.043564732	77.1910927297	-3397.01654768
116.721633657	-48.5507299572	18.5447734354	77.1861276596	-3403.6024716
116.728257119	-48.5497321101	19.0459820613	77.181162861	-3412.3313117
116.734880321	-48.548733883	19.5471906096	77.1761983353	-3423.09791723
116.741503261	-48.5477352761	20.0483990803	77.1712340811	-3434.64539015
116.74812594	-48.5467362894	20.5496074733	77.1662700998	-3450.49046478
116.754748357	-48.5457369229	21.0508157887	77.1613063903	-3467.69665232
116.761370512	-48.5447371766	21.5520240263	77.1563429538	-3485.4464769
116.767992406	-48.5437370505	22.0532321862	77.1513797894	-3504.75610575
116.774614038	-48.5427365447	22.5544402683	77.1464168979	-3524.92389165
116.781235409	-48.5417356593	23.0556482726	77.1414542789	-3546.62759611
116.787856517	-48.5407343941	23.556856199	77.136491933	-3568.84180067
116.794477364	-48.5397327494	24.0580640476	77.1315298594	-3592.8546986
116.801097948	-48.538730725	24.5592718184	77.1265680593	-3616.74167607
116.80771827	-48.5377283211	25.0604795111	77.1216065321	-3640.68465874
