-25.0590396359 0.405371
-24.5578613363 0.419795
-24.0566829344 0.434669
-23.5555044303 0.449496
-23.0543258241 0.464215
-22.5531471157 0.477819
-22.0519683052 0.490227
-21.5507893926 0.502038
-21.049610378 0.514513
-20.5484312614 0.524334
-20.0472520427 0.532562
-19.5460727221 0.538279
-19.0448932996 0.542637
-18.5437137752 0.543788
-18.0425341489 0.544975
-17.5413544208 0.542596
-17.0401745908 0.537653
-16.538994659 0.528841
-16.0378146255 0.518124
-15.5366344903 0.506743
-15.0354542534 0.492306
-14.5342739148 0.474375
-14.0330934745 0.455682
-13.5319129327 0.433426
-13.0307322893 0.411256
-12.5295515443 0.386078
-12.0283706978 0.360904
-11.5271897497 0.335598
-11.0260087003 0.309281
-10.5248275494 0.283772
-10.023646297 0.260184
-9.52246494335 0.237806
-9.0212834883 0.217459
-8.52010193194 0.195613
-8.01892027428 0.176234
-7.51773851536 0.158197
-7.01655665521 0.140746
-6.51537469385 0.125096
-6.01419263132 0.109518
-5.51301046765 0.096243
-5.01182820286 0.0830926
-4.51064583698 0.0703346
-4.00946337004 0.0590945
-3.50828080208 0.0487354
-3.00709813312 0.0396301
-2.50591536319 0.0308615
-2.00473249231 0.0238367
-1.50354952053 0.0186871
-1.00236644786 0.0145157
-0.501183274344 0.0123206
0 0.0116905
0.501183375138 0.0139389
1.00236685104 0.0171064
1.50355042768 0.021832
2.00473410503 0.0298814
2.50591788305 0.0408743
3.00710176173 0.0564588
3.50828574102 0.0728771
4.00946982091 0.0888505
4.51065400135 0.10955
5.01183828232 0.132733
5.5130226638 0.162051
6.01420714575 0.20051
6.51539172815 0.250123
7.01657641096 0.310177
7.51776119415 0.384476
8.0189460777 0.473821
8.52013106158 0.577254
9.02131614576 0.686841
9.5225013302 0.788386
10.0236866149 0.877744
10.5248719998 0.953007
11.0260574849 1.01992
11.5272430701 1.07751
12.0284287554 1.10938
12.5296145409 1.11687
13.0308004264 1.11622
13.5319864119 1.11838
14.0331724975 1.16103
14.534358683 1.23685
15.0355449684 1.28615
15.5367313538 1.28576
16.0379178391 1.22782
16.5391044242 1.16625
17.0402911092 1.11439
17.5414778939 1.0665
18.0426647785 1.00922
18.5438517627 0.943427
19.0450388467 0.872286
19.5462260304 0.793432
20.0474133137 0.711156
20.5486006966 0.624955
21.0497881792 0.533737
21.5509757613 0.443065
22.0521634429 0.359122
22.553351224 0.280461
23.0545391047 0.208323
23.5557270847 0.143822
24.0569151642 0.0871072
24.5581033431 0.0395412
25.0592916213 0
