116.120826758	-48.5650428613	-25.0605325999	77.6315073144	-3700.5482469
116.127463743	-48.5640795062	-24.5593201009	77.6315073144	-3678.10656501
116.134100476	-48.5631157698	-24.0581076767	77.6265315535	-3653.03734567
116.140736956	-48.5621516519	-23.5568953275	77.6215560562	-3627.64285232
116.147373183	-48.5611871527	-23.0556830533	77.6165808223	-3600.06655457
116.154009157	-48.5602222721	-22.5544708541	77.6116058522	-3571.90832793
116.160644878	-48.5592570102	-22.0532587299	77.6066311456	-3543.64794769
116.167280345	-48.5582913671	-21.5520466808	77.6016567026	-3515.38471779
116.173915559	-48.5573253426	-21.0508347068	77.5966825241	-3487.24514186
116.18055052	-48.556358937	-20.5496228079	77.5917086092	-3458.95264657
116.187185227	-48.5553921502	-20.0484109841	77.5867349581	-3431.49771709
116.19381968	-48.5544249822	-19.5471992355	77.5817615718	-3404.67637454
116.20045388	-48.553457433	-19.0459875622	77.576788449	-3378.81867874
116.207087825	-48.5524895027	-18.544775964	77.571815591	-3355.18792433
116.213721517	-48.5515211914	-18.0435644412	77.5668429973	-3335.0671359
116.220354956	-48.5505524989	-17.5423529936	77.5618706677	-3315.80915146
116.22698814	-48.5495834255	-17.0411416214	77.5568986031	-3301.09628369
116.23362107	-48.548613971	-16.5399303245	77.5519268032	-3289.96249564
116.240253745	-48.5476441356	-16.038719103	77.5469552675	-3279.54855838
116.246886167	-48.5466739192	-15.537507957	77.5419839972	-3273.82930498
116.253518334	-48.5457033219	-15.0362968863	77.5370129917	-3273.58357598
116.260150247	-48.5447323436	-14.5350858912	77.5320422512	-3278.75936271
116.266781905	-48.5437609846	-14.0338749716	77.5270717752	-3289.72014457
116.273413309	-48.5427892446	-13.5326641275	77.5221015652	-3302.02259513
116.280044457	-48.5418171239	-13.031453359	77.5171316201	-3318.99965409
116.286675352	-48.5408446224	-12.530242666	77.5121619403	-3342.0694298
116.293305991	-48.5398717401	-12.0290320488	77.5071925259	-3368.62764845
116.299936375	-48.5388984771	-11.5278215071	77.5022233772	-3401.37586998
116.306566505	-48.5379248334	-11.0266110412	77.4972544936	-3439.28234377
116.313196379	-48.536950809	-10.5254006509	77.4922858764	-3481.08820163
116.319825998	-48.5359764039	-10.0241903365	77.4873175246	-3524.94305322
116.326455362	-48.5350016183	-9.52298009776	77.4823494387	-3572.28720891
116.333084471	-48.534026452	-9.02176993487	77.4773816186	-3622.9359707
116.339713324	-48.5330509052	-8.52055984781	77.4724140648	-3673.03922332
116.346341922	-48.5320749778	-8.01934983662	77.4674467767	-3721.47858921
116.352970264	-48.53109867	-7.51813990133	77.4624797554	-3766.97839735
116.359598351	-48.5301219816	-7.01693004197	77.4575129998	-3810.73338488
116.366226182	-48.5291449129	-6.51572025856	77.452546511	-3852.4572217
116.372853756	-48.5281674636	-6.01451055114	77.4475802884	-3894.16698007
116.379481076	-48.527189634	-5.51330091974	77.4426143322	-3933.35659647
116.386108139	-48.526211424	-5.01209136439	77.437648643	-3969.10629213
116.392734946	-48.5252328337	-4.51088188511	77.4326832204	-4003.09389457
116.399361497	-48.5242538631	-4.00967248194	77.4277180644	-4032.81496196
116.405987791	-48.5232745121	-3.5084631549	77.4227531754	-4059.77845273
116.41261383	-48.5222947809	-3.00725390404	77.4177885535	-4078.59488703
116.419239612	-48.5213146695	-2.50604472937	77.4128241985	-4094.62430318
116.425865138	-48.5203341779	-2.00483563092	77.4078601103	-4109.41919108
116.432490407	-48.5193533061	-1.50362660873	77.4028962901	-4118.38462263
116.439115419	-48.5183720542	-1.00241766283	77.3979327367	-4123.28286073
116.445740175	-48.5173904221	-0.501208793242	77.3929694507	-4124.98432035
116.452364674	-48.5164084099	0	77.3880064323	-4121.00669998
116.458988916	-48.5154260177	0.501208716866	77.3830436813	-4113.37431896
116.465612901	-48.5144432454	1.00241735733	77.3780811983	-4101.99515306
116.472236629	-48.5134600932	1.50362592135	77.3731189827	-4088.77382978
116.4788601	-48.5124765609	2.00483440891	77.368157035	-4071.90230788
116.485483314	-48.5114926487	2.50604281998	77.3631953553	-4053.12070963
116.492106271	-48.5105083566	3.00725115452	77.3582339434	-4033.91563533
116.49872897	-48.5095236846	3.5084594125	77.3532727996	-4010.53158711
116.505351412	-48.5085386327	4.0096675939	77.3483119242	-3986.56592467
116.511973596	-48.507553201	4.51087569869	77.3433513169	-3960.20362554
116.518595523	-48.5065673894	5.01208372683	77.3383909777	-3933.50727633
116.525217192	-48.5055811981	5.5132916783	77.3334309073	-3908.33036298
116.531838603	-48.504594627	6.01449955307	77.3284711053	-3882.81540284
116.538459757	-48.5036076762	6.5157073511	77.3235115716	-3857.87134433
116.545080653	-48.5026203457	7.01691507236	77.3185523068	-3833.00317542
116.55170129	-48.5016326355	7.51812271684	77.3135933109	-3809.44582292
116.55832167	-48.5006445457	8.01933028449	77.3086345833	-3787.46975152
116.564941791	-48.4996560762	8.52053777529	77.3036761252	-3765.42656662
116.571561654	-48.4986672272	9.0217451892	77.2987179356	-3745.06674753
116.578181259	-48.4976779986	9.5229525262	77.2937600157	-3724.8596574
116.584800606	-48.4966883905	10.0241597863	77.2888023645	-3706.32116658
116.591419694	-48.4956984028	10.5253669694	77.2838449827	-3687.94354417
116.598038523	-48.4947080357	11.0265740754	77.2788878702	-3670.26808278
116.604657094	-48.4937172891	11.5277811045	77.2739310274	-3652.10277921
116.611275406	-48.4927261631	12.0289880565	77.2689744537	-3636.51749626
116.61789346	-48.4917346578	12.5301949314	77.2640181498	-3621.46044932
116.624511254	-48.490742773	13.0314017292	77.2590621154	-3607.62735501
116.63112879	-48.489750509	13.5326084498	77.2541063512	-3594.12768032
116.637746066	-48.4887578656	14.0338150932	77.2491508562	-3581.66502587
116.644363084	-48.4877648429	14.5350216595	77.2441956321	-3569.56012484
116.650979842	-48.486771441	15.0362281485	77.2392406769	-3557.89307968
116.657596341	-48.4857776598	15.5374345602	77.2342859924	-3546.10473077
116.664212581	-48.4847834995	16.0386408946	77.2293315779	-3534.22442085
116.670828561	-48.48378896	16.5398471517	77.2243774343	-3522.63596138
116.677444282	-48.4827940413	17.0410533314	77.2194235601	-3512.31973655
116.684059743	-48.4817987436	17.5422594338	77.2144699569	-3500.98809117
116.690674944	-48.4808030667	18.0434654587	77.2095166243	-3490.27594574
116.697289886	-48.4798070108	18.5446714062	77.2045635619	-3480.3215619
116.703904568	-48.4788105759	19.0458772762	77.1996107705	-3470.52196582
116.71051899	-48.477813762	19.5470830687	77.1946582497	-3460.05517981
116.717133152	-48.4768165691	20.0482887836	77.189706	-3451.21403477
116.723747054	-48.4758189972	20.549494421	77.184754021	-3442.52250809
116.730360696	-48.4748210465	21.0506999808	77.1798023132	-3435.25110019
116.736974078	-48.4738227168	21.5519054629	77.1748508763	-3428.73063608
116.743587199	-48.4728240083	22.0531108674	77.1698997107	-3422.99879608
116.75020006	-48.471824921	22.5543161942	77.1649488165	-3418.89285071
116.75681266	-48.4708254549	23.0555214433	77.1599981937	-3416.50875959
116.763425	-48.46982561	23.5567266147	77.155047842	-3415.71905936
116.77003708	-48.4688253863	24.0579317083	77.1500977621	-3415.66073014
116.776648898	-48.467824784	24.559136724	77.1451479538	-3417.66603699
116.783260456	-48.4668238029	25.0603416619	77.1401984173	-3421.21510156
