-25.0616363681 0.538232
-24.5604041991 0.563961
-24.0591720067 0.586875
-23.5579397912 0.609301
-23.0567075524 0.631749
-22.5554752904 0.651827
-22.0542430053 0.670003
-21.553010697 0.685504
-21.0517783657 0.697213
-20.5505460113 0.705261
-20.0493136338 0.710669
-19.5480812334 0.712522
-19.04684881 0.707749
-18.5456163636 0.700942
-18.0443838944 0.692311
-17.5431514022 0.677742
-17.0419188872 0.660029
-16.5406863494 0.63964
-16.0394537888 0.618973
-15.5382212055 0.597615
-15.0369885994 0.574086
-14.5357559706 0.549561
-14.0345233192 0.524774
-13.5332906451 0.498755
-13.0320579484 0.473083
-12.5308252292 0.447948
-12.0295924874 0.420061
-11.528359723 0.39273
-11.0271269362 0.365429
-10.525894127 0.335221
-10.0246612953 0.304837
-9.52342844124 0.276453
-9.02219556481 0.253227
-8.52096266605 0.231495
-8.01972974499 0.207823
-7.51849680166 0.18181
-7.01726383609 0.154756
-6.51603084831 0.128275
-6.01479783835 0.104512
-5.51356480624 0.0845195
-5.01233175202 0.0704611
-4.51109867571 0.0627157
-4.00986557734 0.0654779
-3.50863245694 0.0713166
-3.00739931455 0.0670809
-2.5061661502 0.0431859
-2.0049329639 0.0192692
-1.50369975571 0.00492828
-1.00246652564 0
-0.501233273727 0.0392075
0 0.101418
0.501233295509 0.167641
1.00246661277 0.183245
1.50369995175 0.173871
2.00493331243 0.181008
2.50616669476 0.205348
3.00740009872 0.237209
3.50863352429 0.263212
4.00986697142 0.279272
4.51110044009 0.285055
5.01233393027 0.283746
5.51356744193 0.283392
6.01480097504 0.288384
6.51603452956 0.299034
7.01726810547 0.312151
7.51850170273 0.325092
8.01973532132 0.340916
8.5209689612 0.35909
9.02220262235 0.381058
9.52343630473 0.401883
10.0246700083 0.423788
10.5259037331 0.44475
11.027137479 0.465749
11.528371246 0.487004
12.0296050341 0.508524
12.5308388432 0.529598
13.0320726734 0.548933
13.5333065246 0.567391
14.0345403967 0.585953
14.5357742897 0.603211
15.0370082037 0.618181
15.5382421385 0.632054
16.0394760941 0.644852
16.5407100706 0.655137
17.0419440678 0.662012
17.5431780858 0.667654
18.0444121245 0.670922
18.5456461838 0.671605
19.0468802639 0.67189
19.5481143645 0.66907
20.0493484858 0.664406
20.5505826276 0.657285
21.0518167899 0.648514
21.5530509728 0.640123
22.0542851761 0.630836
22.5555193999 0.621296
23.056753644 0.610854
23.5579879086 0.600878
24.0592221935 0.591342
24.5604564987 0.584565
25.0616908242 0.578513
