-25.0566377606 0.380601
-24.5555079357 0.396169
-24.0543779907 0.41196
-23.5532479257 0.426905
-23.0521177407 0.444753
-22.5509874357 0.463201
-22.0498570108 0.482012
-21.548726466 0.501524
-21.0475958013 0.521475
-20.5464650168 0.543262
-20.0453341124 0.564095
-19.5442030882 0.585495
-19.0430719443 0.605984
-18.5419406806 0.626314
-18.0408092972 0.644486
-17.5396777941 0.662393
-17.0385461713 0.678502
-16.5374144289 0.692925
-16.0362825669 0.705072
-15.5351505854 0.714517
-15.0340184843 0.72065
-14.5328862636 0.724015
-14.0317539235 0.723532
-13.5306214639 0.719265
-13.0294888849 0.711375
-12.5283561865 0.698765
-12.0272233687 0.68322
-11.5260904315 0.662542
-11.024957375 0.638172
-10.5238241992 0.611519
-10.0226909042 0.581531
-9.52155748991 0.547935
-9.0204239564 0.5114
-8.51929030372 0.472923
-8.01815653188 0.434107
-7.5170226409 0.393666
-7.01588863084 0.351772
-6.51475450169 0.308961
-6.01362025351 0.269756
-5.5124858863 0.23412
-5.01135140011 0.200897
-4.51021679496 0.170016
-4.00908207088 0.140354
-3.50794722789 0.112646
-3.00681226602 0.0878085
-2.50567718531 0.0651526
-2.00454198578 0.0446912
-1.50340666745 0.028318
-1.00227123036 0.0153365
-0.501135674535 0.00652474
0 0.000328704
0.501135793214 0
1.00227170508 0.00124149
1.50340773557 0.00535352
2.00454388466 0.0143431
2.50568015231 0.0263083
3.00681653851 0.0414996
3.50795304322 0.0594872
4.00908966641 0.0779922
4.51022640805 0.0981215
5.01136326813 0.119819
5.5125002466 0.142653
6.01363734345 0.164929
6.51477455864 0.188449
7.01591189214 0.21035
7.51704934394 0.232025
8.01818691399 0.255271
8.51932460227 0.280409
9.02046240876 0.306278
9.52160033342 0.330766
10.0227383762 0.354117
10.5238765372 0.376546
11.0250148162 0.396365
11.5261532133 0.415774
12.0272917284 0.434381
12.5284303615 0.451813
13.0295691126 0.469455
13.5307079817 0.485434
14.0318469686 0.50074
14.5329860735 0.515451
15.0341252962 0.529003
15.5352646368 0.542619
16.0364040952 0.55486
16.5375436714 0.566364
17.0386833653 0.577066
17.5398231769 0.588475
18.0409631063 0.597888
18.5421031533 0.60683
19.0432433179 0.615723
19.5443836002 0.623815
20.0455240001 0.631301
20.5466645175 0.637146
21.0478051524 0.642963
21.5489459048 0.648325
22.0500867748 0.652201
22.5512277621 0.653977
23.0523688669 0.652818
23.553510089 0.651659
24.0546514286 0.647844
24.5557928854 0.641035
25.0569344596 0.632531
