-25.0611281672 0.294668
-24.559906053 0.305525
-24.05868392 0.319315
-23.5574617682 0.332981
-23.0562395976 0.348215
-22.5550174084 0.364584
-22.0537952004 0.38161
-21.5525729738 0.398516
-21.0513507285 0.415132
-20.5501284646 0.432206
-20.0489061822 0.448914
-19.5476838812 0.466602
-19.0464615617 0.485094
-18.5452392237 0.501798
-18.0440168673 0.519448
-17.5427944924 0.537021
-17.0415720991 0.553374
-16.5403496875 0.569256
-16.0391272576 0.58364
-15.5379048093 0.596952
-15.0366823428 0.60835
-14.535459858 0.618026
-14.034237355 0.627023
-13.5330148339 0.634816
-13.0317922945 0.637132
-12.5305697371 0.637826
-12.0293471616 0.636322
-11.528124568 0.631371
-11.0269019563 0.621728
-10.5256793267 0.610441
-10.0244566791 0.594624
-9.5232340136 0.574065
-9.02201133015 0.551216
-8.52078862883 0.525704
-8.01956590965 0.495301
-7.51834317266 0.461509
-7.01712041788 0.424262
-6.51589764534 0.385483
-6.01467485507 0.346976
-5.5134520471 0.310053
-5.01222922147 0.272762
-4.51100637819 0.23937
-4.00978351731 0.2078
-3.50856063885 0.17691
-3.00733774284 0.146841
-2.50611482932 0.119715
-2.00489189831 0.0953245
-1.50366894984 0.0722158
-1.00244598395 0.0514682
-0.501223000656 0.0345213
0 0.0221932
0.501223017992 0.0133201
1.00244605329 0.00535565
1.50366910586 0.000212306
2.00489217568 0
2.50611526271 0.000890424
3.00733836693 0.00469164
3.5085614883 0.0124702
4.0097846268 0.0219718
4.51100778239 0.0324563
5.01223095504 0.0435211
5.51345414473 0.0579758
6.01467735142 0.0742923
6.51590057509 0.0914106
7.01712381569 0.109696
7.51834707321 0.128353
8.01957034761 0.148059
8.52079363886 0.167531
9.02201694694 0.186888
9.52324027181 0.206154
10.0244636134 0.225333
10.5256869718 0.244494
11.0269103469 0.263681
11.5281337386 0.279275
12.029357147 0.294359
12.5305805719 0.309425
13.0318040135 0.323815
13.5330274716 0.338754
14.0342509462 0.351009
14.5354744374 0.361941
15.0366979449 0.371125
15.537921469 0.378231
16.0391450094 0.385341
16.5403685661 0.390731
17.0415921393 0.395286
17.5428157287 0.400489
18.0440393344 0.405457
18.5452629563 0.410154
19.0464865945 0.416535
19.5477102488 0.421805
20.0489339194 0.428174
20.550157606 0.437358
21.0513813087 0.447158
21.5526050275 0.456764
22.0538287623 0.46753
22.5550525132 0.478407
23.05627628 0.490312
23.5575000628 0.503001
24.0587238614 0.516206
24.559947676 0.529312
25.0611715064 0.543685
