-25.057841697 0.227649
-24.5566878962 0.242055
-24.0555339712 0.257505
-23.5543799219 0.273727
-23.0532257484 0.29423
-22.5520714508 0.315669
-22.050917029 0.336376
-21.5497624831 0.358091
-21.0486078131 0.38227
-20.547453019 0.406606
-20.0462981009 0.431198
-19.5451430588 0.45451
-19.0439878927 0.477082
-18.5428326027 0.501937
-18.0416771888 0.525023
-17.540521651 0.547508
-17.0393659893 0.568691
-16.5382102038 0.588511
-16.0370542945 0.607417
-15.5358982614 0.622868
-15.0347421046 0.636317
-14.5335858241 0.64799
-14.0324294198 0.656133
-13.5312728919 0.662272
-13.0301162404 0.665182
-12.5289594653 0.663056
-12.0278025666 0.657773
-11.5266455444 0.64789
-11.0254883986 0.632541
-10.5243311294 0.615065
-10.0231737366 0.594862
-9.52201622051 0.568341
-9.02085858097 0.537379
-8.51970081806 0.48005
-8.0185429318 0.407714
-7.51738492222 0.342419
-7.01622678936 0.289369
-6.51506853323 0.261351
-6.01391015388 0.262817
-5.51275165132 0.278496
-5.01159302559 0.282401
-4.51043427671 0.272709
-4.00927540472 0.281595
-3.50811640964 0.375252
-3.0069572915 0.532712
-2.50579805032 0.667248
-2.00463868615 0.680026
-1.503479199 0.604081
-1.00231958891 0.516073
-0.501159855898 0.428595
0 0.377424
0.501159978756 0.343978
1.00232008034 0.283693
1.50348030473 0.212392
2.0046406519 0.186065
2.5058011218 0.182058
3.00696171443 0.18648
3.50812242974 0.203049
4.00928326771 0.2479
4.51044422831 0.301896
5.01160531151 0.345426
5.51276651729 0.379405
6.01392784561 0.414956
6.51508929644 0.443036
7.01625086976 0.493536
7.51741256554 0.560071
8.01857438375 0.609458
8.51973632436 0.630396
9.02089838734 0.631959
9.52206057267 0.610663
10.0232228803 0.594024
10.5243853102 0.597168
11.0255478624 0.585551
11.5267105368 0.558571
12.0278733334 0.528223
12.5290362522 0.494675
13.0301992932 0.472743
13.5313624562 0.447518
14.0325257413 0.421312
14.5336891485 0.373318
15.0348526777 0.252933
15.5360163289 0.0612746
16.0371801021 0
16.5383439972 0.0565157
17.0395080143 0.118167
17.5406721532 0.182358
18.041836414 0.248866
18.5430007966 0.303837
19.044165301 0.351387
19.5453299271 0.423568
20.046494675 0.498467
20.5476595447 0.554779
21.048824536 0.612408
21.5499896489 0.645124
22.0511548835 0.665585
22.5523202397 0.576166
23.0534857175 0.49317
23.5546513167 0.421953
24.0558170375 0.343858
24.5569828798 0.291463
25.0581488436 0.279002
