-25.0605671198 0.396536
-24.5593539299 0.419487
-24.0581408149 0.444158
-23.5569277748 0.47014
-23.0557148098 0.497202
-22.5545019198 0.524832
-22.0532891048 0.550759
-21.5520763649 0.577945
-21.0508637001 0.604835
-20.5496511104 0.630651
-20.0484385959 0.655522
-19.5472261567 0.679099
-19.0460137926 0.699507
-18.5448015038 0.718083
-18.0435892903 0.733612
-17.5423771521 0.746485
-17.0411650893 0.755386
-16.5399531019 0.762076
-16.0387411898 0.765769
-15.5375293532 0.762892
-15.0363175921 0.756619
-14.5351059065 0.746774
-14.0338942964 0.734036
-13.5326827618 0.716827
-13.0314713029 0.694698
-12.5302599195 0.669955
-12.0290486119 0.641118
-11.5278373798 0.60808
-11.0266262235 0.572169
-10.525415143 0.533438
-10.0242041382 0.492817
-9.52299320922 0.449341
-9.02178235606 0.406069
-8.52057157876 0.364306
-8.01936087735 0.326447
-7.51815025185 0.289294
-7.01693970231 0.252745
-6.51572922874 0.215508
-6.01451883118 0.180652
-5.51330850966 0.149119
-5.01209826421 0.118454
-4.51088809485 0.0909672
-4.00967800163 0.0653417
-3.50846798456 0.0464994
-3.00725804368 0.0303238
-2.50604817901 0.0166679
-2.0048383906 0.00777914
-1.50362867846 0.00257812
-1.00241904262 0
-0.501209483128 0.00329736
0 0.00923371
0.501209406731 0.0191328
1.00241873704 0.0298638
1.50362799088 0.0451443
2.00483716825 0.0621216
2.50604626909 0.0794319
3.00725529339 0.100206
3.50846424112 0.122875
4.00967311223 0.147053
4.51088190672 0.171602
5.01209062453 0.195624
5.51329926565 0.220372
6.01450783005 0.24367
6.51571631769 0.267471
7.01692472855 0.291458
7.51813306259 0.314464
8.01934131979 0.335345
8.52054950011 0.355709
9.02175760353 0.376188
9.52296563001 0.396132
10.0241735795 0.414987
10.5253814521 0.434198
11.0265892476 0.454055
11.527796966 0.471722
12.0290046074 0.487835
12.5302121716 0.502592
13.0314196587 0.516624
13.5326270687 0.530407
14.0338344014 0.543567
14.5350416569 0.556139
15.0362488351 0.568682
15.5374559361 0.579913
16.0386629597 0.590323
16.539869906 0.599304
17.0410767749 0.60891
17.5422835664 0.617413
18.0434902804 0.626036
18.544696917 0.633193
19.045903476 0.64003
19.5471099576 0.645039
20.0483163615 0.649534
20.5495226879 0.652866
21.0507289367 0.6557
21.5519351078 0.656674
22.0531412012 0.656877
22.554347217 0.656191
23.055553155 0.652224
23.5567590152 0.647843
24.0579647976 0.642248
24.5591705022 0.634488
25.0603761289 0.624602
