-25.0608844378 0.406192
-24.5596673426 0.412092
-24.0584502227 0.419495
-23.5572330781 0.428209
-23.0560159089 0.439323
-22.5547987151 0.451845
-22.0535814966 0.465049
-21.5523642537 0.479444
-21.0511469861 0.494305
-20.5499296941 0.509468
-20.0487123776 0.526122
-19.5474950367 0.542696
-19.0462776714 0.559375
-18.5450602817 0.57603
-18.0438428676 0.592515
-17.5426254293 0.607883
-17.0414079666 0.622421
-16.5401904797 0.636666
-16.0389729686 0.648591
-15.5377554332 0.660334
-15.0365378737 0.669652
-14.5353202901 0.676837
-14.0341026823 0.682602
-13.5328850505 0.683243
-13.0316673946 0.681245
-12.5304497147 0.676838
-12.0292320108 0.669762
-11.528014283 0.657534
-11.0267965312 0.641596
-10.5255787556 0.621352
-10.0243609561 0.596568
-9.52314313269 0.567213
-9.02192528553 0.534941
-8.52070741459 0.495739
-8.0194895199 0.45486
-7.51827160149 0.416953
-7.0170536594 0.377278
-6.51583569366 0.337574
-6.01461770429 0.300122
-5.51339969132 0.261594
-5.01218165479 0.222552
-4.51096359472 0.183976
-4.00974551115 0.150169
-3.5085274041 0.117311
-3.00730927361 0.0886165
-2.5060911197 0.0649328
-2.00487294241 0.0427852
-1.50365474176 0.0231082
-1.00243651779 0.00973978
-0.501218270529 0.00156054
0 0
0.501218293763 2.67877e-05
1.00243661073 0.00251581
1.50365495087 0.0115082
2.00487331416 0.022716
2.50609170056 0.0368974
3.00731011004 0.0544938
3.50852854257 0.0744979
4.00974699813 0.096634
4.51096547669 0.118793
5.0121839782 0.142574
5.51340250265 0.166853
6.01462105 0.192249
6.51583962023 0.217666
7.01705821329 0.243112
7.51827682918 0.268641
8.01949546784 0.292902
8.52071412925 0.315698
9.02193281339 0.337562
9.52315152022 0.358617
10.0243702497 0.378183
10.5255890018 0.396789
11.0268077766 0.41515
11.5280265739 0.432798
12.0292453937 0.451677
12.530464236 0.467727
13.0316831009 0.480918
13.5329019882 0.493936
14.0341208979 0.505422
14.53533983 0.515204
15.0365587844 0.522605
15.5377777612 0.529346
16.0389967603 0.534837
16.5402157816 0.539843
17.0414348252 0.545525
17.542653891 0.549462
18.043872979 0.553117
18.5450920892 0.556074
19.0463112214 0.558881
19.5475303758 0.561823
20.0487495522 0.565048
20.5499687506 0.569469
21.0511879711 0.572735
21.5524072135 0.576067
22.0536264778 0.579398
22.5548457641 0.582823
23.0560650722 0.58536
23.5572844022 0.587719
24.058503754 0.588575
24.5597231275 0.588715
25.0609425229 0.587211
