-25.0551648801 0.227827
-24.5540654318 0.222028
-24.052965826 0.219087
-23.5518660626 0.217076
-23.0507661418 0.220002
-22.5496660634 0.225018
-22.0485658277 0.231302
-21.5474654345 0.23854
-21.0463648839 0.250247
-20.545264176 0.263319
-20.0441633107 0.279977
-19.5430622881 0.297237
-19.0419611083 0.316654
-18.5408597712 0.344856
-18.0397582769 0.379721
-17.5386566254 0.416916
-17.0375548167 0.447756
-16.5364528509 0.469855
-16.0353507279 0.47816
-15.5342484479 0.47947
-15.0331460108 0.478515
-14.5320434167 0.449709
-14.0309406656 0.401043
-13.5298377575 0.353428
-13.0287346924 0.310043
-12.5276314704 0.269616
-12.0265280915 0.265256
-11.5254245558 0.294618
-11.0243208632 0.35521
-10.5232170138 0.417204
-10.0221130076 0.446713
-9.52100884464 0.476986
-9.01990452494 0.517922
-8.51880004854 0.561538
-8.01769541547 0.634055
-7.51659062573 0.686554
-7.01548567938 0.717288
-6.51438057642 0.734547
-6.0132753169 0.732738
-5.51216990083 0.726774
-5.01106432824 0.702579
-4.50995859917 0.675583
-4.00885271363 0.649172
-3.50774667166 0.623406
-3.00664047329 0.600277
-2.50553411853 0.579629
-2.00442760742 0.561717
-1.50332093999 0.548378
-1.00221411625 0.540488
-0.501107136248 0.537871
0 0.544487
0.501107292464 0.556207
1.00221474112 0.572089
1.50332234593 0.59461
2.00443010688 0.624538
2.50553802394 0.657595
3.00664609707 0.695042
3.50775432626 0.736009
4.00886271147 0.779145
4.50997125268 0.823728
5.01107994987 0.869277
5.51218880299 0.914201
6.01329781203 0.956562
6.51440697696 0.998862
7.01551629775 1.03964
7.51662577437 1.07748
8.0177354068 1.10891
8.51884519501 1.1334
9.01995513897 1.15869
9.52106523866 1.17137
10.022175494 1.13142
10.5232859051 1.02229
11.0243964718 0.881704
11.5255071941 0.759073
12.026618072 0.721511
12.5277291054 0.632647
13.0288402944 0.515305
13.5299516389 0.429813
14.0310631389 0.412274
14.5321747943 0.423863
15.0332866052 0.440936
15.5343985714 0.429544
16.035510693 0.40745
16.53662297 0.39498
17.0377354022 0.371236
17.5388479898 0.328903
18.0399607326 0.265949
18.5410736306 0.201488
19.0421866839 0.134778
19.5432998923 0.0735336
20.0444132559 0.0556675
20.5455267746 0.0704598
21.0466404483 0.112115
21.5477542772 0.165577
22.0488682611 0.196228
22.5499824 0.187344
23.0510966939 0.135532
23.5522111427 0.0538846
24.0533257465 0.0100646
24.5544405052 0
25.0555554187 0.00203724
