-24.9748312887 nan
-24.475326287 nan
-23.9758216274 nan
-23.4763173098 nan
-22.9768133343 nan
-22.4773097008 nan
-21.9778064094 nan
-21.4783034599 nan
-20.9788008525 nan
-20.4792985871 nan
-19.9797966636 nan
-19.4802950821 nan
-18.9807938425 nan
-18.4812929449 nan
-17.9817923892 nan
-17.4822921754 nan
-16.9827923035 nan
-16.4832927735 nan
-15.9837935854 nan
-15.4842947392 nan
-14.9847962348 nan
-14.4852980722 nan
-13.9858002515 nan
-13.4863027725 nan
-12.9868056354 nan
-12.4873088401 nan
-11.9878123865 nan
-11.4883162747 nan
-10.9888205046 nan
-10.4893250763 nan
-9.9898299897 nan
-9.49033524481 nan
-8.99084084162 nan
-8.49134678012 nan
-7.99185306029 nan
-7.49235968211 nan
-6.99286664559 nan
-6.4933739507 nan
-5.99388159743 nan
-5.49438958577 nan
-4.9948979157 nan
-4.49540658722 nan
-3.99591560031 nan
-3.49642495495 nan
-2.99693465114 nan
-2.49744468887 nan
-1.99795506811 nan
-1.49846578885 nan
-0.998976851093 nan
-0.499488254812 nan
0 nan
0.499487913357 nan
0.998975485275 nan
1.49846271576 nan
1.99794960483 nan
2.4974361525 nan
2.99692235878 nan
3.49640822368 nan
3.99589374722 nan
4.49537892941 nan
4.99486377026 nan
5.49434826978 nan
5.99383242799 nan
6.4933162449 nan
6.99279972053 nan
7.49228285488 nan
7.99176564798 nan
8.49124809982 nan
8.99073021043 nan
9.49021197982 nan
9.989693408 nan
10.489174495 nan
10.9886552408 nan
11.4881356454 nan
11.9876157089 nan
12.4870954313 nan
12.9865748125 nan
13.4860538526 nan
13.9855325515 nan
14.4850109094 nan
14.9844889263 nan
15.483966602 nan
15.9834439367 nan
16.4829209304 nan
16.982397583 nan
17.4818738947 nan
17.9813498653 nan
18.480825495 nan
18.9803007836 nan
19.4797757314 nan
19.9792503381 nan
20.478724604 nan
20.9781985289 nan
21.4776721129 nan
21.977145356 nan
22.4766182583 nan
22.9760908197 nan
23.4755630402 nan
23.9750349199 nan
24.4745064587 nan
24.9739776568 nan
