-25.0226642398 nan
-24.5222065028 nan
-24.0217489474 nan
-23.5212915735 nan
-23.0208343812 nan
-22.5203773705 nan
-22.0199205414 nan
-21.5194638938 nan
-21.0190074279 nan
-20.5185511436 nan
-20.0180950409 nan
-19.5176391199 nan
-19.0171833805 nan
-18.5167278228 nan
-18.0162724467 nan
-17.5158172524 nan
-17.0153622397 nan
-16.5149074088 nan
-16.0144527596 nan
-15.5139982921 nan
-15.0135440063 nan
-14.5130899023 nan
-14.0126359801 nan
-13.5121822397 nan
-13.011728681 nan
-12.5112753042 nan
-12.0108221091 nan
-11.5103690959 nan
-11.0099162645 nan
-10.509463615 nan
-10.0090111473 nan
-9.50855886145 nan
-9.0081067575 nan
-8.50765483544 nan
-8.00720309528 nan
-7.50675153703 nan
-7.00630016069 nan
-6.5058489663 nan
-6.00539795384 nan
-5.50494712335 nan
-5.00449647481 nan
-4.50404600825 nan
-4.00359572368 nan
-3.50314562111 nan
-3.00269570055 nan
-2.50224596201 nan
-2.0017964055 nan
-1.50134703104 nan
-1.00089783862 nan
-0.500448828274 nan
0 nan
0.500448646185 nan
1.00089711027 nan
1.50134539225 nan
2.00179349212 nan
2.50224140985 nan
3.00268914543 nan
3.50313669887 nan
4.00358407014 nan
4.50403125924 nan
5.00447826615 nan
5.50492509087 nan
6.00537173338 nan
6.50581819367 nan
7.00626447174 nan
7.50671056756 nan
8.00715648113 nan
8.50760221244 nan
9.00804776148 nan
9.50849312823 nan
10.0089383127 nan
10.5093833148 nan
11.0098281347 nan
11.5102727722 nan
12.0107172274 nan
12.5111615002 nan
13.0116055907 nan
13.5120494988 nan
14.0124932245 nan
14.5129367678 nan
15.0133801287 nan
15.5138233072 nan
16.0142663033 nan
16.5147091169 nan
17.0151517481 nan
17.5155941969 nan
18.0160364631 nan
18.5164785469 nan
19.0169204482 nan
19.517362167 nan
20.0178037033 nan
20.5182450571 nan
21.0186862283 nan
21.519127217 nan
22.0195680231 nan
22.5200086467 nan
23.0204490877 nan
23.5208893461 nan
24.0213294219 nan
24.5217693151 nan
25.0222090257 nan
