-25.0443516019 nan
-24.5434642256 nan
-24.0425768631 nan
-23.5416895143 nan
-23.0408021792 nan
-22.5399148579 nan
-22.0390275504 nan
-21.5381402567 nan
-21.0372529768 nan
-20.5363657108 nan
-20.0354784586 nan
-19.5345912204 nan
-19.033703996 nan
-18.5328167856 nan
-18.0319295892 nan
-17.5310424067 nan
-17.0301552382 nan
-16.5292680838 nan
-16.0283809434 nan
-15.5274938171 nan
-15.0266067049 nan
-14.5257196068 nan
-14.0248325228 nan
-13.523945453 nan
-13.0230583974 nan
-12.522171356 nan
-12.0212843288 nan
-11.5203973158 nan
-11.0195103171 nan
-10.5186233327 nan
-10.0177363626 nan
-9.51684940687 nan
-9.01596246547 nan
-8.51507553844 nan
-8.01418862582 nan
-7.51330172762 nan
-7.01241484386 nan
-6.51152797457 nan
-6.01064111976 nan
-5.50975427946 nan
-5.00886745369 nan
-4.50798064247 nan
-4.00709384583 nan
-3.50620706379 nan
-3.00532029636 nan
-2.50443354357 nan
-2.00354680545 nan
-1.502660082 nan
-1.00177337327 nan
-0.500886679258 nan
0 nan
0.500886664487 nan
1.00177331418 nan
1.50265994906 nan
2.0035465691 nan
2.50443317428 nan
3.00531976459 nan
3.50620633999 nan
4.00709290046 nan
4.50797944599 nan
5.00886597655 nan
5.50975249212 nan
6.01063899268 nan
6.5115254782 nan
7.01241194867 nan
7.51329840406 nan
8.01418484435 nan
8.51507126951 nan
9.01595767954 nan
9.5168440744 nan
10.0177304541 nan
10.5186168185 nan
11.0195031678 nan
11.5203895017 nan
12.0212758204 nan
12.5221621238 nan
13.0230484119 nan
13.5239346847 nan
14.0248209421 nan
14.5257071841 nan
15.0265934107 nan
15.5274796218 nan
16.0283658176 nan
16.5292519978 nan
17.0301381625 nan
17.5310243118 nan
18.0319104455 nan
18.5327965636 nan
19.0336826662 nan
19.5345687531 nan
20.0354548245 nan
20.5363408801 nan
21.0372269202 nan
21.5381129445 nan
22.0389989531 nan
22.539884946 nan
23.0407709231 nan
23.5416568844 nan
24.04254283 nan
24.5434287597 nan
25.0443146736 nan
