-25.0201755352 nan
-24.5197673502 nan
-24.0193593559 nan
-23.5189515522 nan
-23.0185439392 nan
-22.5181365168 nan
-22.0177292851 nan
-21.517322244 nan
-21.0169153937 nan
-20.516508734 nan
-20.0161022651 nan
-19.5156959868 nan
-19.0152898993 nan
-18.5148840025 nan
-18.0144782965 nan
-17.5140727812 nan
-17.0136674567 nan
-16.513262323 nan
-16.0128573801 nan
-15.5124526279 nan
-15.0120480666 nan
-14.5116436961 nan
-14.0112395164 nan
-13.5108355275 nan
-13.0104317295 nan
-12.5100281223 nan
-12.009624706 nan
-11.5092214806 nan
-11.0088184461 nan
-10.5084156024 nan
-10.0080129497 nan
-9.50761048786 nan
-9.00720821696 nan
-8.506806137 nan
-8.00640424797 nan
-7.50600254991 nan
-7.0056010428 nan
-6.50519972667 nan
-6.00479860152 nan
-5.50439766737 nan
-5.00399692422 nan
-4.50359637208 nan
-4.00319601096 nan
-3.50279584088 nan
-3.00239586183 nan
-2.50199607384 nan
-2.00159647691 nan
-1.50119707105 nan
-1.00079785627 nan
-0.500398832588 nan
0 nan
0.500398641477 nan
1.00079709183 nan
1.50119535106 nan
2.00159341915 nan
2.50199129609 nan
3.00238898187 nan
3.50278647648 nan
4.00318377991 nan
4.50358089216 nan
5.00397781321 nan
5.50437454305 nan
6.00477108167 nan
6.50516742907 nan
7.00556358523 nan
7.50595955015 nan
8.0063553238 nan
8.5067509062 nan
9.00714629732 nan
9.50754149715 nan
10.0079365057 nan
10.5083313229 nan
11.0087259489 nan
11.5091203834 nan
12.0095146267 nan
12.5099086786 nan
13.0103025392 nan
13.5106962084 nan
14.0110896863 nan
14.5114829727 nan
15.0118760678 nan
15.5122689714 nan
16.0126616837 nan
16.5130542045 nan
17.0134465339 nan
17.5138386719 nan
18.0142306184 nan
18.5146223735 nan
19.0150139371 nan
19.5154053092 nan
20.0157964898 nan
20.516187479 nan
21.0165782766 nan
21.5169688827 nan
22.0173592973 nan
22.5177495204 nan
23.0181395519 nan
23.5185293919 nan
24.0189190403 nan
24.5193084971 nan
25.0196977623 nan
