-25.0303050528 nan
-24.5297031558 nan
-24.029101087 nan
-23.5284988464 nan
-23.027896434 nan
-22.5272938497 nan
-22.0266910938 nan
-21.526088166 nan
-21.0254850665 nan
-20.5248817953 nan
-20.0242783524 nan
-19.5236747377 nan
-19.0230709514 nan
-18.5224669934 nan
-18.0218628638 nan
-17.5212585625 nan
-17.0206540896 nan
-16.5200494451 nan
-16.019444629 nan
-15.5188396413 nan
-15.018234482 nan
-14.5176291512 nan
-14.0170236488 nan
-13.516417975 nan
-13.0158121296 nan
-12.5152061127 nan
-12.0145999244 nan
-11.5139935646 nan
-11.0133870333 nan
-10.5127803307 nan
-10.0121734566 nan
-9.51156641106 nan
-9.01095919417 nan
-8.51035180591 nan
-8.00974424629 nan
-7.50913651533 nan
-7.00852861305 nan
-6.50792053945 nan
-6.00731229455 nan
-5.50670387837 nan
-5.00609529092 nan
-4.50548653222 nan
-4.00487760228 nan
-3.50426850112 nan
-3.00365922875 nan
-2.50304978518 nan
-2.00244017044 nan
-1.50183038454 nan
-1.00122042749 nan
-0.500610299303 nan
0 nan
0.500610470406 nan
1.0012211119 nan
1.50183192447 nan
2.00244290809 nan
2.50305406276 nan
3.00366538846 nan
3.50427688517 nan
4.00488855288 nan
4.50550039157 nan
5.00611240123 nan
5.50672458184 nan
6.00733693339 nan
6.50794945587 nan
7.00856214925 nan
7.50917501353 nan
8.00978804868 nan
8.5104012547 nan
9.01101463156 nan
9.51162817925 nan
10.0122418978 nan
10.5128557871 nan
11.0134698472 nan
11.5140840781 nan
12.0146984797 nan
12.5153130521 nan
13.0159277952 nan
13.516542709 nan
14.0171577935 nan
14.5177730487 nan
15.0183884746 nan
15.5190040711 nan
16.0196198382 nan
16.520235776 nan
17.0208518844 nan
17.5214681633 nan
18.0220846129 nan
18.522701233 nan
19.0233180236 nan
19.5239349848 nan
20.0245521165 nan
20.5251694187 nan
21.0257868914 nan
21.5264045345 nan
22.0270223481 nan
22.5276403322 nan
23.0282584867 nan
23.5288768115 nan
24.0294953068 nan
24.5301139725 nan
25.0307328085 nan
