-25.0219635349 0.397559
-24.5215280133 0.452085
-24.0210923385 0.492259
-23.5206565105 0.505469
-23.0202205294 0.48672
-22.5197843951 0.477201
-22.0193481076 0.481874
-21.518911667 0.50228
-21.0184750733 0.513399
-20.5180383264 0.525759
-20.0176014264 0.529713
-19.5171643734 0.523156
-19.0167271672 0.537027
-18.516289808 0.567173
-18.0158522956 0.563133
-17.5154146303 0.546405
-17.0149768119 0.53821
-16.5145388404 0.546907
-16.0141007159 0.552985
-15.5136624385 0.575124
-15.013224008 0.58961
-14.5127854245 0.581321
-14.012346688 0.569202
-13.5119077986 0.574112
-13.0114687562 0.563912
-12.5110295608 0.563192
-12.0105902125 0.564103
-11.5101507113 0.565989
-11.0097110572 0.572532
-10.5092712501 0.572061
-10.0088312902 0.554964
-9.50839117739 0.533077
-9.0079509117 0.514951
-8.50751049314 0.50059
-8.00706992173 0.48917
-7.50662919747 0.460149
-7.00618832039 0.451035
-6.50574729048 0.437408
-6.00530610777 0.408808
-5.50486477226 0.368399
-5.00442328395 0.325041
-4.50398164288 0.276903
-4.00353984903 0.222395
-3.50309790243 0.168772
-3.00265580309 0.121549
-2.50221355101 0.0734731
-2.00177114621 0.0218102
-1.5013285887 0.00277546
-1.00088587848 0
-0.500443015583 0.0135354
0 0.0429379
0.500443168253 0.0885582
1.00088648916 0.125717
1.50132996272 0.159358
2.00177358891 0.178214
2.50221736772 0.17967
3.00266129916 0.174828
3.50310538319 0.174905
4.00354961981 0.188084
4.50399400902 0.200844
5.0044385508 0.214741
5.50488324514 0.229979
6.00532809202 0.243527
6.50577309145 0.252476
7.0062182434 0.25382
7.50666354786 0.247086
8.00710900484 0.248132
8.5075546143 0.256051
9.00800037625 0.249947
9.50844629067 0.265952
10.0088923576 0.292389
10.5093385769 0.29036
11.0097849487 0.3088
11.5102314729 0.26577
12.0106781495 0.281576
12.5111249785 0.316702
13.0115719599 0.317153
13.5120190937 0.322544
14.0124663799 0.323032
14.5129138184 0.303795
15.0133614093 0.29783
15.5138091526 0.295827
16.0142570481 0.275105
16.514705096 0.253701
17.0151532962 0.22856
17.5156016487 0.205505
18.0160501535 0.195992
18.5164988105 0.197764
19.0169476198 0.188835
19.5173965814 0.178993
20.0178456952 0.17378
20.5182949612 0.175843
21.0187443795 0.173564
21.51919395 0.164223
22.0196436726 0.164746
22.5200935475 0.164547
23.0205435745 0.158493
23.5209937537 0.188772
24.021444085 0.201697
24.5218945685 0.211328
25.0223452041 0.213394
