-25.0395417208 0.0423169
-24.5387510956 0.00368449
-24.0379604615 0.00465464
-23.5371698187 0
-23.036379167 0.0150682
-22.5355885065 0.0454998
-22.0347978372 0.0791296
-21.5340071592 0.110997
-21.0332164725 0.143317
-20.532425777 0.175786
-20.0316350729 0.19984
-19.53084436 0.21517
-19.0300536386 0.233829
-18.5292629084 0.240389
-18.0284721697 0.225513
-17.5276814223 0.217636
-17.0268906664 0.219317
-16.5260999019 0.207664
-16.0253091289 0.181776
-15.5245183474 0.134006
-15.0237275573 0.0977088
-14.5229367588 0.0671789
-14.0221459518 0.0613797
-13.5213551364 0.0626222
-13.0205643126 0.0609574
-12.5197734803 0.0669243
-12.0189826397 0.0782246
-11.5181917907 0.0933909
-11.0174009333 0.108916
-10.5166100676 0.124973
-10.0158191937 0.134485
-9.5150283114 0.146625
-9.01423742087 0.155755
-8.51344652209 0.15659
-8.01265561509 0.1643
-7.51186469988 0.136515
-7.01107377648 0.103289
-6.5102828449 0.100424
-6.00949190518 0.102113
-5.50870095734 0.0991858
-5.00791000138 0.0963639
-4.50711903733 0.0950269
-4.0063280652 0.0931939
-3.50553708503 0.0923688
-3.00474609682 0.0911409
-2.5039551006 0.0815209
-2.00316409639 0.0687787
-1.5023730842 0.0725685
-1.00158206406 0.0745992
-0.50079103599 0.0736173
0 0.0761824
0.500791043886 0.0799778
1.00158209565 0.0801587
1.50237315527 0.0821263
2.00316422272 0.08227
2.50395529799 0.075579
3.00474638107 0.0765664
3.50553747191 0.081082
4.00632857052 0.082996
4.50711967687 0.0946393
5.00791079094 0.115887
5.50870191271 0.122014
6.00949304215 0.13003
6.51028417926 0.143832
7.01107532402 0.171735
7.51186647639 0.193627
8.01265763637 0.20431
8.51344880393 0.206538
9.01423997905 0.213749
9.51503116172 0.220945
10.0158223519 0.213316
10.5166135496 0.220787
11.0174047548 0.237618
11.5181959674 0.275627
12.0189871875 0.291934
12.5197784151 0.301527
13.02056965 0.321226
13.5213608923 0.336761
14.022152142 0.339813
14.522943399 0.325616
15.0237346634 0.337804
15.5245259351 0.33064
16.025317214 0.327461
16.5261085002 0.33234
17.0268997937 0.34358
17.5276910944 0.357642
18.0284824024 0.355859
18.5292737175 0.352082
19.0300650398 0.346987
19.5308563692 0.340042
20.0316477058 0.335595
20.5324390495 0.333961
21.0332304003 0.335137
21.5340217582 0.338081
22.0348131231 0.341647
22.535604495 0.347045
23.036395874 0.35323
23.53718726 0.361495
24.0379786529 0.371915
24.5387700528 0.381752
25.0395614597 0.392669
