-25.0308122859 nan
-24.5301928121 nan
-24.0295734698 nan
-23.528954259 nan
-23.0283351798 nan
-22.5277162321 nan
-22.027097416 nan
-21.5264787315 nan
-21.0258601787 nan
-20.5252417574 nan
-20.0246234678 nan
-19.5240053098 nan
-19.0233872835 nan
-18.5227693889 nan
-18.022151626 nan
-17.5215339948 nan
-17.0209164953 nan
-16.5202991275 nan
-16.0196818916 nan
-15.5190647874 nan
-15.018447815 nan
-14.5178309744 nan
-14.0172142656 nan
-13.5165976886 nan
-13.0159812435 nan
-12.5153649303 nan
-12.0147487489 nan
-11.5141326995 nan
-11.0135167819 nan
-10.5129009963 nan
-10.0122853426 nan
-9.5116698209 nan
-9.01105443114 nan
-8.51043917338 nan
-8.00982404762 nan
-7.50920905387 0.129124
-7.00859419216 0.118127
-6.50797946249 0.107882
-6.00736486488 0.0968372
-5.50675039936 0.0868645
-5.00613606592 0.0779464
-4.5055218646 0.0697735
-4.00490779539 0.0625144
-3.50429385833 0.0551107
-3.00368005342 0.0467153
-2.50306638067 0.0385039
-2.00245284011 0.0301915
-1.50183943175 0.0230936
-1.0012261556 0.0164769
-0.500613011677 0.0104961
0 0.00576965
0.500612879419 0.00239415
1.00122562656 0
1.50183824142 0.00118528
2.00245072397 0.00301218
2.5030630742 0.00528861
3.0036752921 0.00862503
3.50428737765 0.0141925
4.00489933084 0.0215298
4.50551115164 0.0311483
5.00612284006 0.0422522
5.50673439606 0.0540604
6.00734581964 0.0667174
6.50795711077 0.0806449
7.00856826946 0.0970356
7.50917929567 0.113885
8.0097901894 0.130795
8.51040095063 0.149123
9.01101157935 0.166735
9.51162207554 0.184072
10.0122324392 0.201861
10.5128426703 0.218682
11.0134527688 0.234453
11.5140627347 0.248294
12.014672568 0.262102
12.5152822687 0.274517
13.0158918368 0.285459
13.5165012722 0.294824
14.0171105749 0.303258
14.517719745 0.308653
15.0183287823 0.31371
15.518937687 0.317568
16.0195464589 0.319632
16.5201550981 0.319222
17.0207636046 0.316428
17.5213719782 0.313263
18.0219802191 0.307799
18.5225883272 0.3002
19.0231963025 0.291169
19.5238041449 0.28025
20.0244118545 0.26926
20.5250194313 0.257305
21.0256268751 0.244417
21.5262341861 0.228593
22.0268413642 0.211625
22.5274484093 0.193796
23.0280553216 0.174029
23.5286621008 0.153308
24.0292687471 0.132172
24.5298752605 0.110346
25.0304816408 0.0888079
