93.5272421509	-34.2879555776	-24.9926533247	318.206255889	-4190.19326068
93.5236152015	-34.2846030874	-24.4927942938	318.206255889	-4161.72938932
93.5199885414	-34.2812504903	-23.9929355064	318.208299052	-4144.58849812
93.5163621707	-34.2778977864	-23.4930769625	318.210341876	-4167.46575303
93.5127360892	-34.2745449756	-22.9932186621	318.212384363	-4180.82406005
93.5091102969	-34.2711920581	-22.4933606052	318.214426511	-4181.31474718
93.5054847938	-34.2678390338	-21.9935027918	318.21646832	-4175.51339048
93.5018595798	-34.2644859028	-21.4936452219	318.218509792	-4174.94535829
93.4982346548	-34.2611326651	-20.9937878954	318.220550926	-4207.88764001
93.4946100189	-34.2577793206	-20.4939308124	318.222591721	-4223.34478341
93.4909856719	-34.2544258695	-19.9940739729	318.224632179	-4217.59054077
93.4873616138	-34.2510723117	-19.4942173769	318.226672298	-4196.6955418
93.4837378446	-34.2477186473	-18.9943610244	318.228712079	-4174.95904495
93.4801143642	-34.2443648763	-18.4945049153	318.230751523	-4177.07606718
93.4764911726	-34.2410109987	-17.9946490496	318.232790629	-4186.01967921
93.4728682696	-34.2376570145	-17.4947934275	318.234829397	-4186.22568071
93.4692456553	-34.2343029238	-16.9949380487	318.236867827	-4186.21059856
93.4656233296	-34.2309487266	-16.4950829135	318.238905919	-4192.22653752
93.4620012925	-34.2275944229	-15.9952280216	318.240943674	-4200.64851608
93.4583795439	-34.2242400126	-15.4953733733	318.242981091	-4213.0487051
93.4547580837	-34.220885496	-14.9955189683	318.24501817	-4227.05372894
93.451136912	-34.2175308729	-14.4956648068	318.247054912	-4238.62830486
93.4475160286	-34.2141761434	-13.9958108887	318.249091317	-4229.07466779
93.4438954335	-34.2108213074	-13.4959572141	318.251127384	-4222.76408381
93.4402751266	-34.2074663652	-12.9961037828	318.253163113	-4219.21606278
93.436655108	-34.2041113165	-12.496250595	318.255198505	-4217.65107365
93.4330353775	-34.2007561616	-11.9963976506	318.25723356	-4211.88438983
93.4294159351	-34.1974009003	-11.4965449496	318.259268278	-4205.46891049
93.4257967808	-34.1940455328	-10.9966924921	318.261302658	-4187.59463116
93.4221779145	-34.190690059	-10.4968402779	318.263336701	-4191.34163945
93.4185593361	-34.187334479	-9.99698830713	318.265370407	-4195.2270915
93.4149410457	-34.1839787927	-9.49713657976	318.267403776	-4205.73130543
93.4113230431	-34.1806230003	-8.99728509578	318.269436807	-4229.84973351
93.4077053283	-34.1772671016	-8.49743385519	318.271469502	-4258.34522266
93.4040879012	-34.1739110969	-7.99758285798	318.27350186	-4275.11550842
93.4004707619	-34.170554986	-7.49773210416	318.27553388	-4282.43676934
93.3968539102	-34.167198769	-6.99788159371	318.277565564	-4288.83674589
93.3932373461	-34.1638424459	-6.49803132664	318.279596911	-4295.27082713
93.3896210696	-34.1604860167	-5.99818130294	318.281627921	-4294.00873385
93.3860050806	-34.1571294815	-5.49833152261	318.283658595	-4298.15093022
93.382389379	-34.1537728403	-4.99848198564	318.285688931	-4299.09021001
93.3787739648	-34.1504160931	-4.49863269202	318.287718931	-4302.67558817
93.375158838	-34.1470592399	-3.99878364176	318.289748595	-4309.49344846
93.3715439985	-34.1437022808	-3.49893483486	318.291777921	-4316.47762577
93.3679294463	-34.1403452157	-2.9990862713	318.293806912	-4341.81371055
93.3643151812	-34.1369880447	-2.49923795108	318.295835565	-4371.01586838
93.3607012034	-34.1336307678	-1.9993898742	318.297863882	-4391.13325005
93.3570875126	-34.1302733851	-1.49954204066	318.299891863	-4399.42528342
93.3534741088	-34.1269158965	-0.999694450445	318.301919508	-4413.46611202
93.3498609921	-34.1235583021	-0.49984710356	318.303946815	-4441.96878276
93.3462481623	-34.1202006019	0	318.305973787	-4493.62550156
93.3426356195	-34.1168427959	0.49984686024	318.308000423	-4565.42080861
93.3390233635	-34.1134848841	0.999693477166	318.310026722	-4636.41259129
93.3354113942	-34.1101268666	1.49953985078	318.312052685	-4648.92060146
93.3317997118	-34.1067687434	1.99938598108	318.314078312	-4647.16845288
93.328188316	-34.1034105145	2.49923186809	318.316103603	-4636.99751614
93.324577207	-34.1000521799	2.99907751179	318.318128558	-4621.77867949
93.3209663845	-34.0966937397	3.49892291219	318.320153177	-4601.74270621
93.3173558485	-34.0933351938	3.99876806931	318.32217746	-4581.10628804
93.3137455991	-34.0899765424	4.49861298313	318.324201407	-4564.10625425
93.3101356361	-34.0866177853	4.99845765367	318.326225018	-4548.98795426
93.3065259596	-34.0832589227	5.49830208093	318.328248294	-4534.95876936
93.3029165693	-34.0798999546	5.99814626492	318.330271234	-4517.65139025
93.2993074654	-34.0765408809	6.49799020563	318.332293837	-4499.01666565
93.2956986478	-34.0731817017	6.99783390307	318.334316106	-4478.65230255
93.2920901163	-34.0698224171	7.49767735725	318.336338038	-4454.99010503
93.2884818711	-34.066463027	7.99752056817	318.338359635	-4427.45297678
93.2848739119	-34.0631035315	8.49736353584	318.340380897	-4398.62799742
93.2812662387	-34.0597439305	8.99720626025	318.342401822	-4367.57176074
93.2776588516	-34.0563842242	9.49704874141	318.344422413	-4336.66394958
93.2740517505	-34.0530244125	9.99689097933	318.346442668	-4311.09773952
93.2704449352	-34.0496644954	10.496732974	318.348462588	-4287.52605813
93.2668384058	-34.0463044731	10.9965747254	318.350482172	-4263.88584912
93.2632321622	-34.0429443454	11.4964162337	318.352501421	-4240.7955064
93.2596262044	-34.0395841124	11.9962574986	318.354520334	-4217.31730785
93.2560205322	-34.0362237742	12.4960985204	318.356538913	-4195.4927206
93.2524151458	-34.0328633308	12.9959392989	318.358557156	-4175.00261147
93.2488100449	-34.0295027821	13.4957798343	318.360575065	-4156.97733974
93.2452052296	-34.0261421282	13.9956201264	318.362592638	-4140.60453145
93.2416006998	-34.0227813692	14.4954601753	318.364609876	-4128.96373532
93.2379964555	-34.019420505	14.995299981	318.366626779	-4119.57856485
93.2343924965	-34.0160595357	15.4951395435	318.368643347	-4113.0556509
93.230788823	-34.0126984613	15.9949788628	318.37065958	-4107.61339433
93.2271854347	-34.0093372818	16.4948179389	318.372675479	-4104.71732589
93.2235823317	-34.0059759972	16.9946567718	318.374691042	-4103.69445063
93.2199795139	-34.0026146076	17.4944953616	318.376706271	-4106.03264535
93.2163769813	-33.9992531129	17.9943337081	318.378721165	-4112.79430251
93.2127747337	-33.9958915133	18.4941718115	318.380735725	-4120.6543434
93.2091727713	-33.9925298086	18.9940096717	318.382749949	-4129.33052536
93.2055710938	-33.9891679991	19.4938472888	318.384763839	-4139.58997002
93.2019697013	-33.9858060845	19.9936846627	318.386777395	-4152.04318193
93.1983685937	-33.9824440651	20.4935217934	318.388790616	-4164.98841427
93.194767771	-33.9790819408	20.993358681	318.390803502	-4179.40674054
93.1911672331	-33.9757197116	21.4931953254	318.392816055	-4195.10274116
93.18756698	-33.9723573776	21.9930317267	318.394828272	-4210.71112076
93.1839670115	-33.9689949387	22.4928678849	318.396840156	-4226.24097525
93.1803673278	-33.965632395	22.9927037999	318.398851705	-4242.03132682
93.1767679286	-33.9622697466	23.4925394717	318.40086292	-4257.22404198
93.173168814	-33.9589069933	23.9923749005	318.4028738	-4271.76442522
93.1695699839	-33.9555441354	24.4922100861	318.404884347	-4284.83498379
93.1659714383	-33.9521811727	24.9920450286	318.406894559	-4297.98336579
