-25.0344173038 nan
-24.5337326891 nan
-24.0330479219 nan
-23.532363002 nan
-23.0316779296 nan
-22.5309927048 nan
-22.0303073274 nan
-21.5296217975 nan
-21.0289361151 nan
-20.5282502803 nan
-20.0275642931 nan
-19.5268781534 nan
-19.0261918614 nan
-18.5255054169 nan
-18.0248188201 nan
-17.5241320709 nan
-17.0234451694 nan
-16.5227581156 nan
-16.0220709095 nan
-15.5213835511 nan
-15.0206960404 nan
-14.5200083775 nan
-14.0193205623 nan
-13.518632595 nan
-13.0179444754 nan
-12.5172562036 nan
-12.0165677797 nan
-11.5158792036 nan
-11.0151904754 nan
-10.5145015951 nan
-10.0138125627 nan
-9.51312337822 nan
-9.01243404167 nan
-8.51174455306 nan
-8.01105491242 nan
-7.51036511977 nan
-7.00967517513 nan
-6.5089850785 nan
-6.00829482992 nan
-5.50760442939 nan
-5.00691387692 nan
-4.50622317255 nan
-4.00553231629 nan
-3.50484130814 nan
-3.00415014814 nan
-2.50345883629 nan
-2.00276737262 nan
-1.50207575713 nan
-1.00138398986 nan
-0.500692070808 nan
0 nan
0.50069222255 nan
1.00138459683 nan
1.50207712281 nan
2.00276980048 nan
2.50346262982 nan
3.00415561083 nan
3.50484874347 nan
4.00554202773 nan
4.50623546359 nan
5.00692905105 nan
5.50762279008 nan
6.00831668066 nan
6.50901072277 nan
7.00970491641 nan
7.51039926155 nan
8.01109375817 nan
8.51178840626 nan
9.01248320581 nan
9.51317815679 nan
10.0138732592 nan
10.514568513 nan
11.0152639182 nan
11.5159594747 nan
12.0166551826 nan
12.5173510418 nan
13.0180470524 nan
13.5187432142 nan
14.0194395273 nan
14.5201359917 nan
15.0208326073 nan
15.5215293742 nan
16.0222262922 nan
16.5229233615 nan
17.0236205819 nan
17.5243179535 nan
18.0250154763 nan
18.5257131501 nan
19.0264109751 nan
19.5271089512 nan
20.0278070783 nan
20.5285053565 nan
21.0292037858 nan
21.529902366 nan
22.0306010973 nan
22.5312999796 nan
23.0319990128 nan
23.532698197 nan
24.0333975321 nan
24.5340970181 nan
25.0347966551 nan
