-24.9925213811 0.797041
-24.4926650003 0.800587
-23.9928088625 0.803382
-23.4929529678 0.807756
-22.9930973161 0.809329
-22.4932419074 0.797134
-21.9933867418 0.772242
-21.4935318192 0.745448
-20.9936771396 0.760114
-20.4938227031 0.776938
-19.9939685096 0.817554
-19.494114559 0.850677
-18.9942608516 0.87481
-18.4944073871 0.884296
-17.9945541656 0.863974
-17.4947011871 0.865951
-16.9948484516 0.863737
-16.4949959591 0.862741
-15.9951437096 0.868844
-15.495291703 0.872529
-14.9954399395 0.870582
-14.4955884189 0.861152
-13.9957371413 0.843081
-13.4958861067 0.825163
-12.996035315 0.812393
-12.4961847663 0.796241
-11.9963344606 0.774761
-11.4964843978 0.759153
-10.996634578 0.760284
-10.4967850011 0.766222
-9.99693566711 0.772417
-9.4970865761 0.772996
-8.99723772802 0.770499
-8.49738912287 0.758639
-7.99754076065 0.725696
-7.49769264135 0.687327
-6.99784476498 0.647004
-6.49799713151 0.610657
-5.99814974096 0.591641
-5.49830259332 0.572195
-4.99845568858 0.552332
-4.49860902674 0.533408
-3.99876260779 0.569594
-3.49891643174 0.567273
-2.99907049857 0.481064
-2.49922480829 0.346863
-1.99937936089 0.185145
-1.49953415636 0.113894
-0.999689194709 0.127717
-0.499844475922 0.151733
0 0.131928
0.499844233062 0.107454
0.999688223266 0.0469589
1.49953197062 0.00478685
1.99937547513 0
2.49921873679 0.0299425
2.99906175561 0.0546568
3.49890453159 0.0932136
3.99874706475 0.133811
4.49858935507 0.17665
4.99843140257 0.219964
5.49827320726 0.265049
5.99811476912 0.309864
6.49795608818 0.351817
6.99779716442 0.389894
7.49763799786 0.426314
7.9974785885 0.45943
8.49731893635 0.489582
8.99715904141 0.51713
9.49699890368 0.540066
9.99683852316 0.557026
10.4966778999 0.573151
10.9965170338 0.586129
11.496355925 0.598844
11.9961945733 0.609891
12.496032979 0.619934
12.9958711418 0.628351
13.495709062 0.633906
13.9955467393 0.638844
14.495384174 0.642379
14.9952213658 0.645365
15.495058315 0.646826
15.9948950214 0.648048
16.4947314851 0.64855
16.994567706 0.648352
17.4944036842 0.647213
17.9942394197 0.645205
18.4940749125 0.643416
18.9939101626 0.640906
19.49374517 0.638114
19.9935799347 0.636187
20.4934144567 0.633974
20.993248736 0.631327
21.4930827726 0.627806
21.9929165666 0.625578
22.4927501178 0.622871
22.9925834264 0.620223
23.4924164923 0.61794
23.9922493155 0.616428
24.4920818961 0.614736
24.991914234 0.61246
