92.5550956122	-34.8526639647	-25.0193894223	118.614704052	-4305.30982615
92.5599059641	-34.8548173703	-24.5190054946	118.614704052	-4282.96055952
92.5647165679	-34.8569705866	-24.0186214092	118.611955015	-4261.97328794
92.5695274235	-34.8591236134	-23.518237166	118.609205686	-4250.90347154
92.574338531	-34.8612764507	-23.0178527651	118.606456064	-4247.72452864
92.5791498902	-34.8634290985	-22.5174682065	118.603706151	-4252.53358654
92.5839615014	-34.8655815569	-22.0170834902	118.600955945	-4244.97785989
92.5887733644	-34.8677338257	-21.5166986163	118.598205446	-4239.9498192
92.5935854793	-34.8698859049	-21.0163135846	118.595454656	-4239.67906159
92.5983978461	-34.8720377946	-20.5159283953	118.592703573	-4254.20181548
92.6032104648	-34.8741894946	-20.0155430484	118.589952198	-4278.72795541
92.6080233355	-34.876341005	-19.5151575438	118.58720053	-4308.27765318
92.612836458	-34.8784923258	-19.0147718815	118.584448571	-4320.38442719
92.6176498325	-34.8806434568	-18.5143860616	118.581696319	-4320.63781939
92.622463459	-34.8827943982	-18.0140000841	118.578943774	-4312.89277389
92.6272773374	-34.8849451498	-17.513613949	118.576190937	-4293.55657079
92.6320914678	-34.8870957116	-17.0132276563	118.573437808	-4302.72422776
92.6369058501	-34.8892460837	-16.512841206	118.570684387	-4295.04337474
92.6417204845	-34.891396266	-16.0124545981	118.567930673	-4286.09444767
92.6465353708	-34.8935462584	-15.5120678327	118.565176667	-4276.89099146
92.6513505092	-34.8956960609	-15.0116809097	118.562422369	-4294.82502138
92.6561658996	-34.8978456736	-14.5112938291	118.559667778	-4291.29226207
92.6609815421	-34.8999950964	-14.010906591	118.556912895	-4280.68974804
92.6657974366	-34.9021443292	-13.5105191954	118.554157719	-4265.96338455
92.6706135832	-34.9042933721	-13.0101316422	118.551402251	-4248.16542436
92.6754299818	-34.9064422249	-12.5097439315	118.548646491	-4225.96456834
92.6802466325	-34.9085908878	-12.0093560633	118.545890438	-4230.23160979
92.6850635353	-34.9107393606	-11.5089680377	118.543134093	-4237.53197333
92.6898806903	-34.9128876434	-11.0085798545	118.540377456	-4235.5544406
92.6946980973	-34.915035736	-10.5081915138	118.537620526	-4228.39175305
92.6995157565	-34.9171836386	-10.0078030157	118.534863304	-4210.99852282
92.7043336678	-34.919331351	-9.50741436015	118.532105789	-4199.13241567
92.7091518312	-34.9214788733	-9.00702554713	118.529347982	-4224.50618704
92.7139702469	-34.9236262053	-8.50663657667	118.526589882	-4282.01180024
92.7187889147	-34.9257733472	-8.00624744879	118.523831491	-4327.1565384
92.7236078346	-34.9279202988	-7.50585816348	118.521072806	-4332.91382117
92.7284270068	-34.9300670602	-7.00546872076	118.518313829	-4355.0375899
92.7332464312	-34.9322136312	-6.50507912064	118.51555456	-4364.55621561
92.7380661078	-34.934360012	-6.00468936314	118.512794999	-4355.26437568
92.7428860366	-34.9365062024	-5.50429944824	118.510035145	-4353.32214018
92.7477062176	-34.9386522025	-5.00390937598	118.507274998	-4411.46221278
92.7525266509	-34.9407980121	-4.50351914636	118.504514559	-4470.76254143
92.7573473365	-34.9429436314	-4.00312875938	118.501753828	-4498.03506248
92.7621682743	-34.9450890602	-3.50273821506	118.498992804	-4492.88654928
92.7669894644	-34.9472342985	-3.0023475134	118.496231487	-4488.09155382
92.7718109069	-34.9493793463	-2.50195665442	118.493469879	-4471.98113238
92.7766326016	-34.9515242037	-2.00156563813	118.490707977	-4433.25290276
92.7814545486	-34.9536688705	-1.50117446453	118.487945783	-4430.04364417
92.7862767479	-34.9558133467	-1.00078313364	118.485183297	-4506.73028501
92.7910991996	-34.9579576323	-0.500391645456	118.482420518	-4554.22041909
92.7959219037	-34.9601017274	0	118.479657447	-4587.78881307
92.8007448601	-34.9622456317	0.500391802723	118.476894083	-4577.11150305
92.8055680688	-34.9643893454	1.0007837627	118.474130427	-4560.92253557
92.81039153	-34.9665328685	1.50117587993	118.471366478	-4537.29127724
92.8152152435	-34.9686762008	2.0015681544	118.468602237	-4512.82749424
92.8200392094	-34.9708193423	2.50196058609	118.465837703	-4512.33123116
92.8248634278	-34.9729622931	3.002353175	118.463072877	-4507.47151483
92.8296878985	-34.9751050531	3.50274592112	118.460307757	-4486.92452159
92.8345126217	-34.9772476223	4.00313882444	118.457542346	-4462.46450784
92.8393375974	-34.9793900007	4.50353188495	118.454776642	-4418.51538597
92.8441628255	-34.9815321881	5.00392510264	118.452010646	-4373.95398642
92.8489883061	-34.9836741847	5.5043184775	118.449244357	-4333.89374079
92.8538140391	-34.9858159904	6.00471200953	118.446477775	-4290.30582768
92.8586400246	-34.9879576051	6.5051056987	118.443710901	-4267.38227807
92.8634662627	-34.9900990289	7.00549954501	118.440943734	-4262.98749552
92.8682927532	-34.9922402616	7.50589354846	118.438176275	-4259.161067
92.8731194963	-34.9943813034	8.00628770903	118.435408523	-4246.11068184
92.8779464919	-34.9965221541	8.50668202671	118.432640478	-4234.05674911
92.88277374	-34.9986628137	9.0070765015	118.429872141	-4224.49428156
92.8876012407	-35.0008032822	9.50747113337	118.427103512	-4224.48717656
92.8924289939	-35.0029435597	10.0078659223	118.424334589	-4224.62811139
92.8972569998	-35.0050836459	10.5082608684	118.421565375	-4227.03017684
92.9020852582	-35.007223541	11.0086559715	118.418795867	-4225.75727868
92.9069137692	-35.0093632449	11.5090512316	118.416026067	-4220.76944159
92.9117425328	-35.0115027576	12.0094466488	118.413255975	-4224.72070023
92.916571549	-35.0136420791	12.5098422231	118.410485589	-4228.52171763
92.9214008179	-35.0157812092	13.0102379543	118.407714911	-4234.76616904
92.9262303394	-35.0179201481	13.5106338426	118.404943941	-4247.57174794
92.9310601135	-35.0200588957	14.0110298879	118.402172678	-4252.73080803
92.9358901403	-35.0221974519	14.5114260901	118.399401122	-4257.09605006
92.9407204198	-35.0243358167	15.0118224494	118.396629274	-4247.68134787
92.945550952	-35.0264739901	15.5122189657	118.393857133	-4228.14636771
92.9503817368	-35.0286119721	16.0126156389	118.391084699	-4226.79212976
92.9552127743	-35.0307497627	16.513012469	118.388311973	-4222.81246762
92.9600440646	-35.0328873618	17.0134094561	118.385538954	-4226.07333058
92.9648756076	-35.0350247694	17.5138066002	118.382765642	-4238.57739898
92.9697074033	-35.0371619855	18.0142039012	118.379992038	-4252.60423342
92.9745394518	-35.03929901	18.5146013591	118.377218141	-4254.99598496
92.979371753	-35.041435843	19.0149989739	118.374443952	-4243.91842275
92.984204307	-35.0435724843	19.5153967456	118.371669469	-4227.54529113
92.9890371137	-35.0457089341	20.0157946742	118.368894694	-4220.16042205
92.9938701733	-35.0478451921	20.5161927597	118.366119627	-4234.29661711
92.9987034856	-35.0499812586	21.016591002	118.363344266	-4265.75203634
93.0035370508	-35.0521171333	21.5169894012	118.360568613	-4287.52563382
93.0083708688	-35.0542528162	22.0173879573	118.357792667	-4295.1491647
93.0132049396	-35.0563883075	22.5177866702	118.355016429	-4308.39666853
93.0180392632	-35.0585236069	23.0181855399	118.352239898	-4319.15331778
93.0228738397	-35.0606587146	23.5185845664	118.349463074	-4326.26845993
93.0277086691	-35.0627936304	24.0189837498	118.346685957	-4331.01686432
93.0325437513	-35.0649283544	24.51938309	118.343908548	-4333.39097696
93.0373790864	-35.0670628865	25.0197825869	118.341130846	-4325.40316168
