-25.0192418278 0.1243
-24.5188608441 0.135359
-24.018479703 0.145664
-23.5180984044 0.164286
-23.0177169485 0.180748
-22.5173353352 0.183354
-22.0169535645 0.167383
-21.5165716365 0.152517
-21.0161895511 0.154607
-20.5158073084 0.161302
-20.0154249083 0.179665
-19.515042351 0.199025
-19.0146596363 0.213929
-18.5142767642 0.243387
-18.0138937349 0.28097
-17.5135105484 0.308873
-17.0131272045 0.330785
-16.5127437033 0.34776
-16.012360045 0.359319
-15.5119762293 0.366419
-15.0115922564 0.370478
-14.5112081263 0.36938
-14.010823839 0.375326
-13.5104393944 0.38752
-13.0100547927 0.39799
-12.5096700337 0.395603
-12.0092851176 0.387806
-11.5089000443 0.379094
-11.0085148138 0.372041
-10.5081294262 0.362128
-10.0077438814 0.358499
-9.50735817953 0.355158
-9.00697232049 0.350338
-8.50658630434 0.352975
-8.00620013109 0.355061
-7.50581380073 0.356036
-7.00542731328 0.354525
-6.50504066876 0.345607
-6.00465386716 0.324961
-5.50426690851 0.32561
-5.0038797928 0.330803
-4.50349252005 0.325174
-4.00310509027 0.344403
-3.50271750347 0.410077
-3.00232975965 0.4565
-2.50194185883 0.447368
-2.00155380101 0.395345
-1.50116558621 0.339655
-1.00077721444 0.382505
-0.500388685698 0.413769
0 0.432698
0.500388842644 0.414918
1.00077784223 0.312045
1.50116699873 0.163273
2.00155631216 0.0415938
2.5019457825 0.00344973
3.00233540973 0
3.50272519386 0.0261518
4.00311513486 0.0609403
4.50350523274 0.0882359
5.00389548747 0.0948045
5.50428589906 0.0831605
6.00467646749 0.079187
6.50506719275 0.069966
7.00545807483 0.0583271
7.50584911372 0.0531702
8.00624030942 0.0548846
8.50663166192 0.0590897
9.00702317119 0.041568
9.50741483725 0.0406539
10.0078066601 0.0450925
10.5081986396 0.0508707
11.008590776 0.0284799
11.508983069 0.0300204
12.0093755188 0.0503797
12.5097681253 0.0712487
13.0101608885 0.0690685
13.5105538084 0.0833447
14.010946885 0.120807
14.5113401183 0.129299
15.0117335082 0.13938
15.5121270548 0.168817
16.012520758 0.194944
16.5129146179 0.182259
17.0133086344 0.167959
17.5137028076 0.151416
18.0140971373 0.14974
18.5144916237 0.149869
19.0148862666 0.146236
19.5152810662 0.140941
20.0156760223 0.137509
20.5160711349 0.129892
21.0164664041 0.128977
21.5168618299 0.121748
22.0172574122 0.122109
22.517653151 0.126297
23.0180490463 0.132713
23.5184450981 0.147548
24.0188413065 0.167702
24.5192376713 0.197305
25.0196341926 0.226036
