-25.0174411096 0.502145
-24.5170964241 0.635364
-24.0167515697 0.780027
-23.5164065462 0.910691
-23.0160613538 1.00328
-22.5157159924 1.01798
-22.0153704621 0.95875
-21.5150247629 0.993512
-21.0146788947 1.0544
-20.5143328576 1.02295
-20.0139866516 0.929623
-19.5136402766 0.780528
-19.0132937328 0.646439
-18.5129470201 0.63954
-18.0126001385 0.649566
-17.5122530881 0.668291
-17.0119058688 0.677513
-16.5115584806 0.676104
-16.0112109236 0.672843
-15.5108631977 0.66902
-15.010515303 0.664381
-14.5101672395 0.664394
-14.0098190072 0.659475
-13.5094706061 0.652909
-13.0091220362 0.647432
-12.5087732975 0.641157
-12.0084243901 0.632817
-11.5080753138 0.620494
-11.0077260688 0.611221
-10.5073766551 0.607474
-10.0070270726 0.602782
-9.50667732136 0.586586
-9.00632740141 0.575817
-8.50597731274 0.569784
-8.00562705536 0.551533
-7.50527662929 0.532943
-7.00492603452 0.520537
-6.50457527107 0.510141
-6.00422433895 0.505018
-5.50387323816 0.503065
-5.00352196871 0.507867
-4.50317053062 0.501996
-4.00281892388 0.492089
-3.50246714852 0.477662
-3.00211520453 0.461277
-2.50176309192 0.447848
-2.00141081071 0.445683
-1.50105836091 0.443254
-1.00070574252 0.434897
-0.500352955544 0.401526
0 0.350499
0.500353124106 0.319301
1.00070641677 0.303324
1.50105987797 0.278013
2.00141350771 0.211357
2.50176730598 0.127512
3.00212127277 0.0573372
3.50247540807 0.00352135
4.00282971187 0
4.50318418416 0.0230555
5.00353882494 0.0620542
5.5038936342 0.12896
6.00424861192 0.162536
6.5046037581 0.190979
7.00495907273 0.206869
7.5053145558 0.205945
8.0056702073 0.193248
8.50602602723 0.172733
9.00638201557 0.172351
9.50673817231 0.223673
10.0070944975 0.234524
10.507450991 0.246507
11.0078076529 0.260237
11.5081644832 0.265626
12.0085214818 0.267734
12.5088786488 0.266983
13.0092359842 0.267225
13.5095934879 0.280414
14.0099511599 0.314134
14.5103090002 0.38469
15.0106670089 0.495943
15.5110251858 0.578701
16.011383531 0.496942
16.5117420446 0.413204
17.0121007263 0.369456
17.5124595764 0.354539
18.0128185947 0.335674
18.5131777813 0.266048
19.0135371361 0.251526
19.5138966591 0.246837
20.0142563504 0.237074
20.5146162099 0.219588
21.0149762375 0.200887
21.5153364334 0.192328
22.0156967975 0.214707
22.5160573297 0.277586
23.0164180301 0.325775
23.5167788987 0.340487
24.0171399354 0.311807
24.5175011403 0.255431
25.0178625133 0.205161
