91.8222468018	-36.0704736836	-25.0316513692	108.301499127	-3914.85940846
91.8275285832	-36.0718855789	-24.5310209082	108.301499127	-3907.43475396
91.8328105542	-36.0732972424	-24.0303903423	108.298389268	-3894.60832945
91.8380927149	-36.0747086741	-23.5297596714	108.295279192	-3867.79689678
91.8433750651	-36.0761198741	-23.0291288955	108.292168899	-3843.56794301
91.8486576049	-36.0775308423	-22.5284980147	108.289058389	-3878.23783128
91.8539403342	-36.0789415787	-22.0278670289	108.285947663	-3905.64821058
91.8592232531	-36.0803520833	-21.5272359382	108.282836719	-3918.4328646
91.8645063615	-36.081762356	-21.0266047426	108.279725559	-3919.99894847
91.8697896594	-36.0831723969	-20.5259734421	108.276614182	-3921.92221066
91.8750731469	-36.0845822058	-20.0253420367	108.273502589	-3926.88333604
91.8803568238	-36.0859917828	-19.5247105264	108.270390779	-3930.19014873
91.8856406901	-36.0874011279	-19.0240789113	108.267278752	-3930.48722163
91.890924746	-36.0888102411	-18.5234471914	108.264166509	-3924.85552972
91.8962089912	-36.0902191223	-18.0228153666	108.261054049	-3920.00027276
91.9014934259	-36.0916277714	-17.5221834371	108.257941372	-3918.56463434
91.90677805	-36.0930361886	-17.0215514028	108.254828479	-3910.99770908
91.9120628635	-36.0944443737	-16.5209192637	108.251715369	-3904.32453298
91.9173478664	-36.0958523268	-16.0202870198	108.248602042	-3910.50601362
91.9226330586	-36.0972600478	-15.5196546712	108.2454885	-3919.44818116
91.9279184402	-36.0986675367	-15.0190222179	108.24237474	-3927.17878804
91.9332040111	-36.1000747935	-14.5183896599	108.239260765	-3926.96321223
91.9384897714	-36.1014818182	-14.0177569972	108.236146572	-3926.77309588
91.9437757209	-36.1028886106	-13.5171242298	108.233032163	-3924.96627784
91.9490618598	-36.104295171	-13.0164913578	108.229917538	-3922.34663674
91.9543481879	-36.1057014991	-12.5158583811	108.226802697	-3921.17432819
91.9596347053	-36.107107595	-12.0152252997	108.223687639	-3925.19132952
91.9649214119	-36.1085134587	-11.5145921138	108.220572365	-3930.98843632
91.9702083078	-36.1099190901	-11.0139588233	108.217456874	-3934.55754054
91.9754953928	-36.1113244892	-10.5133254282	108.214341167	-3937.69313733
91.9807826671	-36.112729656	-10.0126919285	108.211225244	-3933.96764973
91.9860701306	-36.1141345905	-9.51205832426	108.208109105	-3928.28005468
91.9913577832	-36.1155392927	-9.0114246155	108.204992749	-3933.67420193
91.9966456251	-36.1169437625	-8.51079080221	108.201876177	-3920.9615696
92.001933656	-36.1183479999	-8.01015688442	108.198759389	-3897.84167966
92.0072218761	-36.119752005	-7.50952286215	108.195642385	-3898.13302771
92.0125102853	-36.1211557776	-7.0088887354	108.192525164	-3918.01724229
92.0177988836	-36.1225593178	-6.50825450419	108.189407728	-3893.38156305
92.023087671	-36.1239626255	-6.00762016854	108.186290075	-3906.23860434
92.0283766474	-36.1253657007	-5.50698572847	108.183172206	-3908.62599298
92.0336658129	-36.1267685434	-5.00635118398	108.180054121	-3891.88753441
92.0389551675	-36.1281711536	-4.5057165351	108.17693582	-3927.07244211
92.0442447111	-36.1295735313	-4.00508178184	108.173817303	-3929.22849979
92.0495344437	-36.1309756764	-3.50444692422	108.17069857	-3951.66918366
92.0548243652	-36.1323775889	-3.00381196225	108.16757962	-3958.76436783
92.0601144758	-36.1337792689	-2.50317689595	108.164460456	-3939.07445445
92.0654047753	-36.1351807161	-2.00254172533	108.161341074	-3921.67313553
92.0706952638	-36.1365819308	-1.50190645041	108.158221477	-3911.43825969
92.0759859412	-36.1379829128	-1.0012710712	108.155101664	-3922.18290034
92.0812768076	-36.1393836621	-0.500635587728	108.151981636	-3965.30156883
92.0865678628	-36.1407841787	0	108.148861391	-3985.94001669
92.091859107	-36.1421844626	0.500635691967	108.14574093	-3948.79602108
92.09715054	-36.1435845137	1.00127148816	108.142620254	-3938.07008276
92.1024421619	-36.1449843321	1.50190738855	108.139499362	-3905.95216117
92.1077339726	-36.1463839177	2.00254339314	108.136378254	-3881.3782197
92.1130259721	-36.1477832704	2.5031795019	108.13325693	-3877.10444796
92.1183181605	-36.1491823904	3.00381571483	108.13013539	-3889.18125145
92.1236105377	-36.1505812775	3.50445203189	108.127013635	-3891.93935642
92.1289031037	-36.1519799317	4.00508845309	108.123891664	-3852.92655916
92.1341958584	-36.1533783531	4.5057249784	108.120769477	-3805.13851674
92.1394888019	-36.1547765415	5.0063616078	108.117647075	-3784.38355977
92.1447819341	-36.1561744971	5.50699834129	108.114524457	-3795.97258927
92.1500752551	-36.1575722196	6.00763517884	108.111401623	-3831.09299788
92.1553687647	-36.1589697093	6.50827212045	108.108278574	-3854.97349078
92.1606624631	-36.1603669659	7.00890916608	108.105155309	-3827.4218334
92.1659563502	-36.1617639895	7.50954631574	108.102031828	-3823.08250369
92.1712504259	-36.1631607801	8.0101835694	108.098908132	-3836.09047559
92.1765446902	-36.1645573376	8.51082092705	108.095784221	-3858.78023649
92.1818391432	-36.1659536621	9.01145838866	108.092660094	-3863.11974372
92.1871337849	-36.1673497535	9.51209595424	108.089535751	-3856.2499976
92.1924286151	-36.1687456117	10.0127336238	108.086411193	-3846.78870814
92.1977236339	-36.1701412369	10.5133713972	108.08328642	-3840.43340631
92.2030188413	-36.1715366289	11.0140092745	108.080161431	-3839.95375717
92.2083142373	-36.1729317877	11.5146472558	108.077036226	-3839.42151407
92.2136098218	-36.1743267133	12.0152853409	108.073910807	-3839.90188971
92.2189055948	-36.1757214058	12.5159235299	108.070785172	-3846.13374462
92.2242015564	-36.177115865	13.0165618227	108.067659321	-3863.50116201
92.2294977064	-36.1785100909	13.5172002194	108.064533255	-3854.89021269
92.2347940449	-36.1799040836	14.0178387198	108.061406975	-3840.39865823
92.2400905719	-36.181297843	14.5184773241	108.058280478	-3826.75748981
92.2453872874	-36.182691369	15.0191160322	108.055153767	-3817.28555182
92.2506841913	-36.1840846618	15.519754844	108.05202684	-3810.24037646
92.2559812836	-36.1854777212	16.0203937596	108.048899698	-3807.54717261
92.2612785643	-36.1868705472	16.5210327789	108.045772341	-3814.14092382
92.2665760334	-36.1882631398	17.0216719019	108.042644768	-3834.24324983
92.2718736909	-36.189655499	17.5223111286	108.03951698	-3846.38253821
92.2771715368	-36.1910476248	18.022950459	108.036388978	-3848.31983562
92.282469571	-36.1924395172	18.5235898931	108.03326076	-3825.20712676
92.2877677935	-36.193831176	19.0242294309	108.030132327	-3817.18896041
92.2930662044	-36.1952226014	19.5248690723	108.027003679	-3810.19326532
92.2983648036	-36.1966137932	20.0255088173	108.023874816	-3786.76944908
92.303663591	-36.1980047516	20.5261486659	108.020745738	-3763.30090087
92.3089625667	-36.1993954763	21.0267886182	108.017616445	-3757.32612954
92.3142617307	-36.2007859675	21.527428674	108.014486937	-3755.14005626
92.3195610829	-36.2021762251	22.0280688333	108.011357214	-3756.81799101
92.3248606233	-36.2035662491	22.5287090962	108.008227276	-3753.2096348
92.330160352	-36.2049560395	23.0293494627	108.005097123	-3750.95264605
92.3354602688	-36.2063455962	23.5299899326	108.001966755	-3749.77898742
92.3407603738	-36.2077349192	24.0306305061	107.998836172	-3750.1900544
92.346060667	-36.2091240085	24.531271183	107.995705375	-3757.45906301
92.3513611483	-36.2105128641	25.0319119634	107.992574362	-3765.90204022
