-24.9833634349 0.357443
-24.4836896861 0.349787
-23.9840162019 0.346735
-23.4843429823 0.347866
-22.9846700273 0.348745
-22.4849973369 0.346418
-21.9853249112 0.345692
-21.48565275 0.332525
-20.9859808534 0.306781
-20.4863092213 0.280872
-19.9866378539 0.263555
-19.4869667509 0.256162
-18.9872959126 0.234105
-18.4876253387 0.206836
-17.9879550294 0.17087
-17.4882849846 0.174646
-16.9886152043 0.198501
-16.4889456886 0.236429
-15.9892764373 0.269773
-15.4896074505 0.332911
-14.9899387282 0.37544
-14.4902702703 0.425939
-13.990602077 0.439946
-13.490934148 0.420208
-12.9912664836 0.374393
-12.4915990835 0.334944
-11.9919319479 0.313275
-11.4922650767 0.315155
-10.9925984699 0.316988
-10.4929321275 0.297164
-9.99326604957 0.24972
-9.49360023597 0.20924
-8.99393468676 0.17506
-8.49426940191 0.130051
-7.99460438143 0.0936374
-7.4949396253 0.0863543
-6.99527513351 0.0991109
-6.49561090606 0.107451
-5.99594694294 0.11842
-5.49628324414 0.124213
-4.99661980965 0.113987
-4.49695663946 0.102407
-3.99729373357 0.0975219
-3.49763109196 0.0951409
-2.99796871463 0.0742868
-2.49830660157 0.0607923
-1.99864475277 0.0599161
-1.49898316822 0.0650032
-0.999321847917 0.0770895
-0.499660791845 0.0833852
0 0.0924059
0.499660527627 0.106813
0.999320791046 0.112459
1.49898079026 0.0949343
1.99864052529 0.0450097
2.49829999613 0.0100206
2.9979592028 0
3.4976181453 0.0120385
3.99727682364 0.0610268
4.49693523784 0.132138
4.99659338789 0.203349
5.49625127381 0.272884
5.99590889561 0.322383
6.49556625329 0.383606
6.99522334687 0.47452
7.49488017635 0.547371
7.99453674174 0.610133
8.49419304304 0.667498
8.99384908028 0.726846
9.49350485346 0.76699
9.99316036258 0.769512
10.4928156077 0.745126
10.9924705887 0.689942
11.4921253057 0.630228
11.9917797587 0.591778
12.4914339477 0.540128
12.9910878726 0.485813
13.4907415336 0.441763
13.9903949306 0.413634
14.4900480636 0.403333
14.9897009327 0.392942
15.4893535378 0.35769
15.9890058789 0.335551
16.4886579561 0.3667
16.9883097694 0.399808
17.4879613188 0.410923
17.9876126042 0.441704
18.4872636257 0.450468
18.9869143833 0.440413
19.4865648771 0.438641
19.9862151069 0.398265
20.4858650729 0.368086
20.985514775 0.366036
21.4851642133 0.365059
21.9848133877 0.360607
22.4844622983 0.330687
22.9841109451 0.318023
23.483759328 0.316717
23.9834074472 0.322936
24.4830553025 0.336092
24.9827028941 0.367239
