-25.0397791769 0.217418
-24.5389838033 0.209708
-24.0381884208 0.207231
-23.5373930294 0.21405
-23.0365976292 0.22834
-22.5358022201 0.240397
-22.0350068023 0.248003
-21.5342113757 0.26476
-21.0334159403 0.25656
-20.5326204961 0.282644
-20.0318250433 0.309476
-19.5310295817 0.320427
-19.0302341114 0.263477
-18.5294386325 0.136688
-18.028643145 0.0475951
-17.5278476488 0.0301936
-17.027052144 0.00582919
-16.5262566306 0
-16.0254611086 0.0530389
-15.5246655781 0.10498
-15.0238700391 0.179417
-14.5230744916 0.224432
-14.0222789355 0.24832
-13.5214833711 0.296151
-13.0206877981 0.35281
-12.5198922167 0.343721
-12.0190966269 0.325972
-11.5183010288 0.290765
-11.0175054222 0.30258
-10.5167098073 0.297219
-10.0159141841 0.264099
-9.51511855254 0.215492
-9.0143229127 0.169369
-8.5135272646 0.143721
-8.01273160823 0.126343
-7.51193594364 0.104571
-7.01114027082 0.135438
-6.51034458982 0.255371
-6.00954890064 0.363627
-5.50875320331 0.487052
-5.00795749783 0.601075
-4.50716178425 0.618956
-4.00636606257 0.608471
-3.50557033281 0.575721
-3.00477459499 0.572319
-2.50397884914 0.575002
-2.00318309527 0.573939
-1.5023873334 0.572962
-1.00159156355 0.554465
-0.500795785744 0.52709
0 0.49732
0.500795793665 0.501548
1.00159159523 0.519631
1.50238740467 0.537986
2.00318322198 0.558525
2.50397904712 0.587096
3.00477488009 0.623166
3.50557072086 0.664054
4.00636656941 0.710594
4.50716242572 0.761766
5.00795828978 0.810033
5.50875416155 0.856908
6.00955004104 0.899367
6.5103459282 0.938565
7.01114182303 0.971187
7.5119377255 0.977235
8.0127336356 0.964812
8.5135295533 0.950783
9.01432547859 0.936855
9.51512141145 0.912696
10.0159173518 0.882129
10.5167132998 0.840787
11.0175092552 0.79931
11.5183052181 0.768835
12.0191011885 0.747671
12.5198971664 0.723509
13.0206931516 0.702451
13.5214891443 0.685732
14.0222851443 0.677641
14.5230811518 0.665194
15.0238771666 0.625225
15.5246731887 0.577754
16.0254692181 0.541018
16.5262652548 0.517976
17.0270612988 0.499272
17.52785735 0.482574
18.0286534085 0.464162
18.5294494742 0.441054
19.030245547 0.42377
19.5310416271 0.426206
20.0318377143 0.437327
20.5326338086 0.448945
21.03342991 0.44416
21.5342260186 0.429783
22.0350221342 0.411367
22.5358182569 0.391939
23.0366143866 0.374216
23.5374105233 0.389338
24.038206667 0.426531
24.5390028177 0.458788
25.0397989753 0.47891
