-24.9584459529 0.578491
-24.459269052 0.584777
-23.9600924772 0.596717
-23.4609162286 0.621011
-22.961740306 0.646053
-22.4625647094 0.683331
-21.9633894389 0.70564
-21.4642144944 0.68781
-20.9650398759 0.695395
-20.4658655834 0.696767
-19.9666916168 0.689287
-19.4675179762 0.701209
-18.9683446615 0.719362
-18.4691716726 0.720896
-17.9699990097 0.703682
-17.4708266726 0.686456
-16.9716546613 0.689584
-16.4724829759 0.725795
-15.9733116162 0.737194
-15.4741405823 0.749883
-14.9749698741 0.751782
-14.4757994917 0.744094
-13.976629435 0.742867
-13.477459704 0.824735
-12.9782902986 0.842889
-12.4791212189 0.842481
-11.9799524648 0.827909
-11.4807840363 0.806673
-10.9816159334 0.772733
-10.482448156 0.731957
-9.98328070425 0.694473
-9.48411357797 0.683097
-8.98494677719 0.713987
-8.48578030188 0.76866
-7.98661415204 0.787981
-7.48744832764 0.714479
-6.98828282865 0.621856
-6.48911765506 0.534529
-5.98995280685 0.562898
-5.49078828399 0.503092
-4.99162408646 0.405148
-4.49246021425 0.371595
-3.99329666733 0.330336
-3.49413344568 0.250432
-2.99497054929 0.172166
-2.49580797812 0.114866
-1.99664573216 0.0709032
-1.49748381139 0.0284157
-0.998322215787 0.00486941
-0.499160945331 0
0 0.0141465
0.499160620227 0.0510187
0.99832091537 0.093503
1.49748088545 0.127201
1.99664053049 0.133785
2.4957998505 0.0919418
2.99495884552 0.0540534
3.49411751556 0.0359004
3.99327586064 0.0563445
4.49243388078 0.159018
4.99159157601 0.339079
5.49074894634 0.548134
5.9899059918 0.641932
6.4890627124 0.652038
6.98821910817 0.62578
7.48737517913 0.618853
7.9865309253 0.585501
8.4856863467 0.525636
8.98484144335 0.487902
9.48399621528 0.481929
9.9831506625 0.45757
10.482304785 0.425224
10.9814585829 0.387736
11.4806120561 0.363716
11.9797652047 0.343531
12.4789180287 0.308983
12.9780705282 0.296727
13.477222703 0.340195
13.9763745534 0.396454
14.4755260792 0.447041
14.9746772805 0.486668
15.4738281573 0.516519
15.9729787097 0.536756
16.4721289377 0.551075
16.9712788412 0.561481
17.4704284204 0.567663
17.9695776752 0.570907
18.4687266056 0.571385
18.9678752118 0.570872
19.4670234936 0.568051
19.9661714511 0.563301
20.4653190844 0.558171
20.9644663934 0.553412
21.4636133782 0.548686
21.9627600388 0.543991
22.4619063752 0.538284
22.9610523875 0.53132
23.4601980757 0.524902
23.9593434397 0.51827
24.4584884796 0.512493
24.9576331955 0.507413
