-25.0330926892 nan
-24.5324344666 nan
-24.0317760955 nan
-23.531117576 nan
-23.030458908 nan
-22.5298000916 nan
-22.0291411268 nan
-21.5284820136 nan
-21.0278227521 nan
-20.5271633422 nan
-20.0265037839 nan
-19.5258440773 nan
-19.0251842224 nan
-18.5245242192 nan
-18.0238640678 nan
-17.523203768 nan
-17.0225433201 nan
-16.5218827239 nan
-16.0212219795 nan
-15.5205610869 nan
-15.0199000461 nan
-14.5192388571 nan
-14.01857752 nan
-13.5179160348 nan
-13.0172544015 nan
-12.51659262 nan
-12.0159306905 nan
-11.515268613 nan
-11.0146063873 nan
-10.5139440137 nan
-10.013281492 nan
-9.51261882229 nan
-9.01195600463 nan
-8.51129303899 nan
-8.01062992541 nan
-7.50996666389 nan
-7.00930325445 nan
-6.50863969711 nan
-6.00797599189 nan
-5.50731213879 nan
-5.00664813784 nan
-4.50598398905 nan
-4.00531969245 nan
-3.50465524804 nan
-3.00399065583 nan
-2.50332591586 nan
-2.00266102814 nan
-1.50199599267 nan
-1.00133080948 nan
-0.500665478585 nan
0 nan
0.500665626259 nan
1.00133140017 nan
1.50199732173 nan
2.00266339091 nan
2.5033296077 nan
3.00399597208 nan
3.50466248404 nan
4.00532914356 nan
4.50599595061 nan
5.0066629052 nan
5.50733000729 nan
6.00799725688 nan
6.50866465394 nan
7.00933219847 nan
7.50999989044 nan
8.01066772983 nan
8.51133571664 nan
9.01200385084 nan
9.51267213242 nan
10.0133405614 nan
10.5140091377 nan
11.0146778613 nan
11.5153467322 nan
12.0160157504 nan
12.5166849159 nan
13.0173542287 nan
13.5180236887 nan
14.018693296 nan
14.5193630504 nan
15.0200329521 nan
15.5207030009 nan
16.0213731969 nan
16.5220435401 nan
17.0227140304 nan
17.5233846677 nan
18.0240554522 nan
18.5247263838 nan
19.0253974625 nan
19.5260686882 nan
20.0267400609 nan
20.5274115806 nan
21.0280832474 nan
21.5287550611 nan
22.0294270218 nan
22.5300991294 nan
23.030771384 nan
23.5314437855 nan
24.0321163339 nan
24.5327890291 nan
25.0334618713 nan
