-24.9881978191 nan
-24.488426294 nan
-23.9886550778 nan
-23.4888841708 nan
-22.9891135727 nan
-22.4893432836 nan
-21.9895733035 nan
-21.4898036325 nan
-20.9900342704 nan
-20.4902652173 nan
-19.9904964731 nan
-19.490728038 nan
-18.9909599118 nan
-18.4911920945 nan
-17.9914245863 nan
-17.4916573869 nan
-16.9918904965 nan
-16.4921239151 nan
-15.9923576425 nan
-15.4925916789 nan
-14.9928260242 nan
-14.4930606785 nan
-13.9932956416 nan
-13.4935309136 nan
-12.9937664945 nan
-12.4940023844 nan
-11.994238583 nan
-11.4944750906 nan
-10.994711907 nan
-10.4949490323 nan
-9.99518646649 nan
-9.49542420949 nan
-8.99566226134 nan
-8.49590062202 nan
-7.99613929154 nan
-7.49637826988 nan
-6.99661755705 nan
-6.49685715302 nan
-5.99709705781 nan
-5.4973372714 nan
-4.99757779378 nan
-4.49781862495 nan
-3.99805976491 nan
-3.49830121364 nan
-2.99854297114 nan
-2.49878503741 nan
-1.99902741244 nan
-1.49927009622 nan
-0.999513088738 nan
-0.499756390002 nan
0 nan
0.499756081276 nan
0.99951185383 nan
1.49926731767 nan
1.9990224728 nan
2.49877731923 nan
2.99853185696 nan
3.49828608601 nan
3.99804000636 nan
4.49779361805 nan
4.99754692106 nan
5.49729991541 nan
5.9970526011 nan
6.49680497814 nan
6.99655704653 nan
7.49630880628 nan
7.9960602574 nan
8.4958113999 nan
8.99556223377 nan
9.49531275903 nan
9.99506297568 nan
10.4948128837 nan
10.9945624832 nan
11.4943117741 nan
11.9940607564 nan
12.4938094301 nan
12.9935577952 nan
13.4933058518 nan
13.9930535998 nan
14.4928010393 nan
14.9925481702 nan
15.4922949926 nan
15.9920415065 nan
16.4917877118 nan
16.9915336087 nan
17.491279197 nan
17.9910244768 nan
18.4907694481 nan
18.9905141109 nan
19.4902584653 nan
19.9900025111 nan
20.4897462485 nan
20.9894896774 nan
21.4892327979 nan
21.9889756099 nan
22.4887181135 nan
22.9884603086 nan
23.4882021953 nan
23.9879437736 nan
24.4876850435 nan
24.9874260049 nan
