-25.0119463193 0.00312118
-24.511711945 0
-24.0114773848 0.015021
-23.5112426387 0.0373359
-23.0110077067 0.0481244
-22.5107725888 0.0683793
-22.0105372851 0.165219
-21.5103017955 0.214342
-21.01006612 0.27735
-20.5098302587 0.343872
-20.0095942116 0.38552
-19.5093579786 0.37712
-19.0091215598 0.405004
-18.5088849552 0.440078
-18.0086481647 0.456373
-17.5084111884 0.445817
-17.0081740263 0.461968
-16.5079366784 0.436237
-16.0076991448 0.391131
-15.5074614253 0.340774
-15.00722352 0.28812
-14.506985429 0.268803
-14.0067471521 0.263507
-13.5065086895 0.294968
-13.0062700412 0.335646
-12.5060312071 0.367777
-12.0057921872 0.386471
-11.5055529816 0.433308
-11.0053135902 0.526824
-10.5050740132 0.623594
-10.0048342503 0.673872
-9.5045943018 0.632522
-9.00435416754 0.56897
-8.50411384758 0.516633
-8.00387334191 0.453608
-7.50363265053 0.41433
-7.00339177347 0.374846
-6.50315071072 0.330335
-6.00290946228 0.283632
-5.50266802817 0.232699
-5.00242640839 0.186333
-4.50218460294 0.145189
-4.00194261184 0.168755
-3.50170043508 0.166409
-3.00145807268 0.136575
-2.50121552463 0.095799
-2.00097279095 0.0634422
-1.50072987164 0.0515186
-1.00048676671 0.0480792
-0.500243476162 0.0403033
0 0.036505
0.500243661765 0.03275
1.00048750913 0.0316437
1.50073154209 0.0391945
2.00097576064 0.0626072
2.50122016477 0.105934
3.00146475447 0.138391
3.50170952974 0.171075
4.00195449058 0.206225
4.50219963698 0.239369
5.00244496893 0.269601
5.50269048642 0.269972
6.00293618946 0.291458
6.50318207802 0.320266
7.00342815212 0.34387
7.50367441174 0.366872
8.00392085687 0.382097
8.50416748752 0.383972
9.00441430367 0.381592
9.50466130531 0.390681
10.0049084925 0.399822
10.5051558651 0.412626
11.0054034232 0.425671
11.5056511668 0.431189
12.0058990958 0.438293
12.5061472103 0.443781
13.0063955103 0.450745
13.5066439957 0.434863
14.0068926666 0.417448
14.5071415229 0.402916
15.0073905646 0.399056
15.5076397918 0.393729
16.0078892043 0.381439
16.5081388023 0.375568
17.0083885857 0.36992
17.5086385545 0.368884
18.0088887087 0.354468
18.5091390483 0.354589
19.0093895733 0.351103
19.5096402836 0.348774
20.0098911793 0.358041
20.5101422604 0.371094
21.0103935268 0.347075
21.5106449786 0.325093
22.0108966158 0.286047
22.5111484383 0.26503
23.0114004461 0.252786
23.5116526392 0.260214
24.0119050177 0.259468
24.5121575815 0.262192
25.0124103306 0.255494
