-25.0318131013 0.304808
-24.5311794111 0.302147
-24.0305456157 0.286785
-23.5299117152 0.256625
-23.0292777094 0.211429
-22.5286435984 0.174623
-22.0280093823 0.140226
-21.527375061 0.108801
-21.0267406347 0.065741
-20.5261061031 0.0322105
-20.0254714665 0.0250869
-19.5248367248 0.0307427
-19.0242018781 0.0275275
-18.5235669263 0.0302518
-18.0229318694 0.0256979
-17.5222967075 0.0214053
-17.0216614406 0.0150274
-16.5210260688 0.0082523
-16.0203905919 0.00375562
-15.5197550101 0.00139967
-15.0191193234 0
-14.5184835317 0.00263759
-14.0178476351 0.00568336
-13.5172116336 0.0140818
-13.0165755273 0.016328
-12.515939316 0.0238375
-12.0153029999 0.0426638
-11.514666579 0.0508416
-11.0140300533 0.0523667
-10.5133934228 0.0501255
-10.0127566874 0.0409199
-9.51211984735 0.0343436
-9.01148290251 0.0219819
-8.51084585292 0.0114071
-8.01020869861 0.00905135
-7.50957143959 0.00876666
-7.00893407588 0.0315346
-6.50829660749 0.0553465
-6.00765903444 0.0699585
-5.50702135675 0.0845072
-5.00638357442 0.0972503
-4.50574568748 0.106634
-4.00510769595 0.0979597
-3.50446959983 0.0897645
-3.00383139914 0.0919048
-2.5031930939 0.104435
-2.00255468413 0.113867
-1.50191616984 0.120062
-1.00127755104 0.120711
-0.500638827757 0.108823
0 0.104488
0.500638932213 0.106399
1.00127796887 0.11038
1.50191710995 0.116469
2.00255635544 0.125847
2.50319570532 0.136632
3.00383515958 0.129574
3.50447471821 0.136437
4.00511438118 0.145155
4.50575414848 0.163907
5.0063940201 0.175294
5.50703399601 0.178259
6.00767407621 0.177118
6.50831426068 0.17179
7.00895454939 0.158506
7.50959494235 0.138518
8.01023543952 0.12014
8.5108760409 0.114462
9.01151674647 0.110819
9.51215755621 0.109464
10.0127984701 0.105621
10.5134394882 0.103374
11.0140806103 0.0976609
11.5147218366 0.0849523
12.015363167 0.0674434
12.5160046014 0.0452475
13.0166461399 0.0339222
13.5172877825 0.0302779
14.0179295291 0.0491292
14.5185713797 0.070321
15.0192133343 0.087051
15.5198553929 0.112723
16.0204975554 0.127904
16.5211398219 0.138712
17.0217821924 0.15026
17.5224246667 0.160361
18.023067245 0.158357
18.5237099271 0.156616
19.0243527132 0.160313
19.5249956031 0.182617
20.0256385968 0.210565
20.5262816943 0.225849
21.0269248957 0.230079
21.5275682008 0.235198
22.0282116098 0.212071
22.5288551225 0.184096
23.0294987389 0.170139
23.5301424591 0.169881
24.030786283 0.168242
24.5314302105 0.149928
25.0320742418 0.14628
