90.7871353681	-38.8301857695	-24.9982894583	324.688878369	NaN
90.7837991051	-38.8265163798	-24.4983168115	324.688878369	NaN
90.7804631861	-38.8228468952	-23.9983444446	324.69097017	NaN
90.7771276109	-38.8191773157	-23.4983723576	324.693061589	NaN
90.7737923794	-38.8155076415	-22.9984005505	324.695152627	NaN
90.7704574916	-38.8118378724	-22.4984290234	324.697243282	NaN
90.7671229474	-38.8081680085	-21.9984577761	324.699333556	NaN
90.7637887467	-38.8044980499	-21.4984868088	324.701423447	NaN
90.7604548895	-38.8008279965	-20.9985161214	324.703512958	NaN
90.7571213757	-38.7971578484	-20.4985457139	324.705602086	NaN
90.7537882053	-38.7934876056	-19.9985755863	324.707690833	NaN
90.750455378	-38.7898172681	-19.4986057387	324.709779198	NaN
90.747122894	-38.786146836	-18.9986361709	324.711867182	NaN
90.743790753	-38.7824763092	-18.4986668831	324.713954784	NaN
90.7404589551	-38.7788056878	-17.9986978751	324.716042005	NaN
90.7371275002	-38.7751349719	-17.4987291471	324.718128845	NaN
90.7337963881	-38.7714641613	-16.998760699	324.720215304	NaN
90.7304656189	-38.7677932563	-16.4987925307	324.722301381	NaN
90.7271351924	-38.7641222567	-15.9988246424	324.724387078	NaN
90.7238051086	-38.7604511626	-15.498857034	324.726472393	NaN
90.7204753674	-38.756779974	-14.9988897055	324.728557328	NaN
90.7171459687	-38.753108691	-14.4989226569	324.730641881	NaN
90.7138169125	-38.7494373135	-13.9989558882	324.732726054	NaN
90.7104881986	-38.7457658416	-13.4989893994	324.734809846	NaN
90.7071598271	-38.7420942754	-12.9990231905	324.736893258	NaN
90.7038317979	-38.7384226147	-12.4990572615	324.738976288	NaN
90.7005041108	-38.7347508598	-11.9990916124	324.741058939	NaN
90.6971767659	-38.7310790105	-11.4991262432	324.743141209	NaN
90.6938497629	-38.7274070669	-10.9991611538	324.745223098	NaN
90.6905231019	-38.723735029	-10.4991963444	324.747304607	NaN
90.6871967829	-38.7200628968	-9.99923181488	324.749385736	NaN
90.6838708056	-38.7163906705	-9.49926756524	324.751466485	NaN
90.6805451701	-38.7127183499	-8.99930359549	324.753546853	NaN
90.6772198763	-38.7090459351	-8.49933990563	324.755626841	NaN
90.6738949241	-38.7053734262	-7.99937649566	324.75770645	NaN
90.6705703134	-38.7017008231	-7.49941336557	324.759785678	NaN
90.6672460442	-38.6980281259	-6.99945051537	324.761864527	NaN
90.6639221163	-38.6943553345	-6.49948794506	324.763942996	NaN
90.6605985298	-38.6906824491	-5.99952565463	324.766021085	NaN
90.6572752846	-38.6870094697	-5.49956364408	324.768098794	NaN
90.6539523805	-38.6833363962	-4.99960191342	324.770176124	NaN
90.6506298176	-38.6796632287	-4.49964046263	324.772253074	NaN
90.6473075956	-38.6759899672	-3.99967929173	324.774329645	NaN
90.6439857147	-38.6723166117	-3.4997184007	324.776405836	NaN
90.6406641746	-38.6686431623	-2.99975778955	324.778481648	NaN
90.6373429754	-38.664969619	-2.49979745828	324.780557081	NaN
90.6340221169	-38.6612959817	-1.99983740687	324.782632134	NaN
90.6307015991	-38.6576222506	-1.49987763535	324.784706809	NaN
90.6273814219	-38.6539484256	-0.999918143696	324.786781104	NaN
90.6240615853	-38.6502745068	-0.499958931914	324.78885502	NaN
90.6207420891	-38.6466004941	0	324.790928557	NaN
90.6174229333	-38.6429263877	0.499958652044	324.793001716	NaN
90.6141041179	-38.6392521874	0.999917024221	324.795074495	NaN
90.6107856427	-38.6355778935	1.49987511653	324.797146896	NaN
90.6074675077	-38.6319035058	1.99983292898	324.799218918	NaN
90.6041497128	-38.6282290244	2.49979046156	324.801290561	NaN
90.600832258	-38.6245544493	2.99974771428	324.803361826	NaN
90.5975151431	-38.6208797805	3.49970468713	324.805432713	NaN
90.5941983681	-38.6172050182	3.99966138013	324.807503221	NaN
90.590881933	-38.6135301621	4.49961779327	324.80957335	NaN
90.5875658376	-38.6098552125	4.99957392655	324.811643102	NaN
90.5842500819	-38.6061801694	5.49952977998	324.813712475	NaN
90.5809346658	-38.6025050326	5.99948535355	324.81578147	NaN
90.5776195893	-38.5988298023	6.49944064726	324.817850087	NaN
90.5743048523	-38.5951544786	6.99939566113	324.819918325	NaN
90.5709904546	-38.5914790613	7.49935039514	324.821986186	NaN
90.5676763963	-38.5878035506	7.9993048493	324.824053669	NaN
90.5643626773	-38.5841279464	8.49925902362	324.826120774	NaN
90.5610492975	-38.5804522488	8.99921291809	324.828187501	NaN
90.5577362568	-38.5767764578	9.49916653271	324.830253851	NaN
90.5544235551	-38.5731005734	9.99911986748	324.832319823	NaN
90.5511111924	-38.5694245957	10.4990729224	324.834385417	NaN
90.5477991686	-38.5657485246	10.9990256975	324.836450634	NaN
90.5444874837	-38.5620723602	11.4989781928	324.838515474	NaN
90.5411761376	-38.5583961026	11.9989304082	324.840579935	NaN
90.5378651301	-38.5547197516	12.4988823438	324.84264402	NaN
90.5345544613	-38.5510433074	12.9988339995	324.844707728	NaN
90.531244131	-38.54736677	13.4987853754	324.846771058	NaN
90.5279341392	-38.5436901394	13.9987364715	324.848834011	NaN
90.5246244859	-38.5400134156	14.4986872877	324.850896587	NaN
90.5213151708	-38.5363365986	14.9986378241	324.852958786	NaN
90.5180061941	-38.5326596885	15.4985880807	324.855020608	NaN
90.5146975556	-38.5289826853	15.9985380575	324.857082054	NaN
90.5113892552	-38.525305589	16.4984877544	324.859143122	NaN
90.5080812928	-38.5216283996	16.9984371715	324.861203814	NaN
90.5047736685	-38.5179511172	17.4983863088	324.863264129	NaN
90.5014663821	-38.5142737417	17.9983351662	324.865324068	NaN
90.4981594335	-38.5105962732	18.4982837438	324.86738363	NaN
90.4948528227	-38.5069187117	18.9982320417	324.869442815	NaN
90.4915465496	-38.5032410573	19.4981800597	324.871501625	NaN
90.4882406142	-38.4995633099	19.9981277978	324.873560057	NaN
90.4849350163	-38.4958854697	20.4980752562	324.875618114	NaN
90.481629756	-38.4922075365	20.9980224348	324.877675794	NaN
90.478324833	-38.4885295104	21.4979693335	324.879733098	NaN
90.4750202475	-38.4848513915	21.9979159524	324.881790026	NaN
90.4717159992	-38.4811731797	22.4978622916	324.883846578	NaN
90.4684120881	-38.4774948751	22.9978083509	324.885902754	NaN
90.4651085142	-38.4738164778	23.4977541304	324.887958555	NaN
90.4618052774	-38.4701379876	23.9976996301	324.890013979	NaN
90.4585023776	-38.4664594048	24.49764485	324.892069028	NaN
90.4551998147	-38.4627807292	24.9975897901	324.894123701	NaN
