-24.9806121532 nan
-24.4809918467 nan
-23.9813718694 nan
-23.4817522214 nan
-22.9821329027 nan
-22.4825139132 nan
-21.9828952529 nan
-21.4832769219 nan
-20.9836589201 nan
-20.4840412474 nan
-19.984423904 nan
-19.4848068898 nan
-18.9851902048 nan
-18.4855738489 nan
-17.9859578222 nan
-17.4863421247 nan
-16.9867267563 nan
-16.487111717 nan
-15.9874970069 nan
-15.4878826258 nan
-14.9882685739 nan
-14.4886548511 nan
-13.9890414573 nan
-13.4894283926 nan
-12.989815657 nan
-12.4902032504 nan
-11.9905911729 nan
-11.4909794244 nan
-10.991368005 nan
-10.4917569145 nan
-9.99214615308 nan
-9.49253572063 nan
-8.99292561717 nan
-8.49331584268 nan
-7.99370639716 nan
-7.49409728059 nan
-6.99448849297 nan
-6.49488003428 nan
-5.99527190452 nan
-5.49566410368 nan
-4.99605663174 nan
-4.4964494887 nan
-3.99684267454 nan
-3.49723618926 nan
-2.99763003285 nan
-2.49802420529 nan
-1.99841870658 nan
-1.49881353671 nan
-0.999208695659 nan
-0.499604183425 nan
0 nan
0.499603854631 nan
0.999207380474 nan
1.49881057754 nan
1.99841344585 nan
2.49801598539 nan
2.99761819619 nan
3.49722007825 nan
3.99682163159 nan
4.49642285621 nan
4.99602375213 nan
5.49562431935 nan
5.99522455789 nan
6.49482446775 nan
6.99442404894 nan
7.49402330148 nan
7.99362222538 nan
8.49322082064 nan
8.99281908727 nan
9.4924170253 nan
9.99201463471 nan
10.4916119155 nan
10.9912088678 nan
11.4908054914 nan
11.9904017865 nan
12.4899977531 nan
12.9895933911 nan
13.4891887006 nan
13.9887836815 nan
14.488378334 nan
14.9879726579 nan
15.4875666533 nan
15.9871603203 nan
16.4867536588 nan
16.9863466688 nan
17.4859393504 nan
17.9855317035 nan
18.4851237282 nan
18.9847154245 nan
19.4843067924 nan
19.9838978319 nan
20.483488543 nan
20.9830789257 nan
21.48266898 nan
21.982258706 nan
22.4818481036 nan
22.981437173 nan
23.4810259139 nan
23.9806143266 nan
24.4802024109 nan
24.979790167 nan
