-24.9584464061 0.773221
-24.4592694961 0.757879
-23.9600929122 0.739108
-23.4609166544 0.734434
-22.9617407227 0.762687
-22.462565117 0.786711
-21.9633898374 0.793093
-21.4642148838 0.798615
-20.9650402562 0.790605
-20.4658659546 0.777061
-19.9666919789 0.746037
-19.4675183292 0.758263
-18.9683450054 0.788573
-18.4691720075 0.803206
-17.9699993354 0.780614
-17.4708269893 0.755593
-16.9716549689 0.751357
-16.4724832744 0.79354
-15.9733119056 0.85026
-15.4741408626 0.878566
-14.9749701454 0.877871
-14.4757997539 0.8868
-13.9766296881 0.888245
-13.477459948 0.883202
-12.9782905336 0.866545
-12.4791214448 0.852597
-11.9799526817 0.83804
-11.4807842441 0.824234
-10.9816161321 0.796249
-10.4824483457 0.769819
-9.98328088488 0.731809
-9.48411374955 0.694508
-8.98494693972 0.679084
-8.48578045538 0.666461
-7.98661429649 0.652209
-7.48744846304 0.649348
-6.98828295501 0.6442
-6.48911777238 0.623136
-5.98995291513 0.575309
-5.49078838324 0.545021
-4.99162417668 0.516342
-4.49246029543 0.481681
-3.99329673949 0.370506
-3.49413350881 0.273621
-2.99497060339 0.2127
-2.4958080232 0.201757
-1.99664576822 0.233573
-1.49748383843 0.224931
-0.998322233814 0.178523
-0.499160954343 0.166976
0 0.184104
0.499160629237 0.201533
0.998320933387 0.136241
1.49748091247 0.0716372
1.99664056651 0.0201977
2.49579989553 0
2.99495889955 0.0366972
3.49411757858 0.156197
3.99327593266 0.329477
4.49243396179 0.467092
4.99159166601 0.535268
5.49074904533 0.550347
5.98990609977 0.563419
6.48906282936 0.645324
6.98821923411 0.718641
7.48737531405 0.696633
7.9865310692 0.703744
8.48568649958 0.671572
8.9848416052 0.632575
9.4839963861 0.594023
9.98315084229 0.528642
10.4823049738 0.527223
10.9814587806 0.567971
11.4806122628 0.619339
11.9797654204 0.66571
12.4789182533 0.71214
12.9780707617 0.746483
13.4772229456 0.792308
13.9763748048 0.827602
14.4755263396 0.806463
14.9746775499 0.766082
15.4738284357 0.750104
15.972978997 0.752005
16.4721292339 0.770162
16.9712791464 0.762935
17.4704287345 0.742543
17.9695779982 0.709323
18.4687269376 0.666709
18.9678755526 0.62469
19.4670238434 0.587106
19.9661718098 0.55889
20.465319452 0.537328
20.96446677 0.520281
21.4636137637 0.506241
21.9627604332 0.495071
22.4619067786 0.485853
22.9610527998 0.479753
23.4601984968 0.474058
23.9593438698 0.469102
24.4584889186 0.466627
24.9576336434 0.466351
