-25.0394400535 0.314532
-24.5386514614 0.288954
-24.0378628604 0.31226
-23.5370742506 0.331297
-23.036285632 0.341447
-22.5354970046 0.337697
-22.0347083685 0.31936
-21.5339197236 0.265666
-21.03313107 0.223595
-20.5323424077 0.196004
-20.0315537367 0.188603
-19.5307650571 0.193575
-19.0299763688 0.204965
-18.5291876718 0.204321
-18.0283989663 0.192802
-17.5276102522 0.178302
-17.0268215295 0.158061
-16.5260327983 0.133788
-16.0252440585 0.113129
-15.5244553103 0.109567
-15.0236665535 0.0879044
-14.5228777883 0.0485112
-14.0220890146 0.0331929
-13.5213002325 0.0433488
-13.020511442 0.051531
-12.5197226431 0.0544383
-12.0189338358 0.0452344
-11.5181450202 0.029733
-11.0173561962 0.0184392
-10.5165673639 0.00904843
-10.0157785233 0.00672257
-9.51498967449 0.000846079
-9.01420081738 0
-8.51341195204 0.00387242
-8.01262307848 0.00411158
-7.51183419673 0.0010793
-7.01104530679 0.000258192
-6.5102564087 0.00502108
-6.00946750247 0.00618395
-5.50867858813 0.00836141
-5.00788966568 0.0147475
-4.50710073515 0.0189963
-4.00631179656 0.0245815
-3.50552284993 0.0331317
-3.00473389528 0.0424735
-2.50394493262 0.0567285
-2.00315596199 0.0646349
-1.50236698339 0.0720061
-1.00157799684 0.0817272
-0.500789002373 0.0969272
0 0.111578
0.500789010259 0.122928
1.00157802838 0.138373
1.50236705435 0.15035
2.00315608815 0.161747
2.50394512976 0.172449
3.00473417915 0.181154
3.50552323632 0.190302
4.00631230123 0.199631
4.50710137387 0.224941
5.00789045422 0.251258
5.50867954226 0.258051
6.00946863797 0.26343
6.51025774134 0.270734
7.01104685233 0.285419
7.51183597094 0.298913
8.01262509715 0.303469
8.51341423092 0.294541
9.01420337225 0.296962
9.51499252112 0.309594
10.0157816775 0.313649
10.5165708414 0.309589
11.0173600127 0.301314
11.5181491915 0.292656
12.0189383778 0.290957
12.5197275714 0.299926
13.0205167725 0.307165
13.521305981 0.310765
14.0220951968 0.285649
14.5228844199 0.259432
15.0236736504 0.250702
15.5244628881 0.246449
16.0252521332 0.240897
16.5260413855 0.26059
17.026830645 0.290271
17.5276199118 0.325052
18.0284091858 0.338635
18.5291984669 0.350933
19.0299877553 0.363792
19.5307770507 0.365132
20.0315663533 0.409386
20.532355663 0.417527
21.0331449798 0.431306
21.5339343037 0.451414
22.0347236346 0.467453
22.5355129725 0.473129
23.0363023174 0.471324
23.5370916694 0.465786
24.0378810283 0.464727
24.5386703941 0.472536
25.0394597669 0.487383
