-24.9818781567 nan
-24.4822326993 nan
-23.9825875641 nan
-23.4829427514 nan
-22.983298261 nan
-22.4836540929 nan
-21.9840102471 nan
-21.4843667237 nan
-20.9847235226 nan
-20.4850806438 nan
-19.9854380872 nan
-19.485795853 nan
-18.986153941 nan
-18.4865123513 nan
-17.9868710838 nan
-17.4872301386 nan
-16.9875895156 nan
-16.4879492149 nan
-15.9883092364 nan
-15.4886695801 nan
-14.9890302459 nan
-14.489391234 nan
-13.9897525443 nan
-13.4901141767 nan
-12.9904761313 nan
-12.490838408 nan
-11.9912010069 nan
-11.491563928 nan
-10.9919271711 nan
-10.4922907364 nan
-9.99265462377 nan
-9.49301883325 nan
-8.99338336483 nan
-8.49374821848 nan
-7.99411339421 nan
-7.49447889199 nan
-6.99484471183 nan
-6.49521085372 nan
-5.99557731764 nan
-5.49594410359 nan
-4.99631121155 nan
-4.49667864152 nan
-3.99704639348 nan
-3.49741446744 nan
-2.99778286337 nan
-2.49815158127 nan
-1.99852062113 nan
-1.49888998295 nan
-0.999259666702 nan
-0.49962967239 nan
0 nan
0.499629350477 nan
0.99925837905 nan
1.49888708573 nan
1.99851547052 nan
2.49814353344 nan
2.99777127449 nan
3.49739869368 nan
3.99702579103 nan
4.49665256654 nan
4.99627902022 nan
5.49590515208 nan
5.99553096213 nan
6.49515645038 nan
6.99478161684 nan
7.49440646152 nan
7.99403098442 nan
8.49365518557 nan
8.99327906496 nan
9.49290262261 nan
9.99252585852 nan
10.4921487727 nan
10.9917713652 nan
11.491393636 nan
11.991015585 nan
12.4906372124 nan
12.9902585181 nan
13.4898795022 nan
13.9895001646 nan
14.4891205053 nan
14.9887405244 nan
15.4883602219 nan
15.9879795978 nan
16.487598652 nan
16.9872173847 nan
17.4868357957 nan
17.9864538852 nan
18.4860716531 nan
18.9856890994 nan
19.4853062242 nan
19.9849230275 nan
20.4845395092 nan
20.9841556694 nan
21.4837715081 nan
21.9833870253 nan
22.483002221 nan
22.9826170952 nan
23.4822316479 nan
23.9818458792 nan
24.481459789 nan
24.9810733774 nan
