-24.9804955897 nan
-24.4808776253 nan
-23.9812599897 nan
-23.4816426829 nan
-22.9820257049 nan
-22.4824090558 nan
-21.9827927355 nan
-21.4831767439 nan
-20.9835610811 nan
-20.4839457471 nan
-19.9843307418 nan
-19.4847160653 nan
-18.9851017176 nan
-18.4854876985 nan
-17.9858740082 nan
-17.4862606466 nan
-16.9866476137 nan
-16.4870349094 nan
-15.9874225339 nan
-15.487810487 nan
-14.9881987688 nan
-14.4885873792 nan
-13.9889763183 nan
-13.489365586 nan
-12.9897551823 nan
-12.4901451072 nan
-11.9905353608 nan
-11.4909259429 nan
-10.9913168536 nan
-10.4917080929 nan
-9.99209966072 nan
-9.49249155711 nan
-8.99288378204 nan
-8.4932763355 nan
-7.99366921748 nan
-7.49406242798 nan
-6.99445596697 nan
-6.49484983446 nan
-5.99524403043 nan
-5.49563855487 nan
-4.99603340778 nan
-4.49642858913 nan
-3.99682409893 nan
-3.49721993716 nan
-2.99761610381 nan
-2.49801259887 nan
-1.99840942233 nan
-1.49880657419 nan
-0.999204054423 nan
-0.499601863031 nan
0 nan
0.499601534679 nan
0.999202741017 nan
1.49880361902 nan
1.99840416871 nan
2.49800439009 nan
2.99760428316 nan
3.49720384794 nan
3.99680308445 nan
4.49640199268 nan
4.99600057265 nan
5.49559882437 nan
5.99519674785 nan
6.49479434311 nan
6.99439161014 nan
7.49398854896 nan
7.99358515959 nan
8.49318144202 nan
8.99277739628 nan
9.49237302237 nan
9.99196832029 nan
10.4915632901 nan
10.9911579317 nan
11.4907522452 nan
11.9903462306 nan
12.4899398879 nan
12.9895332171 nan
13.4891262182 nan
13.9887188913 nan
14.4883112362 nan
14.9879032531 nan
15.487494942 nan
15.9870863028 nan
16.4866773356 nan
16.9862680404 nan
17.4858584172 nan
17.985448466 nan
18.4850381868 nan
18.9846275796 nan
19.4842166445 nan
19.9838053814 nan
20.4833937904 nan
20.9829818715 nan
21.4825696246 nan
21.9821570498 nan
22.4817441471 nan
22.9813309166 nan
23.4809173581 nan
23.9805034718 nan
24.4800892576 nan
24.9796747156 nan
