91.7277512759	-37.1124377314	-25.0314740497	69.106785711	-3957.43389515
91.7330191071	-37.1108340032	-24.5308416075	69.106785711	-3970.32662345
91.7382867151	-37.109230042	-24.0302092858	69.10360726	-3992.32347747
91.7435541	-37.1076258479	-23.5295770848	69.1004290613	-4011.34987013
91.7488212618	-37.1060214207	-23.0289450044	69.0972511145	-4027.00059057
91.7540882004	-37.1044167606	-22.5283130447	69.0940734203	-4042.31319129
91.7593549158	-37.1028118675	-22.0276812057	69.0908959781	-4048.51819972
91.7646214081	-37.1012067415	-21.5270494874	69.0877187885	-4051.83265112
91.7698876771	-37.0996013826	-21.0264178898	69.084541851	-4057.86919347
91.775153723	-37.0979957909	-20.5257864129	69.0813651656	-4068.27615951
91.7804195457	-37.0963899663	-20.0251550568	69.0781887328	-4085.83725772
91.7856851451	-37.0947839089	-19.5245238214	69.0750125524	-4116.18332737
91.7909505213	-37.0931776187	-19.0238927068	69.0718366241	-4094.42419142
91.7962156743	-37.0915710958	-18.523261713	69.0686609484	-4047.97395199
91.8014806041	-37.08996434	-18.02263084	69.065485525	-4001.2480789
91.8067453105	-37.0883573516	-17.5220000878	69.0623103538	-3964.9691586
91.8120097937	-37.0867501305	-17.0213694565	69.0591354355	-3937.1802416
91.8172740537	-37.0851426766	-16.520738946	69.0559607693	-3906.72128997
91.8225380903	-37.0835349902	-16.0201085564	69.0527863555	-3875.67318338
91.8278019037	-37.081927071	-15.5194782877	69.0496121944	-3852.37521709
91.8330654937	-37.0803189193	-15.0188481398	69.0464382857	-3838.83308132
91.8383288604	-37.078710535	-14.5182181129	69.0432646293	-3828.0238722
91.8435920038	-37.0771019182	-14.0175882069	69.0400912256	-3818.3468217
91.8488549239	-37.0754930687	-13.5169584219	69.0369180744	-3805.68114545
91.8541176206	-37.0738839868	-13.0163287578	69.0337451758	-3804.74446767
91.859380094	-37.0722746724	-12.5156992147	69.0305725297	-3804.22214963
91.864642344	-37.0706651255	-12.0150697926	69.0274001362	-3792.30013179
91.8699043706	-37.0690553462	-11.5144404915	69.0242279952	-3783.32440443
91.8751661739	-37.0674453345	-11.0138113114	69.021056107	-3778.43555011
91.8804277537	-37.0658350903	-10.5131822524	69.0178844714	-3767.10367929
91.8856891102	-37.0642246138	-10.0125533144	69.014713088	-3752.30616258
91.8909502432	-37.0626139049	-9.51192449747	69.0115419577	-3736.480336
91.8962111528	-37.0610029638	-9.01129580164	69.0083710801	-3726.34796453
91.901471839	-37.0593917903	-8.51066722691	69.005200455	-3713.72687659
91.9067323018	-37.0577803845	-8.0100387733	69.0020300825	-3690.91462402
91.9119925411	-37.0561687464	-7.50941044082	68.9988599628	-3669.00421095
91.9172525569	-37.0545568762	-7.00878222949	68.9956900959	-3652.57091724
91.9225123492	-37.0529447737	-6.50815413932	68.9925204819	-3650.68538203
91.9277719181	-37.051332439	-6.00752617033	68.9893511204	-3661.39877262
91.9330312635	-37.0497198722	-5.50689832254	68.9861820116	-3665.25501051
91.9382903854	-37.0481070732	-5.00627059595	68.9830131558	-3657.8522734
91.9435492838	-37.0464940421	-4.50564299059	68.9798445529	-3639.39747165
91.9488079586	-37.044880779	-4.00501550647	68.9766762025	-3576.0159837
91.9540664099	-37.0432672837	-3.5043881436	68.9735081052	-3509.61483544
91.9593246377	-37.0416535564	-3.00376090201	68.9703402605	-3496.68797052
91.964582642	-37.0400395971	-2.5031337817	68.967172669	-3482.81687474
91.9698404227	-37.0384254058	-2.00250678269	68.9640053302	-3486.2274763
91.9750979798	-37.0368109825	-1.50187990501	68.9608382442	-3502.34449452
91.9803553133	-37.0351963273	-1.00125314865	68.9576714111	-3551.3480801
91.9856124233	-37.0335814401	-0.500626513644	68.9545048312	-3628.46966968
91.9908693096	-37.031966321	0	68.951338504	-3794.36408583
91.9961259724	-37.0303509701	0.500626392264	68.9481724299	-3946.9390881
92.0013824115	-37.0287353873	1.00125266313	68.9450066086	-4035.89615545
92.0066386271	-37.0271195726	1.50187881259	68.9418410405	-4065.78241851
92.0118946189	-37.0255035261	2.00250484063	68.9386757252	-4056.24521523
92.0171503872	-37.0238872479	2.50313074722	68.935510663	-4042.57109342
92.0224059318	-37.0222707379	3.00375653236	68.932345854	-4044.11086638
92.0276612527	-37.0206539961	3.50438219602	68.9291812977	-4045.12900607
92.03291635	-37.0190370227	4.0050077382	68.9260169947	-4023.10985874
92.0381712235	-37.0174198175	4.50563315888	68.9228529447	-3997.89615805
92.0434258734	-37.0158023807	5.00625845803	68.919689148	-3921.51681795
92.0486802996	-37.0141847122	5.50688363566	68.9165256041	-3872.2627826
92.0539345021	-37.0125668121	6.00750869173	68.9133623136	-3831.68779744
92.0591884809	-37.0109486804	6.50813362624	68.9101992758	-3799.09212817
92.0644422359	-37.0093303171	7.00875843918	68.9070364916	-3756.56186283
92.0696957672	-37.0077117222	7.50938313052	68.9038739604	-3708.88899683
92.0749490748	-37.0060928959	8.01000770024	68.9007116824	-3657.13474938
92.0802021586	-37.004473838	8.51063214835	68.8975496577	-3618.13174292
92.0854550186	-37.0028545486	9.01125647481	68.8943878858	-3599.10275537
92.0907076549	-37.0012350278	9.51188067961	68.8912263677	-3570.15432863
92.0959600673	-36.9996152756	10.0125047627	68.8880651027	-3565.01337208
92.101212256	-36.9979952919	10.5131287242	68.8849040906	-3572.31590288
92.1064642209	-36.9963750769	11.0137525639	68.881743332	-3582.76036809
92.111715962	-36.9947546305	11.514376282	68.8785828269	-3595.14465227
92.1169674792	-36.9931339527	12.0149998783	68.8754225747	-3595.51629986
92.1222187727	-36.9915130436	12.5156233528	68.872262576	-3575.61596403
92.1274698423	-36.9898919032	13.0162467056	68.8691028306	-3552.04806225
92.132720688	-36.9882705316	13.5168699366	68.8659433387	-3584.19904663
92.1379713099	-36.9866489287	14.0174930458	68.8627841002	-3592.07487496
92.1432217079	-36.9850270946	14.5181160332	68.8596251146	-3571.94844343
92.148471882	-36.9834050293	15.0187388988	68.8564663831	-3579.35306713
92.1537218323	-36.9817827328	15.5193616425	68.8533079044	-3606.68614551
92.1589715587	-36.9801602051	16.0199842644	68.8501496793	-3614.54736149
92.1642210611	-36.9785374464	16.5206067644	68.8469917078	-3647.86046487
92.1694703397	-36.9769144565	17.0212291425	68.8438339895	-3698.40809171
92.1747193943	-36.9752912355	17.5218513987	68.840676525	-3736.30091786
92.179968225	-36.9736677835	18.022473533	68.8375193137	-3771.04019179
92.1852168318	-36.9720441004	18.5230955454	68.834362356	-3785.90772602
92.1904652146	-36.9704201863	19.0237174358	68.8312056518	-3777.013653
92.1957133734	-36.9687960413	19.5243392042	68.8280492011	-3796.03141718
92.2009613083	-36.9671716652	20.0249608507	68.824893004	-3793.24964567
92.2062090192	-36.9655470582	20.5255823752	68.8217370604	-3822.49924228
92.2114565061	-36.9639222203	21.0262037777	68.8185813705	-3858.54727505
92.2167037691	-36.9622971515	21.5268250581	68.8154259341	-3903.5376002
92.221950808	-36.9606718519	22.0274462166	68.8122707511	-3963.66239559
92.2271976229	-36.9590463214	22.5280672529	68.8091158219	-3999.53109082
92.2324442138	-36.95742056	23.0286881672	68.8059611464	-3983.84056915
92.2376905807	-36.9557945679	23.5293089594	68.8028067244	-4009.39727989
92.2429367235	-36.954168345	24.0299296295	68.799652556	-4010.43595078
92.2481826423	-36.9525418913	24.5305501775	68.7964986416	-4036.02353106
92.253428337	-36.9509152069	25.0311706033	68.7933449806	-4036.83514677
