-25.039507825 0.13911
-24.5387178776 0.156887
-24.0379279214 0.153321
-23.5371379563 0.12119
-23.0363479825 0.0905359
-22.5355579998 0.0792684
-22.0347680084 0.108974
-21.5339780083 0.152274
-21.0331879994 0.181763
-20.5323979818 0.204377
-20.0316079555 0.217165
-19.5308179205 0.223807
-19.0300278769 0.227115
-18.5292378246 0.236783
-18.0284477637 0.247639
-17.5276576943 0.249387
-17.0268676162 0.255357
-16.5260775296 0.250895
-16.0252874345 0.236155
-15.5244973309 0.222373
-15.0237072187 0.200443
-14.5229170981 0.180245
-14.022126969 0.165048
-13.5213368315 0.134364
-13.0205466855 0.0686965
-12.5197565312 0.0334442
-12.0189663685 0.0228487
-11.5181761974 0.0360299
-11.017386018 0.061892
-10.5165958303 0.06659
-10.0158056342 0.0350776
-9.51501542989 0.0137257
-9.0142252173 0
-8.51343499647 0.0030514
-8.01264476741 0.0351292
-7.51185453015 0.0737705
-7.01106428471 0.0839867
-6.5102740311 0.0820002
-6.00948376934 0.0843474
-5.50869349946 0.0881732
-5.00790322147 0.0987934
-4.50711293539 0.11692
-4.00632264125 0.129309
-3.50553233906 0.158366
-3.00474202884 0.174607
-2.50395171061 0.172907
-2.00316138439 0.18279
-1.5023710502 0.181886
-1.00158070806 0.178964
-0.500790357983 0.177259
0 0.175363
0.500790365876 0.174754
1.00158073963 0.181352
1.50237112123 0.183563
2.00316151066 0.184293
2.50395190791 0.183225
3.00474231296 0.184553
3.50553272578 0.187687
4.00632314635 0.188358
4.50711357466 0.190871
5.00790401069 0.190137
5.50869445442 0.180116
6.00948490582 0.176223
6.51027536488 0.176707
7.01106583158 0.17791
7.5118563059 0.183898
8.01264678782 0.187373
8.51343727731 0.194844
9.01422777437 0.206658
9.51501827897 0.211723
10.0158087911 0.215785
10.5165993107 0.220341
11.0173898378 0.2303
11.5181803724 0.260056
12.0189709144 0.289584
12.5197614638 0.304302
13.0205520207 0.306801
13.5213425849 0.308936
14.0221331565 0.309602
14.5229237354 0.291835
15.0237143217 0.274316
15.5245049153 0.273056
16.0252955161 0.271594
16.5260861242 0.280481
17.0268767396 0.277336
17.5276673622 0.288541
18.028457992 0.300164
18.529248629 0.307971
19.0300392732 0.311795
19.5308299245 0.323699
20.031620583 0.321629
20.5324112485 0.325982
21.0332019212 0.334342
21.5339926009 0.344342
22.0347832877 0.354916
22.5355739815 0.359413
23.0363646823 0.363643
23.5371553902 0.371495
24.037946105 0.390017
24.5387368267 0.40544
25.0395275554 0.414556
