-25.0116285075 0.345677
-24.511400469 0.349657
-24.0111722456 0.355688
-23.510943837 0.363356
-23.0107152435 0.375466
-22.5104864648 0.395009
-22.0102575012 0.428643
-21.5100283525 0.483946
-21.0097990188 0.554162
-20.5095695001 0.558971
-20.0093397963 0.5855
-19.5091099076 0.634914
-19.0088798338 0.629228
-18.5086495751 0.61106
-18.0084191313 0.595234
-17.5081885026 0.60669
-17.0079576889 0.641982
-16.5077266902 0.653413
-16.0074955066 0.640276
-15.5072641379 0.627727
-15.0070325844 0.623752
-14.5068008459 0.643679
-14.0065689224 0.677651
-13.506336814 0.730729
-13.0061045206 0.799861
-12.5058720424 0.897952
-12.0056393792 1.0017
-11.505406531 1.10396
-11.005173498 1.21388
-10.5049402801 1.32378
-10.0047068772 1.40954
-9.50447328951 1.31752
-9.00423951688 1.11431
-8.50400555938 0.871426
-8.00377141699 0.541777
-7.50353708973 0.216936
-7.00330257761 0.0212011
-6.50306788062 0
-6.00283299878 0.0212473
-5.50259793209 0.0445576
-5.00236268055 0.0656755
-4.50212724417 0.0894228
-4.00189162296 0.118734
-3.50165581693 0.149243
-3.00141982607 0.173746
-2.5011836504 0.205152
-2.00094728992 0.236243
-1.50071074463 0.270416
-1.00047401454 0.308491
-0.500237099666 0.338664
0 0.345116
0.500237284447 0.363363
1.00047475367 0.401794
1.50071240766 0.430117
2.00095024642 0.448748
2.50118826993 0.436316
3.0014264782 0.434204
3.50166487121 0.446111
4.00190344896 0.45454
4.50214221145 0.458525
5.00238115867 0.458139
5.50262029061 0.451969
6.00285960727 0.452812
6.50309910864 0.458591
7.00333879472 0.46341
7.5035786655 0.483885
8.00381872097 0.535364
8.50405896113 0.625808
9.00429938597 0.748463
9.50453999549 0.808023
10.0047807897 0.794255
10.5050217685 0.719086
11.0052629321 0.668959
11.5055042802 0.652256
12.005745813 0.627387
12.5059875305 0.669576
13.0062294326 0.651477
13.5064715193 0.619327
14.0067137907 0.591427
14.5069562466 0.580345
15.0071988872 0.581063
15.5074417124 0.572623
16.0076847222 0.554592
16.5079279166 0.542101
17.0081712955 0.530892
17.5084148591 0.527367
18.0086586072 0.526914
18.5089025399 0.543421
19.0091466572 0.531925
19.509390959 0.52882
20.0096354454 0.518012
20.5098801163 0.524426
21.0101249717 0.546721
21.5103700117 0.582149
22.0106152363 0.592789
22.5108606453 0.576202
23.0111062389 0.577481
23.511352017 0.580879
24.0115979796 0.595788
24.5118441267 0.610572
25.0120904582 0.641442
