-24.9754392698 nan
-24.4759221179 nan
-23.9764053076 nan
-23.4768888391 nan
-22.9773727122 nan
-22.4778569269 nan
-21.9783414833 nan
-21.4788263813 nan
-20.979311621 nan
-20.4797972022 nan
-19.980283125 nan
-19.4807693894 nan
-18.9812559954 nan
-18.4817429429 nan
-17.982230232 nan
-17.4827178625 nan
-16.9832058347 nan
-16.4836941483 nan
-15.9841828034 nan
-15.4846717999 nan
-14.985161138 nan
-14.4856508175 nan
-13.9861408384 nan
-13.4866312008 nan
-12.9871219046 nan
-12.4876129498 nan
-11.9881043364 nan
-11.4885960643 nan
-10.9890881337 nan
-10.4895805444 nan
-9.99007329641 nan
-9.49056638977 nan
-8.99105982446 nan
-8.49155360045 nan
-7.99204771773 nan
-7.4925421763 nan
-6.99303697613 nan
-6.49353211722 nan
-5.99402759955 nan
-5.49452342312 nan
-4.9950195879 nan
-4.49551609389 nan
-3.99601294107 nan
-3.49651012944 nan
-2.99700765897 nan
-2.49750552966 nan
-1.99800374149 nan
-1.49850229445 nan
-0.999001188533 nan
-0.49950042372 nan
0 nan
0.49950008264 nan
0.99899982421 nan
1.49849922473 nan
1.9979982842 nan
2.49749700264 nan
2.99699538007 nan
3.49649341649 nan
3.99599111191 nan
4.49548846636 nan
4.99498547985 nan
5.49448215237 nan
5.99397848396 nan
6.49347447462 nan
6.99297012436 nan
7.49246543319 nan
7.99196040114 nan
8.49145502821 nan
8.99094931441 nan
9.49044325976 nan
9.98993686427 nan
10.489430128 nan
10.9889230508 nan
11.4884156329 nan
11.9879078742 nan
12.4873997747 nan
12.9868913344 nan
13.4863825534 nan
13.9858734317 nan
14.4853639692 nan
14.984854166 nan
15.4843440221 nan
15.9838335375 nan
16.4833227123 nan
16.9828115464 nan
17.4823000398 nan
17.9817881927 nan
18.4812760049 nan
18.9807634764 nan
19.4802506074 nan
19.9797373978 nan
20.4792238477 nan
20.9787099569 nan
21.4781957257 nan
21.9776811539 nan
22.4771662416 nan
22.9766509887 nan
23.4761353954 nan
23.9756194616 nan
24.4751031874 nan
24.9745865726 nan
