-25.0234113738 0
-24.5229468552 0.0152002
-24.0224821851 0.0281762
-23.5220173634 0.0694522
-23.0215523902 0.0750184
-22.5210872654 0.0665582
-22.0206219891 0.0593189
-21.5201565613 0.0633394
-21.019690982 0.0723381
-20.5192252513 0.0808521
-20.018759369 0.0854487
-19.5182933353 0.0870625
-19.0178271501 0.089606
-18.5173608135 0.0883371
-18.0168943254 0.0832576
-17.516427686 0.0798504
-17.0159608951 0.0826642
-16.5154939528 0.09173
-16.0150268592 0.0942059
-15.5145596141 0.0940582
-15.0140922177 0.0893244
-14.51362467 0.0892769
-14.0131569709 0.0886842
-13.5126891205 0.0880108
-13.0122211188 0.0867768
-12.5117529658 0.0997742
-12.0112846615 0.104409
-11.5108162059 0.111636
-11.010347599 0.117134
-10.5098788409 0.127171
-10.0094099315 0.138316
-9.50894087088 0.135276
-9.00847165905 0.134868
-8.50800229601 0.153487
-8.00753278176 0.161395
-7.50706311633 0.14605
-7.00659329972 0.104174
-6.50612333194 0.0910454
-6.00565321301 0.0678775
-5.50518294294 0.0478544
-5.00471252173 0.0926842
-4.50424194941 0.128682
-4.00377122597 0.135215
-3.50330035145 0.0954333
-3.00282932583 0.0850056
-2.50235814914 0.0802011
-2.00188682139 0.0743865
-1.50141534259 0.0703222
-1.00094371275 0.0676918
-0.500471931883 0.0595153
0 0.0657274
0.500472082886 0.0754134
1.00094431677 0.0851167
1.50141670163 0.0888697
2.00188923746 0.0830758
2.50236192424 0.0819456
3.00283476198 0.0913807
3.50330775065 0.100902
4.00378089024 0.112054
4.50425418074 0.127739
5.00472762214 0.136435
5.50520121443 0.136233
6.0056749576 0.147713
6.50614885163 0.152918
7.00662289652 0.130993
7.50709709224 0.122186
8.0075714388 0.121998
8.50804593617 0.12273
9.00852058435 0.111452
9.50899538333 0.0909041
10.0094703331 0.0899856
10.5099454336 0.108806
11.0104206849 0.139244
11.510896087 0.149637
12.0113716397 0.148145
12.5118473432 0.138437
13.0123231974 0.123777
13.5127992024 0.110498
14.013275358 0.123977
14.5137516643 0.133657
15.0142281212 0.125994
15.5147047288 0.0980658
16.0151814871 0.0731193
16.5156583959 0.0610577
17.0161354554 0.0516241
17.5166126655 0.0491687
18.0170900263 0.0489357
18.5175675375 0.0465378
19.0180451994 0.0442136
19.5185230118 0.0425336
20.0190009748 0.0533898
20.5194790883 0.0582957
21.0199573524 0.0692646
21.5204357669 0.0844787
22.020914332 0.10619
22.5213930475 0.111274
23.0218719135 0.119784
23.52235093 0.134666
24.022830097 0.149245
24.5233094144 0.166488
25.0237888822 0.205208
