-25.0241637643 nan
-24.5236758543 nan
-24.0231881332 nan
-23.5227006012 nan
-23.0222132582 nan
-22.5217261042 nan
-22.0212391392 nan
-21.5207523633 nan
-21.0202657764 nan
-20.5197793786 nan
-20.0192931698 nan
-19.5188071502 nan
-19.0183213196 nan
-18.5178356782 nan
-18.0173502259 nan
-17.5168649627 nan
-17.0163798887 nan
-16.5158950038 nan
-16.0154103081 nan
-15.5149258016 nan
-15.0144414843 nan
-14.5139573562 nan
-14.0134734174 nan
-13.5129896677 nan
-13.0125061073 nan
-12.5120227361 nan
-12.0115395543 nan
-11.5110565617 nan
-11.0105737584 nan
-10.5100911443 nan
-10.0096087196 nan
-9.50912648428 nan
-9.00864443825 nan
-8.50816258157 nan
-8.00768091425 nan
-7.50719943631 nan
-7.00671814775 nan
-6.50623704859 nan
-6.00575613884 nan
-5.50527541851 nan
-5.00479488761 nan
-4.50431454615 nan
-4.00383439416 nan
-3.50335443163 nan
-3.00287465858 nan
-2.50239507502 nan
-2.00191568096 nan
-1.50143647642 nan
-1.0009574614 nan
-0.500478635927 nan
0 nan
0.500478446365 nan
1.00095670316 nan
1.50143477036 nan
2.00191264797 nan
2.50239033597 nan
3.00286783436 nan
3.50334514311 nan
4.00382226221 nan
4.50429919166 nan
5.00477593145 nan
5.50525248155 nan
6.00572884196 nan
6.50620501268 nan
7.00668099368 nan
7.50715678495 nan
8.00763238649 nan
8.50810779828 nan
9.00858302031 nan
9.50905805256 nan
10.009532895 nan
10.5100075477 nan
11.0104820106 nan
11.5109562836 nan
12.0114303669 nan
12.5119042602 nan
13.0123779638 nan
13.5128514774 nan
14.0133248012 nan
14.5137979351 nan
15.0142708791 nan
15.5147436332 nan
16.0152161974 nan
16.5156885716 nan
17.0161607559 nan
17.5166327502 nan
18.0171045546 nan
18.517576169 nan
19.0180475934 nan
19.5185188278 nan
20.0189898721 nan
20.5194607265 nan
21.0199313908 nan
21.520401865 nan
22.0208721492 nan
22.5213422434 nan
23.0218121474 nan
23.5222818614 nan
24.0227513852 nan
24.5232207189 nan
25.0236898625 nan
