-25.0319425872 0.27114
-24.5313063117 0.313199
-24.0306699307 0.36374
-23.5300334444 0.389998
-23.0293968527 0.400353
-22.5287601557 0.407026
-22.0281233533 0.412161
-21.5274864455 0.423725
-21.0268494325 0.423569
-20.5262123142 0.413934
-20.0255750906 0.407758
-19.5249377617 0.412566
-19.0243003276 0.414034
-18.5236627883 0.403011
-18.0230251438 0.37404
-17.522387394 0.353173
-17.0217495391 0.344373
-16.521111579 0.346729
-16.0204735137 0.331109
-15.5198353433 0.325745
-15.0191970678 0.330628
-14.5185586872 0.329635
-14.0179202015 0.3114
-13.5172816108 0.272971
-13.0166429149 0.226741
-12.5160041141 0.205738
-12.0153652082 0.182135
-11.5147261973 0.15762
-11.0140870814 0.144783
-10.5134478605 0.142515
-10.0128085347 0.141351
-9.51216910387 0.137642
-9.01152956816 0.134002
-8.51088992752 0.132734
-8.01025018199 0.131585
-7.50961033158 0.128427
-7.00897037629 0.125058
-6.50833031616 0.124672
-6.00769015118 0.127009
-5.50704988139 0.130387
-5.00640950679 0.126818
-4.5057690274 0.121208
-4.00512844324 0.125104
-3.50448775432 0.135678
-3.00384696066 0.149545
-2.50320606227 0.16704
-2.00256505918 0.180936
-1.50192395138 0.177826
-1.00128273891 0.201295
-0.50064142178 0.21128
0 0.224739
0.500641526413 0.207159
1.00128315744 0.158978
1.50192489307 0.1096
2.00256673328 0.0335291
2.50320867806 0.0133225
3.00385072739 0.0170587
3.50449288126 0.033132
4.00513513965 0.0496736
4.50577750254 0.0337127
5.00641996993 0
5.50706254178 0.0649146
6.0077052181 0.121536
6.50834799885 0.147741
7.00899088403 0.17109
7.50963387363 0.193505
8.01027696761 0.21856
8.51092016597 0.241468
9.0115634687 0.247283
9.51220687577 0.247911
10.0128503872 0.251461
10.5134940029 0.25827
11.0141377229 0.266206
11.5147815472 0.273297
12.0154254758 0.270274
12.5160695086 0.267344
13.0167136456 0.270193
13.5173578869 0.27365
14.0180022324 0.268657
14.5186466821 0.260673
15.0192912359 0.258914
15.5199358939 0.260134
16.020580656 0.257095
16.5212255223 0.24589
17.0218704927 0.242928
17.5225155671 0.252773
18.0231607456 0.261159
18.5238060282 0.257306
19.0244514149 0.245992
19.5250969056 0.227761
20.0257425002 0.225296
20.5263881989 0.22029
21.0270340016 0.215045
21.5276799082 0.196681
22.0283259188 0.176392
22.5289720333 0.140813
23.0296182517 0.0823297
23.5302645741 0.112438
24.0309110003 0.175781
24.5315575304 0.153834
25.0322041643 0.142915
