-24.9815675374 nan
-24.4819282274 nan
-23.9822892423 nan
-23.4826505822 nan
-22.9830122472 nan
-22.4833742371 nan
-21.983736552 nan
-21.4840991919 nan
-20.9844621568 nan
-20.4848254466 nan
-19.9851890613 nan
-19.485553001 nan
-18.9859172656 nan
-18.4862818552 nan
-17.9866467696 nan
-17.487012009 nan
-16.9873775732 nan
-16.4877434623 nan
-15.9881096763 nan
-15.4884762151 nan
-14.9888430788 nan
-14.4892102674 nan
-13.9895777807 nan
-13.4899456189 nan
-12.990313782 nan
-12.4906822698 nan
-11.9910510824 nan
-11.4914202198 nan
-10.991789682 nan
-10.492159469 nan
-9.99252958068 nan
-9.49290001715 nan
-8.99327077835 nan
-8.49364186429 nan
-7.99401327495 nan
-7.49438501032 nan
-6.9947570704 nan
-6.49512945517 nan
-5.99550216462 nan
-5.49587519875 nan
-4.99624855755 nan
-4.49662224099 nan
-3.99699624909 nan
-3.49737058183 nan
-2.99774523919 nan
-2.49812022117 nan
-1.99849552775 nan
-1.49887115894 nan
-0.999247114717 nan
-0.499623395073 nan
0 nan
0.499623070512 nan
0.999245816473 nan
1.49886823789 nan
1.99849033478 nan
2.49811210714 nan
2.997733555 nan
3.49735467834 nan
3.9969754772 nan
4.49659595156 nan
4.99621610146 nan
5.49583592689 nan
5.99545542786 nan
6.49507460439 nan
6.99469345648 nan
7.49431198415 nan
7.9939301874 nan
8.49354806624 nan
8.99316562068 nan
9.49278285074 nan
9.99239975641 nan
10.4920163377 nan
10.9916325947 nan
11.4912485273 nan
11.9908641355 nan
12.4904794195 nan
12.9900943791 nan
13.4897090144 nan
13.9893233254 nan
14.4889373121 nan
14.9885509745 nan
15.4881643127 nan
15.9877773266 nan
16.4873900162 nan
16.9870023816 nan
17.4866144228 nan
17.9862261398 nan
18.4858375325 nan
18.985448601 nan
19.4850593454 nan
19.9846697655 nan
20.4842798615 nan
20.9838896333 nan
21.483499081 nan
21.9831082045 nan
22.4827170039 nan
22.9823254792 nan
23.4819336304 nan
23.9815414574 nan
24.4811489604 nan
24.9807561393 nan
