-25.0218765965 0.365195
-24.5214428093 0.371246
-24.0210088691 0.376841
-23.5205747759 0.381715
-23.0201405297 0.369956
-22.5197061304 0.36124
-22.0192715783 0.36841
-21.5188368731 0.364659
-21.018402015 0.368624
-20.517967004 0.350203
-20.01753184 0.309443
-19.5170965231 0.277067
-19.0166610533 0.263904
-18.5162254306 0.254304
-18.015789655 0.271019
-17.5153537265 0.270009
-17.0149176452 0.248504
-16.514481411 0.230586
-16.0140450239 0.225453
-15.5136084841 0.193709
-15.0131717914 0.186152
-14.5127349458 0.190489
-14.0122979475 0.182545
-13.5118607964 0.164561
-13.0114234925 0.158737
-12.5109860359 0.137525
-12.0105484264 0.0883038
-11.5101106642 0.0931607
-11.0096727493 0.0842919
-10.5092346817 0.0617425
-10.0087964613 0.0861351
-9.50835808826 0.107047
-9.00791956249 0.116997
-8.50748088404 0.119527
-8.00704205292 0.13012
-7.50660306913 0.136562
-7.00616393269 0.107636
-6.50572464361 0.0867203
-6.0052852019 0.0824149
-5.50484560756 0.0647221
-5.00440586061 0.0457558
-4.50396596107 0.0389329
-4.00352590894 0.0144215
-3.50308570423 0.00208143
-3.00264534695 0
-2.50220483712 0.00759283
-2.00176417474 0.0152177
-1.50132335983 0.017888
-1.0008823924 0.0178591
-0.50044127245 0.0242453
0 0.0542516
0.50044142494 0.10927
1.00088300236 0.137979
1.50132473225 0.156858
2.0017666146 0.177975
2.5022086494 0.209409
3.00265083663 0.241579
3.50309317629 0.262164
4.00353566836 0.260206
4.50397831284 0.247091
5.00442110971 0.23276
5.50486405897 0.253386
6.00530716059 0.290996
6.50575041458 0.318292
7.00619382092 0.353679
7.50663737959 0.366019
8.00708109059 0.366616
8.50752495392 0.365222
9.00796896954 0.362942
9.50841313747 0.363079
10.0088574577 0.366804
10.5093019302 0.376107
11.0097465549 0.394603
11.5101913319 0.40494
12.0106362611 0.412205
12.5110813426 0.418057
13.0115265763 0.425477
13.5119719622 0.437286
14.0124175003 0.451397
14.5128631906 0.475079
15.013309033 0.501374
15.5137550276 0.496236
16.0142011744 0.459371
16.5146474733 0.427593
17.0150939244 0.404895
17.5155405275 0.390981
18.0159872828 0.387168
18.5164341902 0.389024
19.0168812496 0.388638
19.5173284612 0.397045
20.0177758248 0.417642
20.5182233404 0.431676
21.0186710082 0.43693
21.5191188279 0.437012
22.0195667996 0.430727
22.5200149234 0.42445
23.0204631992 0.421937
23.5209116269 0.409009
24.0213602067 0.376242
24.5218089384 0.365001
25.0222578221 0.388325
