92.3855910813	-38.1386477916	-25.0227530473	57.8340310159	NaN
92.3904304992	-38.1362538197	-24.5222935295	57.8340310159	NaN
92.3952695996	-38.1338596493	-24.0218341934	57.8310424329	NaN
92.4001083824	-38.1314652804	-23.5213750391	57.8280542047	NaN
92.4049468479	-38.129070713	-23.0209160665	57.8250663321	NaN
92.4097849958	-38.1266759472	-22.5204572757	57.8220788142	NaN
92.4146228264	-38.1242809829	-22.0199986667	57.8190916515	NaN
92.4194603395	-38.1218858203	-21.5195402395	57.8161048439	NaN
92.4242975353	-38.1194904594	-21.0190819941	57.8131183911	NaN
92.4291344137	-38.1170949001	-20.5186239305	57.8101322937	NaN
92.4339709748	-38.1146991425	-20.0181660487	57.8071465509	NaN
92.4388072185	-38.1123031867	-19.5177083487	57.8041611636	NaN
92.443643145	-38.1099070327	-19.0172508306	57.8011761309	NaN
92.4484787542	-38.1075106804	-18.5167934944	57.7981914532	NaN
92.4533140461	-38.10511413	-18.01633634	57.7952071304	NaN
92.4581490208	-38.1027173815	-17.5158793675	57.7922231626	NaN
92.4629836783	-38.1003204348	-17.0154225768	57.7892395499	NaN
92.4678180186	-38.0979232901	-16.5149659681	57.7862562917	NaN
92.4726520418	-38.0955259474	-16.0145095413	57.7832733888	NaN
92.4774857478	-38.0931284066	-15.5140532964	57.7802908405	NaN
92.4823191367	-38.0907306678	-15.0135972335	57.7773086471	NaN
92.4871522085	-38.0883327311	-14.5131413525	57.7743268085	NaN
92.4919849632	-38.0859345964	-14.0126856535	57.7713453248	NaN
92.4968174009	-38.0835362639	-13.5122301364	57.7683641958	NaN
92.5016495215	-38.0811377335	-13.0117748013	57.7653834218	NaN
92.5064813252	-38.0787390053	-12.5113196482	57.7624030021	NaN
92.5113128118	-38.0763400792	-12.0108646771	57.7594229378	NaN
92.5161439815	-38.0739409554	-11.510409888	57.7564432275	NaN
92.5209748342	-38.0715416338	-11.0099552809	57.7534638724	NaN
92.5258053701	-38.0691421145	-10.5095008559	57.7504848721	NaN
92.530635589	-38.0667423976	-10.0090466129	57.7475062262	NaN
92.535465491	-38.0643424829	-9.50859255198	57.744527935	NaN
92.5402950762	-38.0619423707	-9.00813867312	57.7415499985	NaN
92.5451243446	-38.0595420609	-8.50768497634	57.7385724166	NaN
92.5499532961	-38.0571415534	-8.00723146166	57.7355951895	NaN
92.5547819309	-38.0547408485	-7.50677812907	57.7326183166	NaN
92.5596102489	-38.0523399461	-7.00632497859	57.7296417988	NaN
92.5644382501	-38.0499388461	-6.50587201024	57.7266656355	NaN
92.5692659346	-38.0475375488	-6.00541922403	57.7236898263	NaN
92.5740933025	-38.045136054	-5.50496661996	57.720714372	NaN
92.5789203536	-38.0427343618	-5.00451419804	57.7177392723	NaN
92.5837470881	-38.0403324723	-4.5040619583	57.7147645268	NaN
92.588573506	-38.0379303855	-4.00360990074	57.7117901359	NaN
92.5933996072	-38.0355281013	-3.50315802536	57.7088160996	NaN
92.5982253919	-38.0331256199	-3.00270633219	57.7058424178	NaN
92.60305086	-38.0307229413	-2.50225482123	57.70286909	NaN
92.6078760115	-38.0283200654	-2.00180349249	57.6998961172	NaN
92.6127008465	-38.0259169924	-1.50135234599	57.6969234986	NaN
92.617525365	-38.0235137222	-1.00090138173	57.6939512343	NaN
92.6223495671	-38.021110255	-0.500450599733	57.6909793244	NaN
92.6271734527	-38.0187065906	0	57.6880077688	NaN
92.6319970218	-38.0163027292	0.500450417453	57.6850365677	NaN
92.6368202745	-38.0138986707	1.00090065262	57.682065721	NaN
92.6416432109	-38.0114944153	1.50135070548	57.6790952284	NaN
92.6464658309	-38.0090899629	2.00180057603	57.6761250903	NaN
92.6512881345	-38.0066853135	2.50225026426	57.6731553062	NaN
92.6561101218	-38.0042804673	3.00269977016	57.6701858766	NaN
92.6609317928	-38.0018754242	3.50314909371	57.6672168011	NaN
92.6657531476	-37.9994701842	4.0035982349	57.66424808	NaN
92.670574186	-37.9970647474	4.50404719373	57.661279713	NaN
92.6753949083	-37.9946591139	5.00449597017	57.6583117001	NaN
92.6802153143	-37.9922532835	5.50494456424	57.6553440417	NaN
92.6850354041	-37.9898472565	6.0053929759	57.6523767371	NaN
92.6898551778	-37.9874410327	6.50584120515	57.6494097867	NaN
92.6946746353	-37.9850346123	7.00628925198	57.6464431908	NaN
92.6994937767	-37.9826279953	7.50673711637	57.6434769486	NaN
92.704312602	-37.9802211816	8.00718479832	57.6405110609	NaN
92.7091311112	-37.9778141714	8.50763229782	57.6375455269	NaN
92.7139493044	-37.9754069646	9.00807961485	57.6345803471	NaN
92.7187671815	-37.9729995613	9.50852674941	57.6316155214	NaN
92.7235847426	-37.9705919616	10.0089737015	57.6286510497	NaN
92.7284019878	-37.9681841653	10.509420471	57.625686932	NaN
92.7332189169	-37.9657761727	11.0098670581	57.6227231682	NaN
92.7380355301	-37.9633679836	11.5103134626	57.6197597588	NaN
92.7428518274	-37.9609595982	12.0107596847	57.6167967029	NaN
92.7476678088	-37.9585510164	12.5112057241	57.6138340012	NaN
92.7524834743	-37.9561422384	13.011651581	57.6108716535	NaN
92.757298824	-37.953733264	13.5120972554	57.6079096594	NaN
92.7621138578	-37.9513240934	14.0125427472	57.6049480193	NaN
92.7669285758	-37.9489147266	14.5129880564	57.6019867333	NaN
92.7717429781	-37.9465051636	15.0134331829	57.599025801	NaN
92.7765570645	-37.9440954045	15.5138781269	57.5960652227	NaN
92.7813708352	-37.9416854492	16.0143228883	57.593104998	NaN
92.7861842902	-37.9392752978	16.514767467	57.5901451274	NaN
92.7909974295	-37.9368649504	17.0152118631	57.5871856106	NaN
92.7958102531	-37.9344544069	17.5156560766	57.5842264472	NaN
92.8006227611	-37.9320436674	18.0161001074	57.5812676379	NaN
92.8054349535	-37.9296327319	18.5165439555	57.5783091824	NaN
92.8102468302	-37.9272216005	19.0169876209	57.5753510805	NaN
92.8150583913	-37.9248102732	19.5174311036	57.5723933321	NaN
92.8198696369	-37.9223987499	20.0178744037	57.5694359378	NaN
92.8246805669	-37.9199870309	20.518317521	57.5664788971	NaN
92.8294911814	-37.9175751159	21.0187604556	57.56352221	NaN
92.8343014805	-37.9151630052	21.5192032074	57.5605658767	NaN
92.839111464	-37.9127506988	22.0196457765	57.5576098966	NaN
92.8439211321	-37.9103381965	22.5200881628	57.5546542706	NaN
92.8487304848	-37.9079254986	23.0205303664	57.5516989978	NaN
92.853539522	-37.905512605	23.5209723872	57.5487440791	NaN
92.8583482439	-37.9030995157	24.0214142252	57.5457895136	NaN
92.8631566504	-37.9006862309	24.5218558804	57.5428353018	NaN
92.8679647416	-37.8982727504	25.0222973528	57.5398814435	NaN
