-25.0293727399 0.22999
-24.5287879596 0.252312
-24.0282030699 0.285523
-23.5276180709 0.321721
-23.0270329624 0.350102
-22.5264477446 0.375405
-22.0258624175 0.396382
-21.5252769811 0.41884
-21.0246914353 0.429571
-20.5241057803 0.440742
-20.0235200159 0.472171
-19.5229341424 0.492658
-19.0223481595 0.501896
-18.5217620674 0.496955
-18.0211758661 0.498204
-17.5205895556 0.496426
-17.0200031359 0.504354
-16.5194166071 0.516035
-16.018829969 0.527154
-15.5182432218 0.519489
-15.0176563655 0.521016
-14.5170694001 0.523432
-14.0164823255 0.535379
-13.5158951419 0.551797
-13.0153078492 0.557972
-12.5147204474 0.567881
-12.0141329365 0.574862
-11.5135453167 0.564284
-11.0129575878 0.553361
-10.5123697499 0.543608
-10.0117818031 0.5368
-9.5111937472 0.520327
-9.01060558239 0.510768
-8.51001730864 0.509132
-8.00942892595 0.49654
-7.50884043434 0.475246
-7.00825183383 0.446905
-6.50766312443 0.416344
-6.00707430616 0.385356
-5.50648537903 0.353165
-5.00589634305 0.320212
-4.50530719825 0.313073
-4.00471794462 0.309128
-3.5041285822 0.267248
-3.00353911099 0.242165
-2.502949531 0.201312
-2.00235984226 0.162098
-1.50177004477 0.127933
-1.00118013856 0.104136
-0.50059012363 0.077871
0 0.062389
0.500590232315 0.0519303
1.0011805733 0.0207001
1.50177102294 0
2.00236158123 0.00712237
2.50295224814 0.0388211
3.00354302366 0.0890632
3.50413390778 0.0969545
4.00472490049 0.118858
4.50531600176 0.137056
5.00590721159 0.160649
5.50649852996 0.179603
6.00708995685 0.193321
6.50768149226 0.216438
7.00827313616 0.177565
7.50886488854 0.167291
8.00945674939 0.177637
8.5100487187 0.193169
9.01064079644 0.228448
9.5112329826 0.243381
10.0118252772 0.248664
10.5124176801 0.252641
11.0130101915 0.257797
11.5136028112 0.261746
12.0141955393 0.264138
12.5147883757 0.272251
13.0153813204 0.280488
13.5159743734 0.288379
14.0165675347 0.298571
14.5171608043 0.308828
15.0177541822 0.358964
15.5183476683 0.437434
16.0189412626 0.496435
16.5195349652 0.455165
17.0201287759 0.366374
17.5207226949 0.327725
18.021316722 0.314944
18.5219108573 0.285108
19.0225051008 0.280044
19.5230994523 0.308505
20.023693912 0.37789
20.5242884798 0.458203
21.0248831557 0.494497
21.5254779396 0.509267
22.0260728316 0.426558
22.5266678317 0.324695
23.0272629397 0.279262
23.5278581558 0.217042
24.0284534799 0.199298
24.529048912 0.175825
25.029644452 0.148537
