-25.0370723507 0.157343
-24.5363323194 0.164936
-24.03559223 0.162554
-23.5348520826 0.164671
-23.0341118771 0.172901
-22.5333716136 0.183127
-22.0326312921 0.214304
-21.5318909126 0.231226
-21.0311504751 0.249307
-20.5304099797 0.264326
-20.0296694264 0.270715
-19.5289288152 0.27461
-19.028188146 0.272896
-18.527447419 0.279523
-18.0267066341 0.287968
-17.5259657914 0.290769
-17.0252248909 0.301349
-16.5244839325 0.334571
-16.0237429164 0.358816
-15.5230018425 0.38302
-15.0222607109 0.382253
-14.5215195215 0.380242
-14.0207782745 0.399431
-13.5200369697 0.407698
-13.0192956073 0.407248
-12.5185541872 0.395067
-12.0178127094 0.368298
-11.5170711741 0.32363
-11.0163295811 0.283566
-10.5155879306 0.247577
-10.0148462225 0.222267
-9.51410445681 0.170587
-9.01336263364 0.109658
-8.51262075295 0.0624813
-8.01187881477 0.0551778
-7.51113681911 0.0696849
-7.01039476601 0.0856588
-6.50965265546 0.0964619
-6.0089104875 0.0970207
-5.50816826214 0.0894107
-5.00742597939 0.0827698
-4.50668363929 0.0799584
-4.00594124184 0.0753061
-3.50519878706 0.0820781
-3.00445627497 0.0955557
-2.50371370559 0.0955317
-2.00297107894 0.090515
-1.50222839504 0.0898563
-1.00148565391 0.0955957
-0.500742855552 0.10466
0 0.11711
0.500742912733 0.132895
1.00148588263 0.141878
1.50222890966 0.139296
2.00297199383 0.110025
2.5037151351 0.0775107
3.00445833345 0.0448335
3.50520158888 0.0475151
4.00594490136 0.110064
4.50668827087 0.127776
5.0074316974 0.10017
5.50817518093 0.0815261
6.00891872143 0.100206
6.50966231889 0.093483
7.0104059733 0.0909812
7.51114968463 0.0964159
8.01189345286 0.109375
8.51263727798 0.12402
9.01338115997 0.135985
9.5141250988 0.122944
10.0148690945 0.120432
10.515613147 0.120854
11.0163572562 0.139176
11.5171014223 0.136619
12.0178456451 0.0829017
12.5185899247 0.0376165
13.0193342609 0.0109504
13.5200786539 0.00714125
14.0208231036 0
14.5215676099 0.0153946
15.0223121729 0.0354761
15.5230567925 0.0521352
16.0238014687 0.061702
16.5245462015 0.065513
17.0252909909 0.072347
17.5260358368 0.0896077
18.0267807393 0.112604
18.5275256983 0.110769
19.0282707138 0.0742627
19.5290157858 0.0560766
20.0297609142 0.0674131
20.5305060991 0.116127
21.0312513404 0.154832
21.5319966381 0.177006
22.0327419923 0.187435
22.5334874028 0.190895
23.0342328696 0.204149
23.5349783928 0.225615
24.0357239723 0.249946
24.5364696081 0.260968
25.0372153001 0.250915
