-25.0302464065 nan
-24.5296456797 nan
-24.0290447813 nan
-23.5284437111 nan
-23.0278424692 nan
-22.5272410557 nan
-22.0266394705 nan
-21.5260377136 nan
-21.0254357851 nan
-20.524833685 nan
-20.0242314133 nan
-19.52362897 nan
-19.0230263551 nan
-18.5224235687 nan
-18.0218206107 nan
-17.5212174812 nan
-17.0206141802 nan
-16.5200107076 nan
-16.0194070636 nan
-15.5188032482 nan
-15.0181992612 nan
-14.5175951028 nan
-14.016990773 nan
-13.5163862718 nan
-13.0157815992 nan
-12.5151767552 nan
-12.0145717399 nan
-11.5139665532 nan
-11.0133611951 nan
-10.5127556658 nan
-10.0121499651 nan
-9.51154409311 nan
-9.01093804986 nan
-8.51033183536 nan
-8.0097254496 nan
-7.50911889261 nan
-7.00851216441 nan
-6.507905265 nan
-6.0072981944 nan
-5.50669095263 nan
-5.0060835397 nan
-4.50547595563 nan
-4.00486820043 nan
-3.50426027412 nan
-3.00365217671 nan
-2.50304390821 nan
-2.00243546865 nan
-1.50182685803 nan
-1.00121807637 nan
-0.50060912369 nan
0 nan
0.500609294685 nan
1.00121876035 nan
1.50182839697 nan
2.00243820455 nan
2.50304818306 nan
3.00365833249 nan
3.50426865282 nan
4.00487914404 nan
4.50548980614 nan
5.0061006391 nan
5.5067116429 nan
6.00732281753 nan
6.50793416297 nan
7.00854567921 nan
7.50915736624 nan
8.00976922403 nan
8.51038125258 nan
9.01099345187 nan
9.51160582188 nan
10.0122183626 nan
10.512831074 nan
11.0134439561 nan
11.5140570089 nan
12.0146702323 nan
12.5152836263 nan
13.015897191 nan
13.5165109262 nan
14.0171248321 nan
14.5177389085 nan
15.0183531555 nan
15.518967573 nan
16.0195821611 nan
16.5201969197 nan
17.0208118487 nan
17.5214269483 nan
18.0220422183 nan
18.5226576588 nan
19.0232732697 nan
19.523889051 nan
20.0245050027 nan
20.5251211249 nan
21.0257374174 nan
21.5263538802 nan
22.0269705135 nan
22.527587317 nan
23.0282042909 nan
23.528821435 nan
24.0294387495 nan
24.5300562342 nan
25.0306738892 nan
