-25.0308444066 nan
-24.5302242891 nan
-24.0296043032 nan
-23.5289844488 nan
-23.0283647261 nan
-22.527745135 nan
-22.0271256755 nan
-21.5265063476 nan
-21.0258871514 nan
-20.5252680869 nan
-20.0246491541 nan
-19.524030353 nan
-19.0234116836 nan
-18.5227931459 nan
-18.02217474 nan
-17.5215564658 nan
-17.0209383234 nan
-16.5203203128 nan
-16.0197024341 nan
-15.5190846871 nan
-15.018467072 nan
-14.5178495888 nan
-14.0172322374 nan
-13.5166150179 nan
-13.0159979303 nan
-12.5153809746 nan
-12.0147641509 nan
-11.5141474591 nan
-11.0135308992 nan
-10.5129144714 nan
-10.0122981755 nan
-9.51168201166 nan
-9.01106597982 nan
-8.51045008003 nan
-8.00983431228 nan
-7.50921867661 nan
-7.00860317302 nan
-6.50798780153 nan
-6.00737256215 nan
-5.5067574549 nan
-5.0061424798 nan
-4.50552763685 nan
-4.00491292608 nan
-3.5042983475 nan
-3.00368390112 nan
-2.50306958696 0.024697
-2.00245540504 0.0193596
-1.50184135537 0.0150118
-1.00122743796 0.0101236
-0.500613652833 0.00504997
0 0.0009542
0.500613520523 0
1.00122690872 0.000328823
1.50184016457 0.00127685
2.00245328807 0.00135651
2.50306627921 0.0038111
3.00367913795 0.00778108
3.50429186429 0.0123315
4.00490445822 0.0194409
4.50551691972 0.0269285
5.00612924877 0.0344746
5.50674144536 0.0439583
6.00735350947 0.0560618
6.50796544109 0.0691944
7.0085772402 0.0838639
7.5091889068 0.101212
8.00980044086 0.119537
8.51041184236 0.139144
9.0110231113 0.158347
9.51163424766 0.177529
10.0122452514 0.194664
10.5128561226 0.210241
11.0134668611 0.224236
11.514077467 0.236711
12.0146879402 0.246607
12.5152982808 0.254366
13.0159084886 0.262549
13.5165185638 0.270511
14.0171285062 0.27754
14.5177383159 0.283806
15.0183479929 0.287491
15.5189575371 0.289562
16.0195669486 0.289607
16.5201762272 0.288151
17.020785373 0.284148
17.521394386 0.280008
18.0220032662 0.274543
18.5226120135 0.268505
19.023220628 0.262144
19.5238291096 0.254667
20.0244374582 0.246805
20.525045674 0.237665
21.0256537568 0.228862
21.5262617067 0.218963
22.0268695237 0.209902
22.5274772077 0.201128
23.0280847586 0.190914
23.5286921766 0.181061
24.0292994616 0.171758
24.5299066135 0.162909
25.0305136324 0.154663
