-25.0191533258 0.270905
-24.5187741073 0.28815
-24.0183947317 0.303625
-23.5180151989 0.322212
-23.0176355088 0.336028
-22.5172556616 0.321082
-22.0168756572 0.338983
-21.5164954956 0.341638
-21.0161151769 0.338199
-20.515734701 0.346616
-20.015354068 0.348406
-19.5149732779 0.354238
-19.0145923306 0.362964
-18.5142112262 0.352867
-18.0138299647 0.350448
-17.5134485462 0.354186
-17.0130669705 0.369755
-16.5126852378 0.383242
-16.012303348 0.351835
-15.5119213011 0.329786
-15.0115390972 0.300237
-14.5111567363 0.249822
-14.0107742183 0.237681
-13.5103915433 0.237927
-13.0100087113 0.236416
-12.5096257223 0.235365
-12.0092425763 0.253663
-11.5088592734 0.272253
-11.0084758134 0.275933
-10.5080921965 0.292579
-10.0077084227 0.312361
-9.50732449187 0.328117
-9.00694040413 0.326537
-8.50655615948 0.332514
-8.00617175791 0.299278
-7.50578719943 0.285939
-7.00540248406 0.294958
-6.5050176118 0.257972
-6.00463258266 0.222789
-5.50424739665 0.221777
-5.00386205379 0.231444
-4.50347655408 0.254845
-4.00309089752 0.288332
-3.50270508414 0.322725
-3.00231911393 0.365164
-2.50193298692 0.389258
-2.0015467031 0.377232
-1.50116026249 0.344751
-1.0007736651 0.336266
-0.500386910931 0.35381
0 0.374171
0.500387067685 0.327288
1.00077429211 0.21793
1.50116167328 0.0868927
2.00154921117 0.0113759
2.50193690578 0
3.0023247571 0.0131242
3.50271276511 0.039012
4.00310092981 0.0647357
4.50348925119 0.0909295
5.00387772924 0.12275
5.50426636395 0.143481
6.00465515531 0.199387
6.50504410331 0.248169
7.00543320794 0.239359
7.50582246919 0.247157
8.00621188705 0.261497
8.50660146152 0.270586
9.00699119258 0.274495
9.50738108022 0.277478
10.0077711244 0.277611
10.5081613252 0.287656
11.0085516825 0.293784
11.5089421964 0.308134
12.0093328668 0.334051
12.5097236938 0.353176
13.0101146772 0.347029
13.5105058172 0.349267
14.0108971137 0.348456
14.5112885666 0.3456
15.011680176 0.34219
15.5120719419 0.345317
16.0124638643 0.348476
16.5128559431 0.34969
17.0132481783 0.333069
17.51364057 0.313196
18.0140331181 0.315182
18.5144258226 0.319466
19.0148186835 0.320068
19.5152117008 0.318589
20.0156048745 0.315382
20.5159982045 0.305331
21.0163916909 0.268759
21.5167853337 0.243117
22.0171791328 0.238858
22.5175730883 0.248037
23.0179672 0.262391
23.5183614681 0.277127
24.0187558925 0.288948
24.5191504732 0.303087
25.0195452101 0.306047
