-25.0395756232 0.0168165
-24.5387843201 0.0131038
-24.0379930081 0
-23.5372016873 0.00665164
-23.0364103576 0.0129386
-22.5356190192 0.0120059
-22.0348276719 0.0242871
-21.5340363159 0.0358882
-21.0332449512 0.0628622
-20.5324535778 0.0856387
-20.0316621956 0.121568
-19.5308708048 0.160749
-19.0300794053 0.187454
-18.5292879972 0.214739
-18.0284965804 0.21832
-17.5277051551 0.194562
-17.0269137212 0.182712
-16.5261222787 0.185489
-16.0253308276 0.206212
-15.524539368 0.195839
-15.0237479 0.146881
-14.5229564234 0.106043
-14.0221649384 0.0844364
-13.5213734449 0.0655262
-13.020581943 0.086644
-12.5197904327 0.102203
-12.018998914 0.100407
-11.518207387 0.0769171
-11.0174158516 0.0812142
-10.5166243078 0.103079
-10.0158327558 0.123761
-9.51504119545 0.139223
-9.01424962684 0.157264
-8.51345804999 0.181703
-8.0126664649 0.180265
-7.5118748716 0.167336
-7.01108327011 0.138053
-6.51029166045 0.115246
-6.00950004263 0.0917583
-5.50870841668 0.0641358
-5.00791678262 0.0507114
-4.50712514046 0.0378069
-4.00633349022 0.0320817
-3.50554183193 0.0244998
-3.00475016561 0.0283401
-2.50395849127 0.0225881
-2.00316680893 0.0139351
-1.50237511861 0.0846725
-1.00158342034 0.170501
-0.500791714129 0.179569
0 0.181741
0.50079172203 0.172151
1.00158345194 0.159981
1.50237518971 0.160218
2.00316693531 0.175996
2.50395868874 0.203284
3.00475044997 0.245848
3.50554221899 0.264567
4.00633399576 0.255862
4.50712578028 0.245146
5.00791757252 0.260213
5.50870937246 0.224312
6.00950118009 0.205153
6.51029299538 0.218373
7.01108481832 0.233836
7.51187664888 0.231123
8.01266848705 0.207857
8.5134603328 0.190543
9.01425218613 0.210149
9.51504404699 0.287476
10.0158359154 0.289216
10.5166277913 0.27376
11.0174196747 0.275621
11.5182115655 0.2881
12.0190034639 0.305169
12.5197953696 0.322438
13.0205872828 0.336621
13.5213792033 0.342415
14.0221711312 0.340462
14.5229630665 0.340392
15.0237550091 0.347888
15.524546959 0.351633
16.0253389162 0.358788
16.5261308807 0.363899
17.0269228524 0.366396
17.5277148314 0.365769
18.0285068175 0.358885
18.5292988109 0.348852
19.0300908115 0.339437
19.5308828192 0.332927
20.031674834 0.326917
20.532466856 0.324293
21.033258885 0.323248
21.5340509212 0.323533
22.0348429644 0.324723
22.5356350146 0.328286
23.0364270718 0.332816
23.5372191361 0.338996
24.0380112073 0.345627
24.5388032855 0.353274
25.0395953707 0.361929
