-24.9857379424 0.515731
-24.4860168181 0.51341
-23.9862959538 0.518579
-23.4865753493 0.520215
-22.9868550048 0.521494
-22.4871349202 0.529496
-21.9874150954 0.542102
-21.4876955306 0.565795
-20.9879762257 0.617489
-20.4882571806 0.661808
-19.9885383954 0.683166
-19.4888198701 0.70523
-18.9891016046 0.693877
-18.489383599 0.668486
-17.9896658532 0.641803
-17.4899483673 0.629388
-16.9902311412 0.612864
-16.4905141749 0.57473
-15.9907974684 0.550767
-15.4910810217 0.517167
-14.9913648348 0.48726
-14.4916489078 0.456967
-13.9919332405 0.420115
-13.4922178329 0.437694
-12.9925026852 0.454355
-12.4927877972 0.50185
-11.993073169 0.533924
-11.4933588005 0.58212
-10.9936446918 0.577641
-10.4939308428 0.559538
-9.99421725355 0.547573
-9.494503924 0.531721
-8.99479085417 0.500921
-8.49507804405 0.45969
-7.99536549362 0.419538
-7.49565320289 0.38049
-6.99594117184 0.338946
-6.49622940047 0.306612
-5.99651788877 0.282413
-5.49680663674 0.266336
-4.99709564435 0.227127
-4.49738491162 0.155535
-3.99767443853 0.0779339
-3.49796422507 0.0848968
-2.99825427124 0.117837
-2.49854457703 0.174492
-1.99883514243 0.245048
-1.49912596743 0.297606
-0.999417052034 0.27441
-0.499708396226 0.258466
0 0.243322
0.49970813665 0.227173
0.999416013733 0.192699
1.49912363126 0.14272
1.99883098922 0.0779969
2.49853808765 0
2.99824492653 0.0169873
3.49795150589 0.0770182
3.99765782572 0.195997
4.49736388603 0.360792
4.99706968684 0.478161
5.49677522814 0.579928
5.99648050995 0.666675
6.49618553227 0.663205
6.99589029512 0.643788
7.49559479849 0.620296
7.9952990424 0.623571
8.49500302685 0.673313
8.99470675185 0.719277
9.49441021742 0.703608
9.99411342354 0.691971
10.4938163702 0.671089
10.9935190575 0.659678
11.4932214854 0.693641
11.9929236539 0.758959
12.4926255629 0.782235
12.9923272126 0.762675
13.4920286029 0.744832
13.9917297338 0.718954
14.4914306054 0.697476
14.9911312176 0.663896
15.4908315704 0.641853
15.9905316639 0.650803
16.4902314981 0.665435
16.9899310729 0.679493
17.4896303884 0.692698
17.9893294446 0.721818
18.4890282415 0.721
18.9887267791 0.718862
19.4884250574 0.694739
19.9881230764 0.670957
20.4878208362 0.662995
20.9875183366 0.658107
21.4872155779 0.655631
21.9869125598 0.656815
22.4866092825 0.664427
22.986305746 0.687001
23.4860019503 0.697944
23.9856978953 0.685199
24.4853935811 0.684884
24.9850890077 0.6808
