92.0611110181	-35.6478704163	-25.0226433666	117.245504603	-3880.15801127
92.066030723	-35.6499288798	-24.5221942262	117.245504603	-3874.73439921
92.0709506814	-35.6519871432	-24.0217449336	117.242637317	-3871.91398262
92.0758708934	-35.6540452066	-23.5212954886	117.239769739	-3859.92522312
92.080791359	-35.6561030698	-23.0208458914	117.23690187	-3852.9331158
92.0857120781	-35.6581607329	-22.5203961419	117.23403371	-3846.76201668
92.0906330508	-35.6602181958	-22.0199462401	117.231165258	-3839.65881887
92.095554277	-35.6622754584	-21.5194961861	117.228296514	-3824.92978053
92.1004757569	-35.6643325209	-21.0190459799	117.22542748	-3839.17548541
92.1053974904	-35.6663893831	-20.5185956215	117.222558154	-3850.82614637
92.1103194774	-35.668446045	-20.0181451108	117.219688536	-3829.97245487
92.1152417181	-35.6705025066	-19.517694448	117.216818628	-3832.88646138
92.1201642124	-35.6725587679	-19.0172436329	117.213948427	-3832.14749209
92.1250869603	-35.6746148289	-18.5167926657	117.211077936	-3831.03894825
92.1300099618	-35.6766706894	-18.0163415463	117.208207153	-3840.11772871
92.134933217	-35.6787263496	-17.5158902748	117.205336078	-3835.02420567
92.1398567258	-35.6807818093	-17.0154388511	117.202464712	-3820.98934162
92.1447804883	-35.6828370685	-16.5149872753	117.199593055	-3809.34982332
92.1497045045	-35.6848921273	-16.0145355474	117.196721106	-3823.08878076
92.1546287743	-35.6869469856	-15.5140836673	117.193848866	-3825.6789137
92.1595532978	-35.6890016433	-15.0136316352	117.190976335	-3820.02560618
92.164478075	-35.6910561005	-14.513179451	117.188103512	-3792.504992
92.1694031058	-35.693110357	-14.0127271147	117.185230397	-3790.2570625
92.1743283904	-35.695164413	-13.5122746263	117.182356991	-3790.65227974
92.1792539287	-35.6972182683	-13.0118219859	117.179483294	-3803.74144218
92.1841797207	-35.699271923	-12.5113691934	117.176609305	-3837.97160594
92.1891057664	-35.701325377	-12.0109162489	117.173735026	-3802.97144277
92.1940320659	-35.7033786303	-11.5104631524	117.170860454	-3782.57047312
92.1989586191	-35.7054316828	-11.0100099038	117.167985591	-3781.51405778
92.203885426	-35.7074845346	-10.5095565033	117.165110437	-3786.25650113
92.2088124867	-35.7095371855	-10.0091029508	117.162234991	-3791.87125847
92.2137398011	-35.7115896357	-9.50864924626	117.159359253	-3817.27670207
92.2186673694	-35.713641885	-9.0081953898	117.156483224	-3821.33628627
92.2235951914	-35.7156939335	-8.50774138138	117.153606905	-3829.10508507
92.2285232671	-35.7177457811	-8.00728722101	117.150730293	-3919.64160604
92.2334515967	-35.7197974277	-7.50683290872	117.14785339	-3926.44572154
92.2383801801	-35.7218488734	-7.0063784445	117.144976195	-3939.0733756
92.2433090172	-35.7239001181	-6.50592382838	117.14209871	-3916.89981029
92.2482381082	-35.7259511619	-6.00546906035	117.139220932	-3976.92381192
92.253167453	-35.7280020046	-5.50501414044	117.136342863	-4012.2326724
92.2580970516	-35.7300526463	-5.00455906865	117.133464503	-4024.75720339
92.2630269041	-35.7321030869	-4.50410384499	117.130585851	-4093.99721744
92.2679570104	-35.7341533264	-4.00364846948	117.127706908	-4208.75208216
92.2728873706	-35.7362033648	-3.50319294213	117.124827673	-4219.62042237
92.2778179846	-35.7382532021	-3.00273726295	117.121948147	-4222.2209595
92.2827488524	-35.7403028381	-2.50228143194	117.11906833	-4245.27202485
92.2876799742	-35.742352273	-2.00182544913	117.116188221	-4263.72007909
92.2926113498	-35.7444015066	-1.50136931452	117.11330782	-4270.71236461
92.2975429793	-35.746450539	-1.00091302812	117.110427129	-4276.48199424
92.3024748627	-35.7484993702	-0.500456589941	117.107546145	-4282.62075791
92.307407	-35.750548	0	117.10466487	-4284.57357966
92.3123393912	-35.7525964285	0.500456741694	117.101783304	-4271.1565327
92.3172720363	-35.7546446556	1.00091363513	117.098901446	-4246.96644126
92.3222049354	-35.7566926814	1.5013706803	117.096019297	-4215.23166966
92.3271380883	-35.7587405058	2.00182787718	117.093136856	-4171.20951628
92.3320714952	-35.7607881287	2.50228522578	117.090254124	-4144.13600461
92.3370051561	-35.7628355502	3.00274272607	117.087371101	-4113.81682142
92.3419390709	-35.7648827702	3.50320037805	117.084487785	-4063.87925249
92.3468732396	-35.7669297887	4.00365818171	117.081604179	-4060.81339155
92.3518076624	-35.7689766057	4.50411613702	117.078720281	-4057.2590963
92.3567423391	-35.7710232211	5.004574244	117.075836091	-4044.15129018
92.3616772697	-35.773069635	5.50503250261	117.07295161	-4036.53941106
92.3666124544	-35.7751158472	6.00549091285	117.070066838	-4025.52665132
92.3715478931	-35.7771618578	6.50594947471	117.067181774	-4016.69866111
92.3764835857	-35.7792076667	7.00640818818	117.064296419	-4002.54228901
92.3814195324	-35.781253274	7.50686705324	117.061410772	-3979.75698297
92.3863557331	-35.7832986795	8.00732606989	117.058524833	-3964.68032756
92.3912921878	-35.7853438833	8.50778523811	117.055638603	-3941.24807571
92.3962288965	-35.7873888854	9.0082445579	117.052752082	-3853.57254589
92.4011658593	-35.7894336857	9.50870402924	117.049865269	-3646.26278619
92.4061030761	-35.7914782841	10.0091636521	117.046978165	-3384.39173531
92.4110405469	-35.7935226807	10.5096234265	117.044090769	-3176.04475735
92.4159782718	-35.7955668755	11.0100833524	117.041203082	-3237.07894453
92.4209162508	-35.7976108684	11.5105434299	117.038315103	-3263.06006184
92.4258544839	-35.7996546593	12.0110036588	117.035426833	-3295.76629187
92.430792971	-35.8016982483	12.5114640392	117.032538271	-3412.91685805
92.4357317122	-35.8037416354	13.0119245711	117.029649418	-3522.5498706
92.4406707076	-35.8057848204	13.5123852544	117.026760273	-3635.32543134
92.445609957	-35.8078278035	14.0128460892	117.023870837	-3724.09118384
92.4505494605	-35.8098705845	14.5133070754	117.020981109	-3755.29441672
92.4554892181	-35.8119131634	15.0137682131	117.01809109	-3783.82539216
92.4604292299	-35.8139555403	15.5142295022	117.015200779	-3817.73903424
92.4653694958	-35.815997715	16.0146909426	117.012310177	-3871.26539955
92.4703100158	-35.8180396876	16.5151525345	117.009419283	-3956.26510053
92.47525079	-35.820081458	17.0156142778	117.006528098	-4008.15152306
92.4801918183	-35.8221230262	17.5160761724	117.003636621	-4047.95964532
92.4851331008	-35.8241643922	18.0165382184	117.000744853	-4067.67741425
92.4900746374	-35.8262055559	18.5170004157	116.997852793	-4077.85991665
92.4950164282	-35.8282465174	19.0174627643	116.994960442	-4084.47787408
92.4999584732	-35.8302872766	19.5179252643	116.992067799	-4089.09557651
92.5049007724	-35.8323278335	20.0183879156	116.989174865	-4090.53733049
92.5098433257	-35.834368188	20.5188507182	116.98628164	-4090.67808325
92.5147861333	-35.8364083401	21.0193136721	116.983388122	-4088.673802
92.519729195	-35.8384482898	21.5197767773	116.980494313	-4088.0560597
92.524672511	-35.8404880372	22.0202400338	116.977600213	-4093.09727651
92.5296160812	-35.842527582	22.5207034415	116.974705822	-4100.22829603
92.5345599056	-35.8445669244	23.0211670004	116.971811138	-4097.73853713
92.5395039843	-35.8466060643	23.5216307106	116.968916163	-4098.94482442
92.5444483171	-35.8486450016	24.022094572	116.966020897	-4093.56001291
92.5493929043	-35.8506837364	24.5225585846	116.963125339	-4088.38351361
92.5543377457	-35.8527222687	25.0230227484	116.96022949	-4087.8554924
