-24.9584452163 0.677708
-24.4592683302 0.6894
-23.9600917702 0.709996
-23.4609155364 0.722286
-22.9617396286 0.71924
-22.4625640468 0.716593
-21.9633887911 0.709971
-21.4642138614 0.695653
-20.9650392577 0.677952
-20.46586498 0.682919
-19.9666910282 0.717315
-19.4675174023 0.731951
-18.9683441024 0.73155
-18.4691711283 0.721656
-17.9699984802 0.726568
-17.4708261578 0.717982
-16.9716541613 0.713832
-16.4724824906 0.711551
-15.9733111457 0.695564
-15.4741401266 0.681101
-14.9749694332 0.679667
-14.4757990655 0.690437
-13.9766290235 0.707462
-13.4774593072 0.720563
-12.9782899166 0.739743
-12.4791208516 0.760509
-11.9799521123 0.777493
-11.4807836985 0.793147
-10.9816156103 0.779639
-10.4824478477 0.77834
-9.98328041062 0.79059
-9.48411329905 0.800166
-8.98494651298 0.784186
-8.48578005239 0.765584
-7.98661391725 0.740866
-7.48744810755 0.709911
-6.98828262326 0.674754
-6.48911746436 0.646004
-5.98995263084 0.598991
-5.49078812266 0.564202
-4.99162393982 0.540441
-4.49246008229 0.534364
-3.99329655005 0.507678
-3.49413334307 0.361269
-2.99497046134 0.198426
-2.49580790484 0.081705
-1.99664567355 0.0142992
-1.49748376743 0
-0.998322186486 0.0189426
-0.499160930682 0.0348239
0 0.0487158
0.499160605581 0.063982
0.998320886083 0.0764311
1.49748084152 0.101981
1.99664047193 0.150779
2.49579977731 0.213803
2.9949587577 0.2263
3.49411741312 0.282014
3.99327574357 0.374658
4.4924337491 0.476175
4.99159142971 0.596992
5.49074878543 0.612975
5.98990581628 0.600514
6.48906252228 0.596127
6.98821890345 0.591458
7.48737495981 0.585051
7.98653069139 0.578493
8.4856860982 0.571194
8.98484118027 0.562557
9.48399593761 0.552167
9.98315037025 0.54107
10.4823044782 0.531602
10.9814582615 0.52283
11.4806117202 0.51579
11.9797648542 0.510081
12.4789176636 0.50655
12.9780701485 0.50431
13.4772223088 0.504203
13.9763741446 0.505364
14.4755256559 0.507701
14.9746768426 0.51122
15.4738277049 0.51542
15.9729782428 0.520732
16.4721284562 0.527211
16.9712783452 0.534386
17.4704279099 0.541952
17.9695771501 0.549547
18.4687260661 0.556077
18.9678746577 0.563579
19.467022925 0.570043
19.966170868 0.576508
20.4653184867 0.582995
20.9644657813 0.589197
21.4636127516 0.59454
21.9627593977 0.599466
22.4619057196 0.603161
22.9610517174 0.606389
23.4601973911 0.608902
23.9593427406 0.610061
24.4584877661 0.612081
24.9576324674 0.612251
