-25.0400212781 0.435582
-24.5392210535 0.448767
-24.0384208204 0.459814
-23.5376205788 0.468164
-23.0368203288 0.460048
-22.5360200702 0.446395
-22.0352198032 0.443342
-21.5344195278 0.442604
-21.033619244 0.444678
-20.5328189519 0.447769
-20.0320186513 0.467951
-19.5312183424 0.485468
-19.0304180252 0.507496
-18.5296176997 0.513901
-18.0288173659 0.511988
-17.5280170239 0.505878
-17.0272166736 0.511177
-16.5264163151 0.520671
-16.0256159483 0.513405
-15.5248155734 0.505403
-15.0240151904 0.495315
-14.5232147992 0.478081
-14.0224143998 0.455966
-13.5216139924 0.435008
-13.0208135768 0.418282
-12.5200131532 0.405962
-12.0192127216 0.3938
-11.5184122819 0.370711
-11.0176118343 0.33757
-10.5168113786 0.300558
-10.016010915 0.261313
-9.51521044341 0.22072
-9.01440996392 0.177861
-8.51360947651 0.136254
-8.01280898122 0.100056
-7.51200847806 0.068805
-7.01120796705 0.0458998
-6.51040744822 0.0282384
-6.00960692158 0.0139818
-5.50880638714 0.00304275
-5.00800584494 0
-4.50720529499 0.00151918
-4.00640473731 0.00678888
-3.50560417192 0.0167817
-3.00480359885 0.0284256
-2.5040030181 0.043058
-2.0032024297 0.0567475
-1.50240183367 0.0673363
-1.00160123003 0.0769914
-0.500800618801 0.083078
0 0.0861711
0.500800626352 0.0889207
1.00160126024 0.0949105
1.50240190163 0.10074
2.00320255052 0.108654
2.50400320688 0.117349
3.0048038707 0.125687
3.50560454194 0.139887
4.0064052206 0.163739
4.50720590665 0.188513
5.00800660008 0.210158
5.50880730086 0.222386
6.00960800897 0.228309
6.5104087244 0.240456
7.01120944712 0.270963
7.51201017711 0.302095
8.01281091436 0.309489
8.51361165885 0.305321
9.01441241055 0.30311
9.51521316945 0.311092
10.0160139355 0.316537
10.5168147088 0.302235
11.0176154891 0.313079
11.5184162766 0.329562
12.0192170712 0.366851
12.5200178728 0.406954
13.0208186815 0.431779
13.5216194973 0.468701
14.0224203201 0.493795
14.5232211498 0.503465
15.0240219866 0.510725
15.5248228303 0.526782
16.0256236809 0.537181
16.5264245385 0.540806
17.0272254029 0.551457
17.5280262743 0.570573
18.0288271525 0.589261
18.5296280375 0.607044
19.0304289294 0.625483
19.531229828 0.64412
20.0320307335 0.664287
20.5328316457 0.688713
21.0336325646 0.710248
21.5344334902 0.721396
22.0352344226 0.731878
22.5360353617 0.741007
23.0368363074 0.750044
23.5376372597 0.759563
24.0384382187 0.767488
24.5392391842 0.776321
25.0400401564 0.786035
