-25.0340401738 nan
-24.5333630864 nan
-24.0326858471 nan
-23.5320084559 nan
-23.0313309127 nan
-22.5306532177 nan
-22.0299753708 nan
-21.529297372 nan
-21.0286192214 nan
-20.5279409189 nan
-20.0272624647 nan
-19.5265838586 nan
-19.0259051008 nan
-18.5252261912 nan
-18.0245471298 nan
-17.5238679167 nan
-17.0231885519 nan
-16.5225090355 nan
-16.0218293673 nan
-15.5211495475 nan
-15.020469576 nan
-14.5197894529 nan
-14.0191091782 nan
-13.5184287519 nan
-13.017748174 nan
-12.5170674446 nan
-12.0163865636 nan
-11.515705531 nan
-11.015024347 nan
-10.5143430115 nan
-10.0136615245 nan
-9.51297988603 nan
-9.01229809613 nan
-8.51161615479 nan
-8.01093406205 nan
-7.51025181791 nan
-7.0095694224 nan
-6.50888687552 nan
-6.0082041773 nan
-5.50752132776 nan
-5.0068383269 nan
-4.50615517475 nan
-4.00547187133 nan
-3.50478841664 nan
-3.00410481072 nan
-2.50342105356 nan
-2.0027371452 nan
-1.50205308565 nan
-1.00136887492 nan
-0.50068451303 nan
0 nan
0.500684664155 nan
1.00136947942 nan
1.50205444577 nan
2.0027395632 nan
2.50342483169 nan
3.00411025122 nan
3.50479582177 nan
4.00548154333 nan
4.50616741587 nan
5.0068534394 nan
5.50753961387 nan
6.00822593929 nan
6.50891241563 nan
7.00959904288 nan
7.51028582101 nan
8.01097275002 nan
8.51165982988 nan
9.01234706058 nan
9.5130344421 nan
10.0137219744 nan
10.5144096575 nan
11.0150974914 nan
11.5157854761 nan
12.0164736114 nan
12.5171618975 nan
13.0178503343 nan
13.5185389218 nan
14.01922766 nan
14.5199165488 nan
15.0206055882 nan
15.5212947783 nan
16.0219841189 nan
16.5226736102 nan
17.023363252 nan
17.5240530443 nan
18.0247429872 nan
18.5254330806 nan
19.0261233245 nan
19.5268137189 nan
20.0275042638 nan
20.5281949591 nan
21.0288858048 nan
21.529576801 nan
22.0302679475 nan
22.5309592445 nan
23.0316506917 nan
23.5323422894 nan
24.0330340374 nan
24.5337259356 nan
25.0344179842 nan
