-25.0294332553 0.383164
-24.5288472669 0.399777
-24.028261169 0.409492
-23.5276749616 0.407378
-23.0270886448 0.414326
-22.5265022185 0.422913
-22.0259156828 0.427108
-21.5253290377 0.432666
-21.0247422832 0.432545
-20.5241554193 0.452495
-20.0235684461 0.454951
-19.5229813635 0.446569
-19.0223941715 0.451113
-18.5218068703 0.46653
-18.0212194597 0.484495
-17.5206319398 0.497546
-17.0200443106 0.511568
-16.5194565722 0.527187
-16.0188687245 0.537538
-15.5182807676 0.547871
-15.0176927015 0.551635
-14.5171045261 0.558292
-14.0165162416 0.572381
-13.5159278479 0.577827
-13.015339345 0.578036
-12.5147507329 0.582105
-12.0141620117 0.595535
-11.5135731814 0.602541
-11.012984242 0.592783
-10.5123951935 0.576749
-10.0118060359 0.564754
-9.51121676928 0.543015
-9.01062739358 0.508834
-8.51003790885 0.48937
-8.00944831509 0.471464
-7.50885861233 0.453944
-7.00826880057 0.454686
-6.50767887984 0.445341
-6.00708885015 0.437204
-5.50649871151 0.422258
-5.00590846393 0.415706
-4.50531810743 0.413528
-4.00472764203 0.377733
-3.50413706774 0.328496
-3.00354638457 0.266165
-2.50295559255 0.222805
-2.00236469167 0.176645
-1.50177368197 0.128509
-1.00118256344 0.0804106
-0.500591336116 0.0525118
0 0.0423744
0.500591444889 0.020889
1.00118299854 0
1.50177466093 0.0248881
2.00236643205 0.0592703
2.50295831189 0.0881493
3.00355030043 0.105837
3.50414239766 0.125097
4.00473460356 0.165881
4.50532691811 0.209596
5.00591934131 0.248257
5.50651187314 0.275767
6.00710451357 0.280141
6.50769726261 0.287803
7.00829012024 0.299334
7.50888308643 0.298658
8.00947616117 0.307635
8.51006934446 0.320608
9.01066263628 0.329357
9.5112560366 0.333172
10.0118495454 0.345459
10.5124431627 0.374743
11.0130368885 0.387488
11.5136307227 0.404981
12.0142246654 0.425851
12.5148187165 0.390752
13.015412876 0.325222
13.5160071439 0.298471
14.0166015201 0.291107
14.5171960048 0.288194
15.0177905977 0.285104
15.5183852991 0.275885
16.0189801087 0.27054
16.5195750266 0.268078
17.0201700529 0.266157
17.5207651874 0.270016
18.0213604302 0.266957
18.5219557812 0.262353
19.0225512405 0.260726
19.5231468079 0.250275
20.0237424836 0.241006
20.5243382675 0.239829
21.0249341595 0.235411
21.5255301598 0.21821
22.0261262681 0.212115
22.5267224846 0.209586
23.0273188092 0.202003
23.5279152419 0.193659
24.0285117827 0.185713
24.5291084315 0.183552
25.0297051884 0.188489
