-24.9815892905 nan
-24.4819495434 nan
-23.9823101213 nan
-23.4826710243 nan
-22.9830322525 nan
-22.4833938056 nan
-21.9837556839 nan
-21.4841178872 nan
-20.9844804156 nan
-20.484843269 nan
-19.9852064474 nan
-19.4855699508 nan
-18.9859337793 nan
-18.4862979327 nan
-17.9866624111 nan
-17.4870272146 nan
-16.9873923429 nan
-16.4877577963 nan
-15.9881235746 nan
-15.4884896779 nan
-14.988856106 nan
-14.4892228591 nan
-13.9895899372 nan
-13.4899573401 nan
-12.9903250679 nan
-12.4906931207 nan
-11.9910614983 nan
-11.4914302007 nan
-10.9917992281 nan
-10.4921685802 nan
-9.99253825727 nan
-9.49290825912 nan
-8.9932785858 nan
-8.49364923729 nan
-7.99402021359 nan
-7.49439151468 nan
-6.99476314055 nan
-6.49513509121 nan
-5.99550736662 nan
-5.4958799668 nan
-4.99625289172 nan
-4.49662614139 nan
-3.99699971578 nan
-3.49737361489 nan
-2.99774783871 nan
-2.49812238723 nan
-1.99849726044 nan
-1.49887245833 nan
-0.999247980893 nan
-0.49962382812 nan
0 nan
0.499623503477 nan
0.999246682321 nan
1.49886953654 nan
1.99849206614 nan
2.49811427114 nan
2.99773615155 nan
3.49735770736 nan
3.99697893861 nan
4.49659984528 nan
4.9962204274 nan
5.49584068497 nan
5.995460618 nan
6.4950802265 nan
6.99469951049 nan
7.49431846996 nan
7.99393710494 nan
8.49355541542 nan
8.99317340143 nan
9.49279106297 nan
9.99240840004 nan
10.4920254127 nan
10.9916421008 nan
11.4912584646 nan
11.9908745039 nan
12.4904902188 nan
12.9901056094 nan
13.4897206755 nan
13.9893354172 nan
14.4889498346 nan
14.9885639276 nan
15.4881776962 nan
15.9877911405 nan
16.4874042605 nan
16.9870170561 nan
17.4866295275 nan
17.9862416745 nan
18.4858534972 nan
18.9854649957 nan
19.4850761698 nan
19.9846870198 nan
20.4842975454 nan
20.9839077468 nan
21.483517624 nan
21.9831271769 nan
22.4827364056 nan
22.9823453102 nan
23.4819538905 nan
23.9815621466 nan
24.4811700786 nan
24.9807776864 nan
