-24.9754345414 nan
-24.4759174845 nan
-23.9764007693 nan
-23.4768843957 nan
-22.9773683638 nan
-22.4778526735 nan
-21.9783373248 nan
-21.4788223177 nan
-20.9793076523 nan
-20.4797933284 nan
-19.980279346 nan
-19.4807657053 nan
-18.9812524061 nan
-18.4817394484 nan
-17.9822268322 nan
-17.4827145576 nan
-16.9832026244 nan
-16.4836910328 nan
-15.9841797826 nan
-15.4846688738 nan
-14.9851583066 nan
-14.4856480807 nan
-13.9861381963 nan
-13.4866286533 nan
-12.9871194517 nan
-12.4876105914 nan
-11.9881020726 nan
-11.4885938951 nan
-10.989086059 nan
-10.4895785641 nan
-9.99007141066 nan
-9.4905645985 nan
-8.99105812763 nan
-8.49155199805 nan
-7.99204620974 nan
-7.49254076269 nan
-6.9930356569 nan
-6.49353089234 nan
-5.99402646901 nan
-5.49452238689 nan
-4.99501864597 nan
-4.49551524623 nan
-3.99601218768 nan
-3.49650947028 nan
-2.99700709403 nan
-2.49750505893 nan
-1.99800336494 nan
-1.49850201207 nan
-0.999001000297 nan
-0.499500329612 nan
0 nan
0.499499988549 nan
0.998999636049 nan
1.49849894251 nan
1.99799790795 nan
2.49749653238 nan
2.99699481581 nan
3.49649275825 nan
3.99599035972 nan
4.49548762023 nan
4.99498453979 nan
5.49448111842 nan
5.99397735612 nan
6.49347325291 nan
6.99296880881 nan
7.49246402381 nan
7.99195889795 nan
8.49145343123 nan
8.99094762366 nan
9.49044147526 nan
9.98993498604 nan
10.489428156 nan
10.9889209852 nan
11.4884134736 nan
11.9879056212 nan
12.4873974281 nan
12.9868888942 nan
13.4863800196 nan
13.9858708042 nan
14.4853612482 nan
14.9848513515 nan
15.4843411141 nan
15.983830536 nan
16.4833196173 nan
16.9828083579 nan
17.4822967579 nan
17.9817848173 nan
18.481272536 nan
18.9807599142 nan
19.4802469518 nan
19.9797336489 nan
20.4792200054 nan
20.9787060213 nan
21.4781916968 nan
21.9776770317 nan
22.4771620261 nan
22.9766466801 nan
23.4761309935 nan
23.9756149665 nan
24.4750985991 nan
24.9745818912 nan
