93.6416558359	-34.2611610726	-24.958446829	0.343317669873	-4115.4702431
93.6416884346	-34.2566645504	-24.4592699104	0.343317669873	-4115.5868593
93.6417210298	-34.2521680281	-23.960093318	0.343299318997	-4117.19766984
93.6417536215	-34.2476715059	-23.4609170517	0.343280972414	-4111.72422747
93.6417862097	-34.2431749836	-22.9617411115	0.343262629375	-4118.7548017
93.6418187944	-34.2386784613	-22.4625654974	0.343244290932	-4126.56078849
93.6418513757	-34.2341819391	-21.9633902093	0.343225956338	-4128.2257833
93.6418839534	-34.2296854168	-21.4642152472	0.343207625744	-4120.68519589
93.6419165277	-34.2251888945	-20.9650406111	0.343189299302	-4109.89406331
93.6419490986	-34.2206923722	-20.465866301	0.343170977015	-4101.42343498
93.6419816659	-34.2161958498	-19.9666923168	0.343152658586	-4092.93639087
93.6420142298	-34.2116993275	-19.4675186586	0.343134344467	-4089.25822875
93.6420467902	-34.2072028052	-18.9683453263	0.343116034208	-4087.09241769
93.6420793471	-34.2027062828	-18.4691723199	0.343097728114	-4075.53463062
93.6421119005	-34.1982097605	-17.9699996394	0.343079426184	-4060.71036037
93.6421444505	-34.1937132381	-17.4708272847	0.343061128122	-4046.06126356
93.642176997	-34.1892167157	-16.9716552559	0.343042834382	-4040.6293402
93.64220954	-34.1847201934	-16.4724835529	0.343024544364	-4040.60217388
93.6422420796	-34.180223671	-15.9733121757	0.34300625867	-4038.79852871
93.6422746157	-34.1757271486	-15.4741411242	0.342987976854	-4044.50129357
93.6423071483	-34.1712306262	-14.9749703985	0.342969699365	-4064.64936296
93.6423396775	-34.1667341037	-14.4757999986	0.342951425608	-4092.1447297
93.6423722032	-34.1622375813	-13.9766299243	0.342933156184	-4102.93814966
93.6424047254	-34.1577410589	-13.4774601758	0.342914890795	-4117.42051969
93.6424372442	-34.1532445365	-12.9782907529	0.342896629144	-4129.87853356
93.6424697595	-34.148748014	-12.4791216556	0.342878371984	-4133.09398516
93.6425022713	-34.1442514915	-11.979952884	0.342860118565	-4134.55530845
93.6425347797	-34.1397549691	-11.480784438	0.342841869491	-4114.07201327
93.6425672846	-34.1352584466	-10.9816163176	0.342823624162	-4200.7706159
93.6425997861	-34.1307619241	-10.4824485227	0.342805382881	-4161.23221239
93.6426322841	-34.1262654016	-9.98328105343	0.342787145953	-4152.96293211
93.6426647786	-34.1217688791	-9.48411390965	0.342768912923	-4189.14449252
93.6426972697	-34.1172723566	-8.98494709138	0.342750683955	-4208.12167254
93.6427297574	-34.1127758341	-8.48578059859	0.342732458888	-4221.53287582
93.6427622415	-34.1082793116	-7.98661443126	0.342714238184	-4229.7455587
93.6427947223	-34.103782789	-7.48744858938	0.342696021089	-4250.29044198
93.6428271996	-34.0992862665	-6.98828307291	0.34267780851	-4286.57667439
93.6428596734	-34.094789744	-6.48911788185	0.342659599545	-4362.56371464
93.6428921438	-34.0902932214	-5.98995301616	0.342641395098	-4414.40884387
93.6429246107	-34.0857966988	-5.49078847584	0.342623194272	-4463.1318851
93.6429570742	-34.0813001762	-4.99162426085	0.342604997817	-4506.35228592
93.6429895342	-34.0768036537	-4.49246037118	0.342586804988	-4514.32071539
93.6430219908	-34.0723071311	-3.99329680681	0.342568616684	-4531.07892659
93.6430544439	-34.0678106085	-3.49413356771	0.34255043201	-4544.84782982
93.6430868936	-34.0633140859	-2.99497065387	0.342532251567	-4513.85609289
93.6431193399	-34.0588175632	-2.49580806526	0.342514075355	-4469.5209149
93.6431517827	-34.0543210406	-1.99664580187	0.342495902781	-4462.72439191
93.6431842221	-34.049824518	-1.49748386366	0.342477734443	-4491.82885242
93.643216658	-34.0453279953	-0.998322250632	0.342459570344	-4541.0793633
93.6432490905	-34.0408314727	-0.499160962752	0.342441409887	-4561.10949414
93.6432815196	-34.03633495	0	0.342423253824	-4586.49486836
93.6433139452	-34.0318384273	0.499160637642	0.342405101407	-4642.53384886
93.6433463674	-34.0273419047	0.998320950198	0.342386953387	-4742.38875099
93.6433787861	-34.022845382	1.49748093768	0.342368809319	-4781.87469485
93.6434112014	-34.0183488593	1.99664060013	0.342350669051	-4804.6543368
93.6434436133	-34.0138523366	2.49579993754	0.34233253319	-4826.02405564
93.6434760217	-34.0093558139	2.99495894996	0.342314400985	-4816.9852244
93.6435084267	-34.0048592911	3.49411763739	0.342296272887	-4824.87554987
93.6435408283	-34.0003627684	3.99327599985	0.342278149201	-4827.50220237
93.6435732264	-33.9958662457	4.49243403738	0.342260029029	-4829.85252081
93.6436056212	-33.9913697229	4.99159174999	0.342241913121	-4820.17073183
93.6436380125	-33.9868732002	5.49074913769	0.342223801331	-4748.40419578
93.6436704003	-33.9823766774	5.98990620052	0.34220569321	-4466.29101544
93.6437027847	-33.9778801546	6.48906293849	0.342187589512	-4365.92678388
93.6437351658	-33.9733836318	6.98821935163	0.342169489635	-4338.76830285
93.6437675433	-33.9688871091	7.48737543994	0.342151393887	-4353.23717296
93.6437999175	-33.9643905863	7.98653120347	0.342133302116	-4322.63749564
93.6438322882	-33.9598940635	8.48568664222	0.342115214324	-4337.48325705
93.6438646556	-33.9553975406	8.98484175622	0.342097130515	-4360.51304898
93.6438970195	-33.9509010178	9.48399654549	0.34207905084	-4374.17688287
93.6439293799	-33.946404495	9.98315101005	0.342060975003	-4398.4705197
93.643961737	-33.9419079721	10.4823051499	0.342042903453	-4365.39119278
93.6439940906	-33.9374114493	10.9814589651	0.342024835745	-4254.03715719
93.6440264408	-33.9329149264	11.4806124557	0.342006772029	-4143.5314766
93.6440587877	-33.9284184036	11.9797656216	0.341988712458	-4087.59735082
93.644091131	-33.9239218807	12.4789184629	0.341970656735	-4080.18147564
93.644123471	-33.9194253578	12.9780709797	0.341952605161	-4105.75494004
93.6441558076	-33.9149288349	13.4772231718	0.341934557589	-4075.13755921
93.6441881407	-33.910432312	13.9763750395	0.341916513718	-4023.1072515
93.6442204705	-33.9059357891	14.4755265826	0.341898474457	-3951.25844343
93.6442527968	-33.9014392662	14.9746778012	0.341880438599	-3910.01829812
93.6442851197	-33.8969427433	15.4738286953	0.341862407053	-3969.76135584
93.6443174392	-33.8924462203	15.972979265	0.341844379671	-4067.8803149
93.6443497553	-33.8879496974	16.4721295103	0.341826356001	-4158.12953229
93.644382068	-33.8834531745	16.9712794311	0.341808336346	-4221.40305752
93.6444143773	-33.8789566515	17.4704290275	0.341790321012	-4293.16764763
93.6444466832	-33.8744601285	17.9695782996	0.341772309397	-4396.07259202
93.6444789857	-33.8699636055	18.4687272473	0.341754301806	-4471.13540853
93.6445112848	-33.8654670826	18.9678758707	0.341736298238	-4503.84718339
93.6445435805	-33.8609705596	19.4670241698	0.341718298548	-4511.06639795
93.6445758727	-33.8564740366	19.9661721445	0.341700303186	-4488.97621118
93.6446081616	-33.8519775136	20.4653197951	0.341682311556	-4457.17653976
93.6446404471	-33.8474809905	20.9644671213	0.341664324109	-4429.39037628
93.6446727292	-33.8429844675	21.4636141234	0.341646340696	-4417.00025005
93.6447050078	-33.8384879445	21.9627608012	0.341628360871	-4406.66103861
93.6447372831	-33.8339914214	22.4619071549	0.341610385387	-4395.31913457
93.644769555	-33.8294948984	22.9610531844	0.341592413793	-4383.67271376
93.6448018235	-33.8249983753	23.4601988898	0.341574446395	-4373.85719697
93.6448340886	-33.8205018523	23.959344271	0.341556482588	-4365.89565717
93.6448663503	-33.8160053292	24.4584893282	0.341538523284	-4360.58134891
93.6448986086	-33.8115088061	24.9576340613	0.341520567576	-4357.33903817
