-25.0305184753 nan
-24.5299119622 nan
-24.0293052914 nan
-23.5286984629 nan
-23.0280914769 nan
-22.5274843333 nan
-22.0268770321 nan
-21.5262695733 nan
-21.0256619569 nan
-20.5250541831 nan
-20.0244462517 nan
-19.5238381628 nan
-19.0232299164 nan
-18.5226215125 nan
-18.0220129512 nan
-17.5214042324 nan
-17.0207953562 nan
-16.5201863225 nan
-16.0195771315 nan
-15.5189677831 nan
-15.0183582773 nan
-14.5177486142 nan
-14.0171387937 nan
-13.5165288159 nan
-13.0159186807 nan
-12.5153083883 nan
-12.0146979386 nan
-11.5140873316 nan
-11.0134765674 nan
-10.5128656459 nan
-10.0122545672 nan
-9.51164333135 nan
-9.01103193826 nan
-8.510420388 nan
-8.00980868058 nan
-7.509196816 nan
-7.0085847943 nan
-6.50797261548 nan
-6.00736027955 nan
-5.50674778654 nan
-5.00613513646 nan
-4.50552232932 nan
-4.00490936514 nan
-3.50429624394 nan
-3.00368296571 nan
-2.5030695305 nan
-2.0024559383 nan
-1.50184218914 nan
-1.00122828302 nan
-0.500614219972 nan
0 nan
0.500614376879 nan
1.00122891065 nan
1.50184360129 nan
2.0024584488 nan
2.50307345315 nan
3.00368861433 nan
3.50430393233 nan
4.00491940713 nan
4.50553503871 nan
5.00615082707 nan
5.50676677217 nan
6.00738287402 nan
6.5079991326 nan
7.00861554788 nan
7.50923211985 nan
8.00984884851 nan
8.51046573383 nan
9.0110827758 nan
9.5116999744 nan
10.0123173296 nan
10.5129348414 nan
11.0135525099 nan
11.5141703348 nan
12.0147883164 nan
12.5154064545 nan
13.0160247491 nan
13.5166432002 nan
14.0172618078 nan
14.5178805719 nan
15.0184994925 nan
15.5191185695 nan
16.019737803 nan
16.5203571929 nan
17.0209767392 nan
17.5215964418 nan
18.0222163009 nan
18.5228363163 nan
19.0234564881 nan
19.5240768161 nan
20.0246973005 nan
20.5253179412 nan
21.0259387382 nan
21.5265596915 nan
22.027180801 nan
22.5278020667 nan
23.0284234887 nan
23.5290450669 nan
24.0296668012 nan
24.5302886918 nan
25.0309107385 nan
