-25.0396434481 0
-24.5388507886 0.0390978
-24.0380581203 0.0515056
-23.5372654432 0.0544415
-23.0364727572 0.0596703
-22.5356800624 0.0725776
-22.0348873588 0.0738838
-21.5340946465 0.0637082
-21.0333019254 0.0512626
-20.5325091956 0.0620344
-20.0317164571 0.0806314
-19.5309237099 0.101213
-19.030130954 0.102582
-18.5293381894 0.158412
-18.0285454163 0.169685
-17.5277526345 0.109097
-17.0269598442 0.0591041
-16.5261670452 0.0529029
-16.0253742377 0.0654033
-15.5245814217 0.0897996
-15.0237885972 0.106839
-14.5229957642 0.0810469
-14.0222029227 0.0673354
-13.5214100727 0.0810211
-13.0206172143 0.111171
-12.5198243475 0.16221
-12.0190314723 0.178377
-11.5182385888 0.167168
-11.0174456968 0.163344
-10.5166527966 0.173304
-10.015859888 0.177811
-9.51506697112 0.181617
-9.01427404597 0.184799
-8.51348111256 0.185275
-8.0126881709 0.189355
-7.51189522103 0.183284
-7.01110226296 0.1652
-6.51030929671 0.1483
-6.0095163223 0.126269
-5.50872333975 0.0912327
-5.00793034908 0.0565505
-4.50713735031 0.0342528
-4.00634434345 0.0298419
-3.50555132853 0.0326343
-3.00475830557 0.0523355
-2.50396527459 0.0741581
-2.0031722356 0.0977447
-1.50237918863 0.119494
-1.00158613369 0.133069
-0.500793070807 0.13272
0 0.123756
0.500793078713 0.125282
1.00158616531 0.130333
1.50237925978 0.158121
2.00317236209 0.181996
2.50396547223 0.197209
3.00475859018 0.206558
3.50555171592 0.213164
4.00634484942 0.209655
4.50713799068 0.227626
5.00793113966 0.246859
5.50872429636 0.272075
6.00951746074 0.280381
6.5103106328 0.286686
7.0111038125 0.289171
7.51189699984 0.279709
8.01269019479 0.276393
8.51348339733 0.279673
9.01427660745 0.274689
9.51506982512 0.258598
10.0158630503 0.244872
10.516656283 0.249699
11.0174495233 0.255104
11.5182427709 0.258531
12.0190360261 0.262995
12.5198292887 0.27194
13.0206225587 0.278184
13.521415836 0.283048
14.0222091208 0.288139
14.5230024129 0.291161
15.0237957124 0.294835
15.5245890192 0.297717
16.0253823333 0.300225
16.5261756546 0.302158
17.0269689833 0.305118
17.5277623191 0.306683
18.0285556622 0.307574
18.5293490125 0.307654
19.0301423699 0.307646
19.5309357346 0.305679
20.0317291063 0.304169
20.5325224852 0.301625
21.0333158712 0.299058
21.5341092643 0.296461
22.0349026644 0.294116
22.5356960716 0.292903
23.0364894858 0.291623
23.537282907 0.290476
24.0380763352 0.291271
24.5388697704 0.292595
25.0396632125 0.29411
