92.3109193367	-38.6470370522	-24.9747551219	359.875183634	NaN
92.3109067952	-38.6425404599	-24.4752516387	359.875183634	NaN
92.3108942552	-38.6380438676	-23.9757484979	359.875191466	NaN
92.3108817168	-38.6335472753	-23.4762456993	359.875199296	NaN
92.31086918	-38.629050683	-22.9767432429	359.875207125	NaN
92.3108566448	-38.6245540907	-22.4772411288	359.875214952	NaN
92.3108441111	-38.6200574984	-21.9777393568	359.875222777	NaN
92.310831579	-38.6155609061	-21.4782379271	359.8752306	NaN
92.3108190485	-38.6110643138	-20.9787368396	359.875238422	NaN
92.3108065196	-38.6065677215	-20.4792360943	359.875246241	NaN
92.3107939922	-38.6020711292	-19.9797356912	359.87525406	NaN
92.3107814664	-38.5975745369	-19.4802356302	359.875261876	NaN
92.3107689422	-38.5930779446	-18.9807359113	359.87526969	NaN
92.3107564195	-38.5885813523	-18.4812365346	359.875277503	NaN
92.3107438984	-38.58408476	-17.9817375	359.875285314	NaN
92.3107313789	-38.5795881677	-17.4822388075	359.875293124	NaN
92.3107188609	-38.5750915754	-16.9827404571	359.875300931	NaN
92.3107063445	-38.570594983	-16.4832424488	359.875308737	NaN
92.3106938297	-38.5660983907	-15.9837447826	359.875316541	NaN
92.3106813164	-38.5616017984	-15.4842474584	359.875324343	NaN
92.3106688047	-38.5571052061	-14.9847504763	359.875332144	NaN
92.3106562946	-38.5526086138	-14.4852538362	359.875339943	NaN
92.310643786	-38.5481120215	-13.9857575381	359.87534774	NaN
92.310631279	-38.5436154291	-13.486261582	359.875355535	NaN
92.3106187735	-38.5391188368	-12.9867659679	359.875363329	NaN
92.3106062697	-38.5346222445	-12.4872706958	359.875371121	NaN
92.3105937673	-38.5301256522	-11.9877757657	359.875378911	NaN
92.3105812666	-38.5256290598	-11.4882811775	359.875386699	NaN
92.3105687674	-38.5211324675	-10.9887869313	359.875394486	NaN
92.3105562698	-38.5166358752	-10.489293027	359.875402271	NaN
92.3105437737	-38.5121392828	-9.98979946463	359.875410054	NaN
92.3105312792	-38.5076426905	-9.49030624415	359.875417836	NaN
92.3105187862	-38.5031460982	-8.99081336556	359.875425615	NaN
92.3105062949	-38.4986495058	-8.49132082886	359.875433393	NaN
92.310493805	-38.4941529135	-7.99182863402	359.875441169	NaN
92.3104813168	-38.4896563212	-7.49233678103	359.875448944	NaN
92.31046883	-38.4851597288	-6.99284526989	359.875456717	NaN
92.3104563449	-38.4806631365	-6.49335410057	359.875464488	NaN
92.3104438613	-38.4761665441	-5.99386327307	359.875472257	NaN
92.3104313793	-38.4716699518	-5.49437278737	359.875480025	NaN
92.3104188988	-38.4671733595	-4.99488264347	359.87548779	NaN
92.3104064199	-38.4626767671	-4.49539284134	359.875495554	NaN
92.3103939425	-38.4581801748	-3.99590338097	359.875503317	NaN
92.3103814667	-38.4536835824	-3.49641426235	359.875511077	NaN
92.3103689924	-38.4491869901	-2.99692548548	359.875518836	NaN
92.3103565197	-38.4446903977	-2.49743705033	359.875526593	NaN
92.3103440486	-38.4401938054	-1.99794895689	359.875534349	NaN
92.310331579	-38.435697213	-1.49846120515	359.875542102	NaN
92.3103191109	-38.4312006207	-0.998973795095	359.875549855	NaN
92.3103066444	-38.4267040283	-0.499486726717	359.875557605	NaN
92.3102941795	-38.4222074359	0	359.875565353	NaN
92.3102817161	-38.4177108436	0.499486385069	359.8755731	NaN
92.3102692543	-38.4132142512	0.998972428504	359.875580845	NaN
92.310256794	-38.4087176589	1.49845813031	359.875588588	NaN
92.3102443352	-38.4042210665	1.99794349052	359.87559633	NaN
92.3102318781	-38.3997244741	2.49742850912	359.875604069	NaN
92.3102194224	-38.3952278818	2.99691318615	359.875611808	NaN
92.3102069683	-38.3907312894	3.4963975216	359.875619544	NaN
92.3101945158	-38.386234697	3.99588151549	359.875627279	NaN
92.3101820648	-38.3817381047	4.49536516784	359.875635011	NaN
92.3101696154	-38.3772415123	4.99484847866	359.875642743	NaN
92.3101571675	-38.3727449199	5.49433144797	359.875650472	NaN
92.3101447211	-38.3682483276	5.99381407576	359.8756582	NaN
92.3101322763	-38.3637517352	6.49329636206	359.875665926	NaN
92.3101198331	-38.3592551428	6.99277830689	359.87567365	NaN
92.3101073914	-38.3547585504	7.49225991025	359.875681373	NaN
92.3100949512	-38.350261958	7.99174117215	359.875689094	NaN
92.3100825126	-38.3457653657	8.49122209262	359.875696812	NaN
92.3100700755	-38.3412687733	8.99070267165	359.87570453	NaN
92.31005764	-38.3367721809	9.49018290928	359.875712245	NaN
92.310045206	-38.3322755885	9.9896628055	359.87571996	NaN
92.3100327736	-38.3277789961	10.4891423603	359.875727672	NaN
92.3100203427	-38.3232824037	10.9886215738	359.875735382	NaN
92.3100079133	-38.3187858114	11.4881004459	359.875743091	NaN
92.3099954855	-38.314289219	11.9875789766	359.875750798	NaN
92.3099830592	-38.3097926266	12.4870571661	359.875758503	NaN
92.3099706345	-38.3052960342	12.9865350141	359.875766207	NaN
92.3099582113	-38.3007994418	13.4860125209	359.875773909	NaN
92.3099457896	-38.2963028494	13.9854896864	359.875781609	NaN
92.3099333695	-38.291806257	14.4849665106	359.875789307	NaN
92.309920951	-38.2873096646	14.9844429936	359.875797004	NaN
92.3099085339	-38.2828130722	15.4839191352	359.875804699	NaN
92.3098961184	-38.2783164798	15.9833949357	359.875812392	NaN
92.3098837045	-38.2738198874	16.4828703949	359.875820084	NaN
92.309871292	-38.269323295	16.9823455129	359.875827774	NaN
92.3098588811	-38.2648267026	17.4818202897	359.875835462	NaN
92.3098464718	-38.2603301102	17.9812947252	359.875843148	NaN
92.309834064	-38.2558335178	18.4807688197	359.875850833	NaN
92.3098216577	-38.2513369254	18.9802425729	359.875858516	NaN
92.309809253	-38.246840333	19.479715985	359.875866197	NaN
92.3097968498	-38.2423437406	19.979189056	359.875873877	NaN
92.3097844481	-38.2378471482	20.4786617858	359.875881555	NaN
92.3097720479	-38.2333505557	20.9781341746	359.875889231	NaN
92.3097596493	-38.2288539633	21.4776062222	359.875896905	NaN
92.3097472523	-38.2243573709	21.9770779287	359.875904578	NaN
92.3097348567	-38.2198607785	22.4765492942	359.875912249	NaN
92.3097224627	-38.2153641861	22.9760203186	359.875919918	NaN
92.3097100702	-38.2108675937	23.475491002	359.875927586	NaN
92.3096976793	-38.2063710012	23.9749613444	359.875935251	NaN
92.3096852899	-38.2018744088	24.4744313457	359.875942915	NaN
92.309672902	-38.1973778164	24.973901006	359.875950578	NaN
