90.7990231586	-38.8156440007	-24.9806411178	343.923023621	NaN
90.7974250898	-38.8113232467	-24.4810202293	343.923023621	NaN
90.7958272149	-38.8070024709	-23.9813996701	343.92402527	NaN
90.7942295338	-38.8026816734	-23.4817794404	343.925026704	NaN
90.7926320464	-38.7983608541	-22.98215954	343.926027922	NaN
90.7910347527	-38.7940400131	-22.4825399689	343.927028925	NaN
90.7894376527	-38.7897191503	-21.9829207272	343.928029713	NaN
90.7878407463	-38.7853982658	-21.4833018149	343.929030286	NaN
90.7862440334	-38.7810773595	-20.9836832318	343.930030643	NaN
90.784647514	-38.7767564316	-20.4840649781	343.931030785	NaN
90.783051188	-38.7724354819	-19.9844470537	343.932030712	NaN
90.7814550555	-38.7681145105	-19.4848294586	343.933030425	NaN
90.7798591162	-38.7637935174	-18.9852121928	343.934029922	NaN
90.7782633702	-38.7594725026	-18.4855952563	343.935029204	NaN
90.7766678175	-38.7551514661	-17.985978649	343.936028272	NaN
90.7750724579	-38.7508304079	-17.486362371	343.937027125	NaN
90.7734772915	-38.746509328	-16.9867464223	343.938025763	NaN
90.7718823181	-38.7421882265	-16.4871308028	343.939024186	NaN
90.7702875378	-38.7378671033	-15.9875155125	343.940022394	NaN
90.7686929504	-38.7335459584	-15.4879005515	343.941020388	NaN
90.7670985559	-38.7292247919	-14.9882859196	343.942018168	NaN
90.7655043543	-38.7249036037	-14.488671617	343.943015733	NaN
90.7639103455	-38.7205823939	-13.9890576436	343.944013083	NaN
90.7623165295	-38.7162611624	-13.4894439993	343.945010219	NaN
90.7607229062	-38.7119399093	-12.9898306842	343.946007141	NaN
90.7591294755	-38.7076186346	-12.4902176983	343.947003848	NaN
90.7575362374	-38.7032973382	-11.9906050416	343.948000341	NaN
90.7559431919	-38.6989760203	-11.490992714	343.94899662	NaN
90.7543503389	-38.6946546807	-10.9913807155	343.949992685	NaN
90.7527576783	-38.6903333195	-10.4917690461	343.950988535	NaN
90.7511652101	-38.6860119367	-9.99215770587	343.951984172	NaN
90.7495729343	-38.6816905323	-9.49254669474	343.952979594	NaN
90.7479808507	-38.6773691064	-8.9929360127	343.953974803	NaN
90.7463889594	-38.6730476588	-8.49332565974	343.954969797	NaN
90.7447972602	-38.6687261897	-7.99371563587	343.955964578	NaN
90.7432057532	-38.664404699	-7.49410594105	343.956959145	NaN
90.7416144383	-38.6600831868	-6.99449657529	343.957953498	NaN
90.7400233154	-38.655761653	-6.49488753858	343.958947637	NaN
90.7384323845	-38.6514400976	-5.99527883091	343.959941563	NaN
90.7368416455	-38.6471185207	-5.49567045226	343.960935275	NaN
90.7352510984	-38.6427969223	-4.99606240263	343.961928774	NaN
90.7336607431	-38.6384753023	-4.496454682	343.962922058	NaN
90.7320705796	-38.6341536608	-3.99684729037	343.96391513	NaN
90.7304806078	-38.6298319978	-3.49724022772	343.964907988	NaN
90.7288908277	-38.6255103132	-2.99763349406	343.965900633	NaN
90.7273012392	-38.6211886072	-2.49802708936	343.966893064	NaN
90.7257118422	-38.6168668797	-1.99842101361	343.967885282	NaN
90.7241226367	-38.6125451306	-1.49881526681	343.968877287	NaN
90.7225336228	-38.6082233601	-0.999209848953	343.969869078	NaN
90.7209448002	-38.603901568	-0.499604760018	343.970860657	NaN
90.719356169	-38.5995797545	0	343.971852022	NaN
90.717767729	-38.5952579196	0.499604431111	343.972843175	NaN
90.7161794804	-38.5909360631	0.999208533326	343.973834114	NaN
90.7145914229	-38.5866141852	1.49881230665	343.97482484	NaN
90.7130035566	-38.5822922858	1.99841575111	343.975815354	NaN
90.7114158814	-38.577970365	2.49801886669	343.976805654	NaN
90.7098283972	-38.5736484228	2.99762165342	343.977795742	NaN
90.708241104	-38.5693264591	3.4972241113	343.978785617	NaN
90.7066540018	-38.5650044739	3.99682624035	343.97977528	NaN
90.7050670905	-38.5606824674	4.49642804057	343.980764729	NaN
90.70348037	-38.5563604394	4.99602951197	343.981753967	NaN
90.7018938403	-38.55203839	5.49563065457	343.982742991	NaN
90.7003075013	-38.5477163192	5.99523146837	343.983731803	NaN
90.698721353	-38.543394227	6.49483195338	343.984720403	NaN
90.6971353953	-38.5390721134	6.99443210962	343.98570879	NaN
90.6955496283	-38.5347499784	7.49403193709	343.986696965	NaN
90.6939640517	-38.530427822	7.99363143581	343.987684927	NaN
90.6923786657	-38.5261056443	8.49323060578	343.988672678	NaN
90.69079347	-38.5217834451	8.99282944702	343.989660216	NaN
90.6892084648	-38.5174612246	9.49242795953	343.990647541	NaN
90.6876236499	-38.5131389828	9.99202614333	343.991634655	NaN
90.6860390252	-38.5088167196	10.4916239984	343.992621557	NaN
90.6844545908	-38.504494435	10.9912215248	343.993608247	NaN
90.6828703465	-38.5001721291	11.4908187225	343.994594724	NaN
90.6812862924	-38.4958498018	11.9904155916	343.99558099	NaN
90.6797024283	-38.4915274532	12.4900121319	343.996567044	NaN
90.6781187542	-38.4872050833	12.9896083437	343.997552886	NaN
90.6765352701	-38.4828826921	13.4892042267	343.998538516	NaN
90.674951976	-38.4785602796	13.9887997812	343.999523935	NaN
90.6733688717	-38.4742378457	14.488395007	344.000509141	NaN
90.6717859572	-38.4699153905	14.9879899042	344.001494136	NaN
90.6702032324	-38.4655929141	15.4875844728	344.00247892	NaN
90.6686206974	-38.4612704163	15.9871787128	344.003463492	NaN
90.667038352	-38.4569478973	16.4867726243	344.004447853	NaN
90.6654561963	-38.452625357	16.9863662071	344.005432002	NaN
90.66387423	-38.4483027954	17.4859594614	344.006415939	NaN
90.6622924533	-38.4439802125	17.9855523872	344.007399666	NaN
90.6607108661	-38.4396576084	18.4851449844	344.008383181	NaN
90.6591294683	-38.435334983	18.984737253	344.009366485	NaN
90.6575482598	-38.4310123364	19.4843291932	344.010349577	NaN
90.6559672406	-38.4266896686	19.9839208048	344.011332459	NaN
90.6543864106	-38.4223669794	20.483512088	344.012315129	NaN
90.6528057699	-38.4180442691	20.9831030426	344.013297588	NaN
90.6512253183	-38.4137215375	21.4826936688	344.014279837	NaN
90.6496450558	-38.4093987847	21.9822839665	344.015261874	NaN
90.6480649824	-38.4050760107	22.4818739357	344.0162437	NaN
90.6464850979	-38.4007532155	22.9814635765	344.017225316	NaN
90.6449054024	-38.3964303991	23.4810528889	344.018206721	NaN
90.6433258958	-38.3921075615	23.9806418728	344.019187914	NaN
90.641746578	-38.3877847027	24.4802305283	344.020168898	NaN
90.640167449	-38.3834618227	24.9798188555	344.02114967	NaN
