-25.031697269 0
-24.5310603542 0.00824442
-24.0304235603 0.014658
-23.5297868875 0.0257496
-23.0291503356 0.0556567
-22.5285139047 0.119877
-22.0278775948 0.211724
-21.5272414059 0.30598
-21.0266053381 0.37513
-20.5259693914 0.42068
-20.0253335657 0.453187
-19.5246978611 0.478709
-19.0240622777 0.491105
-18.5234268153 0.496134
-18.0227914741 0.493441
-17.522156254 0.484943
-17.0215211551 0.477305
-16.5208861774 0.46874
-16.0202513209 0.457127
-15.5196165856 0.443025
-15.0189819716 0.430116
-14.5183474788 0.41923
-14.0177131072 0.411818
-13.5170788569 0.406527
-13.016444728 0.402162
-12.5158107203 0.399778
-12.015176834 0.397867
-11.514543069 0.396327
-11.0139094253 0.39986
-10.513275903 0.406645
-10.0126425022 0.414464
-9.51200922269 0.423026
-9.01137606463 0.432061
-8.51074302801 0.443356
-8.01011011283 0.458712
-7.50947731912 0.476695
-7.0088446469 0.495394
-6.50821209617 0.513202
-6.00757966695 0.531571
-5.50694735926 0.549758
-5.00631517312 0.565042
-4.50568310853 0.573412
-4.00505116552 0.575941
-3.5044193441 0.571897
-3.00378764429 0.565098
-2.5031560661 0.557557
-2.00252460954 0.549365
-1.50189327464 0.533224
-1.0012620614 0.518706
-0.500630969851 0.504767
0 0.489965
0.500630848137 0.475967
1.00126157454 0.469062
1.5018921792 0.470743
2.0025226621 0.474975
2.50315302323 0.480882
3.00378326256 0.490087
3.50441338008 0.497631
4.00504337578 0.485352
4.50567324964 0.429413
5.00630300164 0.378682
5.50693263178 0.284715
6.00756214003 0.212484
6.50819152638 0.163501
7.00882079081 0.132743
7.50944993331 0.171185
8.01007895387 0.269881
8.51070785246 0.348127
9.01133662907 0.411198
9.51196528369 0.424314
10.0125938163 0.429758
10.5132222269 0.450473
11.0138505154 0.472807
11.5144786819 0.488705
12.0151067263 0.507586
12.5157346487 0.525218
13.0163624489 0.547385
13.516990127 0.554416
14.017617683 0.549193
14.5182451168 0.53533
15.0188724285 0.537886
15.519499618 0.546966
16.0201266853 0.559006
16.5207536303 0.575875
17.0213804532 0.583321
17.5220071538 0.56787
18.0226337322 0.559963
18.5232601882 0.579298
19.023886522 0.662829
19.5245127335 0.747621
20.0251388227 0.765024
20.5257647896 0.759248
21.0263906341 0.752761
21.5270163562 0.75694
22.0276419559 0.672334
22.5282674333 0.571052
23.0288927882 0.508008
23.5295180208 0.436367
24.0301431308 0.389682
24.5307681185 0.369563
25.0313929836 0.360529
