92.0598619401	-38.6456012254	-24.9747659591	0.891182165445	NaN
92.0599514805	-38.6411051663	-24.4752622603	0.891182165445	NaN
92.0600410098	-38.6366091072	-23.9757589037	0.891126250328	NaN
92.0601305278	-38.6321130479	-23.4762558894	0.891070347239	NaN
92.0602200346	-38.6276169887	-22.9767532172	0.891014456901	NaN
92.0603095302	-38.6231209293	-22.4772508872	0.890958579039	NaN
92.0603990145	-38.6186248699	-21.9777488994	0.890902713509	NaN
92.0604884876	-38.6141288104	-21.4782472538	0.890846860611	NaN
92.0605779495	-38.6096327508	-20.9787459503	0.890791020211	NaN
92.0606674003	-38.6051366912	-20.479244989	0.890735192168	NaN
92.0607568397	-38.6006406315	-19.9797443698	0.890679376929	NaN
92.060846268	-38.5961445718	-19.4802440927	0.890623573631	NaN
92.0609356851	-38.5916485119	-18.9807441577	0.890567783292	NaN
92.061025091	-38.5871524521	-18.4812445648	0.890512005203	NaN
92.0611144857	-38.5826563921	-17.981745314	0.890456239515	NaN
92.0612038692	-38.5781603321	-17.4822464052	0.89040048652	NaN
92.0612932415	-38.573664272	-16.9827478385	0.890344745795	NaN
92.0613826026	-38.5691682118	-16.4832496138	0.89028901764	NaN
92.0614719526	-38.5646721516	-15.9837517312	0.890233301912	NaN
92.0615612913	-38.5601760913	-15.4842541905	0.890177598485	NaN
92.0616506189	-38.5556800309	-14.9847569919	0.890121907927	NaN
92.0617399353	-38.5511839704	-14.4852601352	0.89006622926	NaN
92.0618292406	-38.5466879099	-13.9857636206	0.890010563481	NaN
92.0619185347	-38.5421918494	-13.4862674479	0.889954910023	NaN
92.0620078176	-38.5376957887	-12.9867716171	0.889899268908	NaN
92.0620970893	-38.533199728	-12.4872761283	0.889843640275	NaN
92.0621863499	-38.5287036672	-11.9877809814	0.889788023998	NaN
92.0622755994	-38.5242076064	-11.4882861764	0.889732420499	NaN
92.0623648377	-38.5197115455	-10.9887917133	0.889676828943	NaN
92.0624540648	-38.5152154845	-10.4892975921	0.889621250048	NaN
92.0625432808	-38.5107194234	-9.98980381279	0.889565683673	NaN
92.0626324857	-38.5062233623	-9.49031037532	0.88951012955	NaN
92.0627216794	-38.5017273011	-8.99081727971	0.889454587961	NaN
92.062810862	-38.4972312399	-8.49132452592	0.889399058638	NaN
92.0629000335	-38.4927351786	-7.99183211396	0.889343541728	NaN
92.0629891938	-38.4882391172	-7.49234004381	0.889288037521	NaN
92.063078343	-38.4837430557	-6.99284831546	0.889232545456	NaN
92.0631674811	-38.4792469942	-6.49335692889	0.889177065687	NaN
92.063256608	-38.4747509326	-5.99386588409	0.889121598508	NaN
92.0633457239	-38.470254871	-5.49437518105	0.889066143773	NaN
92.0634348286	-38.4657588092	-4.99488481976	0.889010701214	NaN
92.0635239222	-38.4612627475	-4.4953948002	0.88895527112	NaN
92.0636130047	-38.4567666856	-3.99590512236	0.888899853502	NaN
92.0637020762	-38.4522706237	-3.49641578622	0.888844448365	NaN
92.0637911365	-38.4477745617	-2.99692679178	0.888789055294	NaN
92.0638801857	-38.4432784996	-2.49743813902	0.888733674857	NaN
92.0639692238	-38.4387824375	-1.99794982793	0.888678306642	NaN
92.0640582509	-38.4342863753	-1.4984618585	0.888622950802	NaN
92.0641472668	-38.429790313	-0.998974230708	0.888567607475	NaN
92.0642362717	-38.4252942507	-0.499486944545	0.888512276249	NaN
92.0643252655	-38.4207981883	0	0.888456957704	NaN
92.0644142482	-38.4163021258	0.499486602942	0.888401651415	NaN
92.0645032198	-38.4118060633	0.998972864292	0.888346357395	NaN
92.0645921804	-38.4073100007	1.49845878406	0.888291075648	NaN
92.0646811298	-38.402813938	1.99794436227	0.88823580646	NaN
92.0647700683	-38.3983178753	2.49742959893	0.88818054957	NaN
92.0648589956	-38.3938218125	2.99691449404	0.888125304832	NaN
92.0649479119	-38.3893257496	3.49639904763	0.888070072536	NaN
92.0650368172	-38.3848296867	3.9958832597	0.888014852838	NaN
92.0651257114	-38.3803336237	4.49536713028	0.887959645035	NaN
92.0652145946	-38.3758375606	4.99485065937	0.887904449982	NaN
92.0653034667	-38.3713414975	5.49433384698	0.88784926698	NaN
92.0653923277	-38.3668454343	5.99381669314	0.887794096322	NaN
92.0654811777	-38.362349371	6.49329919784	0.887738938151	NaN
92.0655700167	-38.3578533077	6.99278136111	0.88768379206	NaN
92.0656588447	-38.3533572443	7.49226318296	0.887628658474	NaN
92.0657476616	-38.3488611808	7.9917446634	0.887573537255	NaN
92.0658364675	-38.3443651172	8.49122580244	0.887518427995	NaN
92.0659252624	-38.3398690536	8.9907066001	0.887463331546	NaN
92.0660140462	-38.33537299	9.49018705639	0.887408246925	NaN
92.066102819	-38.3308769262	9.98966717132	0.887353174989	NaN
92.0661915809	-38.3263808624	10.4891469449	0.887298115039	NaN
92.0662803317	-38.3218847985	10.9886263772	0.887243067505	NaN
92.0663690715	-38.3173887346	11.4881054681	0.887188032397	NaN
92.0664578003	-38.3128926706	11.9875842177	0.887133009437	NaN
92.0665465181	-38.3083966065	12.4870626261	0.887077998915	NaN
92.0666352248	-38.3039005424	12.9865406932	0.88702300028	NaN
92.0667239206	-38.2994044782	13.486018419	0.886968014374	NaN
92.0668126054	-38.2949084139	13.9854958035	0.886913040513	NaN
92.0669012793	-38.2904123495	14.4849728468	0.886858079116	NaN
92.0669899421	-38.2859162851	14.9844495489	0.886803129775	NaN
92.0670785939	-38.2814202207	15.4839259098	0.886748192776	NaN
92.0671672348	-38.2769241561	15.9834019294	0.886693268128	NaN
92.0672558647	-38.2724280915	16.4828776079	0.886638355553	NaN
92.0673444836	-38.2679320268	16.9823529452	0.886583455345	NaN
92.0674330915	-38.2634359621	17.4818279414	0.886528567508	NaN
92.0675216885	-38.2589398973	17.9813025964	0.886473691768	NaN
92.0676102745	-38.2544438324	18.4807769103	0.886418828279	NaN
92.0676988496	-38.2499477675	18.980250883	0.886363977037	NaN
92.0677874137	-38.2454517025	19.4797245147	0.886309138345	NaN
92.0678759668	-38.2409556374	19.9791978052	0.88625431135	NaN
92.067964509	-38.2364595722	20.4786707547	0.886199497057	NaN
92.0680530402	-38.231963507	20.9781433631	0.886144694912	NaN
92.0681415605	-38.2274674418	21.4776156305	0.886089904766	NaN
92.0682300699	-38.2229713764	21.9770875568	0.886035127062	NaN
92.0683185683	-38.218475311	22.4765591421	0.885980361526	NaN
92.0684070558	-38.2139792455	22.9760303863	0.885925608159	NaN
92.0684955323	-38.20948318	23.4755012896	0.885870867114	NaN
92.0685839979	-38.2049871144	23.9749718519	0.88581613825	NaN
92.0686724526	-38.2004910487	24.4744420732	0.885761421586	NaN
92.0687608964	-38.195994983	24.9739119536	0.88570671712	NaN
