-24.9665720551 0.775056
-24.4672330942 0.773583
-23.9678944405 0.766602
-23.468556094 0.754586
-22.9692180547 0.742378
-22.4698803225 0.760046
-21.9705428974 0.793675
-21.4712057795 0.804608
-20.9718689686 0.792077
-20.4725324648 0.772916
-19.9731962681 0.763053
-19.4738603785 0.757055
-18.9745247958 0.752964
-18.4751895202 0.74739
-17.9758545516 0.747775
-17.4765198899 0.75787
-16.9771855352 0.759498
-16.4778514875 0.763697
-15.9785177467 0.76647
-15.4791843128 0.751399
-14.9798511858 0.729802
-14.4805183657 0.70273
-13.9811858524 0.677481
-13.481853646 0.658964
-12.9825217464 0.642607
-12.4831901537 0.613439
-11.9838588677 0.594357
-11.4845278885 0.564581
-10.9851972161 0.547288
-10.4858668504 0.5324
-9.98653679147 0.526214
-9.48720703923 0.533386
-8.98787759369 0.548009
-8.48854845483 0.56881
-7.98921962264 0.546029
-7.48989109709 0.512319
-6.99056287817 0.48196
-6.49123496586 0.47173
-5.99190736015 0.465536
-5.49258006102 0.445446
-4.99325306845 0.418063
-4.49392638243 0.393296
-3.99460000293 0.397966
-3.49527392995 0.400704
-2.99594816347 0.396326
-2.49662270346 0.375504
-1.99729754991 0.350448
-1.49797270281 0.300764
-0.998648162134 0.239908
-0.49932392787 0.155172
0 0.0787488
0.499323621492 0.0393643
0.998646936623 0.0246432
1.49796994541 0.0195917
1.99729264787 0.0130112
2.49661504402 0
2.99593713388 0.0202037
3.49525891747 0.0722883
3.99458039479 0.187836
4.49390156587 0.20238
4.99322243073 0.239722
5.49254298937 0.296845
5.99186324183 0.358745
6.49118318811 0.42114
6.99050282824 0.494108
7.48982216222 0.545497
7.98914119009 0.608696
8.48845991184 0.604665
8.9877783275 0.58679
9.4870964371 0.566308
9.98641424064 0.55433
10.4857317381 0.597927
10.9850489296 0.614581
11.4843658151 0.564736
11.9836823946 0.502971
12.4829986681 0.466052
12.9823146357 0.454812
13.4816302973 0.454708
13.980945653 0.460317
14.4802607028 0.490159
14.9795754467 0.536728
15.4788898848 0.584832
15.978204017 0.64266
16.4775178433 0.661328
16.9768313639 0.634157
17.4761445786 0.612862
17.9754574876 0.60962
18.4747700908 0.610309
18.9740823883 0.615271
19.47339438 0.624892
19.972706066 0.642823
20.4720174463 0.658664
20.971328521 0.683154
21.4706392899 0.706924
21.9699497533 0.707077
22.469259911 0.691514
22.9685697631 0.644358
23.4678793096 0.630337
23.9671885505 0.621269
24.4664974858 0.616124
24.9658061157 0.612695
