-25.0118403338 0.249662
-24.5116080724 0.270028
-24.0113756254 0.273802
-23.5111429927 0.265617
-23.0109101745 0.244601
-22.5106771707 0.221994
-22.0104439813 0.262617
-21.5102106063 0.287605
-21.0099770458 0.288479
-20.5097432996 0.288823
-20.0095093679 0.321742
-19.5092752507 0.33762
-19.0090409478 0.341923
-18.5088064595 0.367836
-18.0085717855 0.391713
-17.5083369261 0.409528
-17.0081018811 0.470889
-16.5078666506 0.526424
-16.0076312345 0.58165
-15.507395633 0.605299
-15.0071598459 0.595995
-14.5069238733 0.580265
-14.0066877153 0.61827
-13.5064513717 0.751124
-13.0062148426 0.681862
-12.5059781281 0.591168
-12.0057412281 0.574484
-11.5055041426 0.586285
-11.0052668717 0.726966
-10.5050294153 0.926509
-10.0047917734 0.981937
-9.5045539461 1.04291
-9.00431593335 1.14611
-8.50407773517 1.19584
-8.00383935156 1.01826
-7.50360078252 0.721804
-7.00336202806 0.43503
-6.50312308819 0.291057
-6.00288396292 0.200734
-5.50264465224 0.14459
-5.00240515617 0.0518987
-4.50216547471 0.0191198
-4.00192560787 0.00815234
-3.50168555564 0.00219471
-3.00144531805 0
-2.50120489509 0.0187189
-2.00096428677 0.0653218
-1.50072349309 0.12533
-1.00048251407 0.172193
-0.500241349703 0.203336
0 0.241543
0.500241535034 0.274135
1.00048325539 0.295582
1.50072516107 0.308625
2.00096725206 0.316754
2.50120952836 0.319437
3.00145198996 0.33287
3.50169463686 0.344947
4.00193746905 0.361148
4.50218048652 0.373925
5.00242368927 0.389705
5.50266707729 0.438281
6.00291065057 0.490854
6.50315440912 0.523883
7.00339835292 0.554983
7.50364248197 0.600556
8.00388679626 0.67563
8.50413129579 0.726248
9.00437598055 0.727563
9.50462085054 0.689102
10.0048659057 0.645197
10.5051111462 0.57533
11.0053565718 0.560272
11.5056021826 0.555261
12.0058479786 0.570277
12.5060939598 0.572314
13.0063401262 0.57071
13.5065864778 0.570477
14.0068330145 0.539135
14.5070797364 0.517182
15.0073266435 0.502476
15.5075737357 0.49372
16.0078210131 0.48302
16.5080684756 0.471657
17.0083161232 0.460565
17.508563956 0.447639
18.0088119739 0.446061
18.5090601769 0.470123
19.009308565 0.508582
19.5095571382 0.563231
20.0098058965 0.618853
20.5100548399 0.632507
21.0103039684 0.67509
21.510553282 0.653391
22.0108027807 0.630601
22.5110524644 0.637175
23.0113023332 0.629985
23.511552387 0.598515
24.0118026259 0.609718
24.5120530499 0.647436
25.0123036588 0.635
