-24.9857986911 0.526656
-24.4860763463 0.539332
-23.9863542616 0.558199
-23.486632437 0.551941
-22.9869108727 0.549624
-22.4871895684 0.538486
-21.9874685243 0.527236
-21.4877477403 0.528261
-20.9880272164 0.52019
-20.4883069526 0.499421
-19.9885869489 0.476877
-19.4888672053 0.45511
-18.9891477218 0.426984
-18.4894284983 0.384947
-17.989709535 0.370083
-17.4899908316 0.406155
-16.9902723884 0.460949
-16.4905542052 0.49637
-15.990836282 0.512213
-15.4911186189 0.525216
-14.9914012158 0.559547
-14.4916840727 0.582939
-13.9919671897 0.597843
-13.4922505666 0.625569
-12.9925342035 0.658056
-12.4928181005 0.66137
-11.9931022574 0.641858
-11.4933866743 0.628386
-10.9936713511 0.60805
-10.493956288 0.585644
-9.99424148476 0.560259
-9.49452694149 0.539031
-8.99481265816 0.517309
-8.49509863477 0.50454
-7.9953848713 0.493996
-7.49567136775 0.473704
-6.99595812412 0.43214
-6.49624514039 0.389014
-5.99653241656 0.345548
-5.49681995262 0.346988
-4.99710774856 0.330549
-4.49739580438 0.315975
-3.99768412007 0.302764
-3.49797269562 0.272336
-2.99826153103 0.235128
-2.49855062628 0.202467
-1.99883998138 0.173741
-1.4991295963 0.150733
-0.999419471052 0.151138
-0.49970960562 0.143159
0 0.063657
0.499709345817 0.0101111
0.999418431838 0
1.49912725807 0.0112532
1.99883582452 0.042164
2.4985441312 0.12535
2.99825217811 0.221136
3.49795996526 0.238152
3.99766749266 0.256902
4.49737476031 0.222666
4.99708176823 0.256606
5.49678851641 0.357825
5.99649500488 0.426021
6.49620123363 0.469066
6.99590720267 0.482776
7.49561291201 0.474513
7.99531836166 0.450642
8.49502355162 0.42498
8.9947284819 0.428297
9.49443315252 0.446194
9.99413756347 0.496666
10.4938417148 0.55456
10.9935456064 0.55339
11.4932492384 0.502366
11.9929526108 0.457117
12.4926557235 0.435803
12.9923585767 0.429467
13.4920611702 0.434414
13.9917635041 0.442025
14.4914655784 0.448206
14.9911673932 0.456103
15.4908689483 0.471072
15.9905702439 0.483397
16.4902712799 0.518849
16.9899720563 0.530847
17.4896725732 0.533937
17.9893728306 0.53208
18.4890728284 0.52424
18.9887725667 0.536814
19.4884720455 0.535618
19.9881712648 0.489093
20.4878702245 0.491003
20.9875689248 0.500469
21.4872673655 0.506378
21.9869655468 0.514192
22.4866634686 0.523581
22.986361131 0.551378
23.4860585339 0.592121
23.9857556773 0.627025
24.4854525613 0.683817
24.9851491858 0.693036
