-24.9806024827 nan
-24.4809823704 nan
-23.9813625874 nan
-23.4817431337 nan
-22.9821240091 nan
-22.4825052138 nan
-21.9828867476 nan
-21.4832686107 nan
-20.9836508029 nan
-20.4840333244 nan
-19.9844161749 nan
-19.4847993547 nan
-18.9851828635 nan
-18.4855667016 nan
-17.9859508687 nan
-17.4863353649 nan
-16.9867201903 nan
-16.4871053448 nan
-15.9874908283 nan
-15.4878766409 nan
-14.9882627826 nan
-14.4886492533 nan
-13.9890360531 nan
-13.4894231819 nan
-12.9898106398 nan
-12.4901984266 nan
-11.9905865425 nan
-11.4909749874 nan
-10.9913637612 nan
-10.4917528641 nan
-9.99214229588 nan
-9.49253205664 nan
-8.99292214635 nan
-8.493312565 nan
-7.99370331258 nan
-7.49409438907 nan
-6.99448579448 nan
-6.49487752878 nan
-5.99526959197 nan
-5.49566198404 nan
-4.99605470498 nan
-4.49644775479 nan
-3.99684113343 nan
-3.49723484092 nan
-2.99762887724 nan
-2.49802324238 nan
-1.99841793632 nan
-1.49881295907 nan
-0.999208310602 nan
-0.499603990916 nan
0 nan
0.499603662158 nan
0.999206995565 nan
1.49881000023 nan
1.99841267617 nan
2.49801502339 nan
2.99761704191 nan
3.49721873172 nan
3.99682009284 nan
4.49642112529 nan
4.99602182906 nan
5.49562220418 nan
5.99522225065 nan
6.49482196848 nan
6.99442135768 nan
7.49402041826 nan
7.99361915024 nan
8.49321755362 nan
8.99281562841 nan
9.49241337462 nan
9.99201079227 nan
10.4916078814 nan
10.9912046419 nan
11.4908010739 nan
11.9903971774 nan
12.4899929523 nan
12.9895883988 nan
13.4891835168 nan
13.9887783062 nan
14.4883727672 nan
14.9879668998 nan
15.4875607038 nan
15.9871541795 nan
16.4867473267 nan
16.9863401455 nan
17.4859326358 nan
17.9855247978 nan
18.4851166313 nan
18.9847081365 nan
19.4842993133 nan
19.9838901618 nan
20.4834806819 nan
20.9830708736 nan
21.4826607371 nan
21.9822502722 nan
22.481839479 nan
22.9814283574 nan
23.4810169076 nan
23.9806051296 nan
24.4801930232 nan
24.9797805886 nan
