-24.9832672247 0.430298
-24.4835954091 0.401161
-23.9839238578 0.365894
-23.4842525707 0.351955
-22.9845815479 0.327247
-22.4849107893 0.300474
-21.985240295 0.267225
-21.4855700648 0.280161
-20.9859000989 0.319388
-20.4862303971 0.317969
-19.9865609596 0.272911
-19.4868917862 0.218018
-18.9872228771 0.196087
-18.487554232 0.187294
-17.9878858512 0.190008
-17.4882177345 0.207081
-16.9885498819 0.24484
-16.4888822935 0.300753
-15.9892149692 0.333132
-15.489547909 0.358746
-14.989881113 0.357456
-14.490214581 0.335507
-13.9905483131 0.295752
-13.4908823093 0.264686
-12.9912165696 0.244991
-12.4915510939 0.245838
-11.9918858824 0.266944
-11.4922209348 0.296351
-10.9925562513 0.316211
-10.4928918319 0.343943
-9.99322767642 0.349889
-9.49356378501 0.331695
-8.99390015759 0.278189
-8.49423679418 0.242582
-7.99457369476 0.247484
-7.49491085933 0.250313
-6.99524828787 0.223133
-6.49558598037 0.184467
-5.99592393684 0.147686
-5.49626215725 0.133724
-4.9966006416 0.140982
-4.49693938989 0.149947
-3.9972784021 0.198447
-3.49761767822 0.296284
-2.99795721825 0.286653
-2.49829702218 0.284417
-1.99863709 0.282434
-1.4989774217 0.321552
-0.999318017271 0.371367
-0.499658876708 0.411901
0 0.413618
0.499658612862 0.36487
0.999316961885 0.314894
1.49897504708 0.197894
1.99863286845 0.102284
2.49829042601 0.0543741
2.99794771977 0.0319086
3.49760474973 0.0261018
3.9972615159 0.0382884
4.4969180183 0.0410858
4.99657425692 0.0268147
5.49623023179 0.0279567
5.9958859429 0.0448289
6.49554139027 0.0305874
6.99519657391 0
7.49485149382 0.121988
7.99450615001 0.395411
8.4941605425 0.621873
8.99381467128 0.647161
9.49346853637 0.653452
9.99312213778 0.653811
10.4927754755 0.669487
10.9924285496 0.682586
11.49208136 0.684404
11.9917339068 0.671569
12.4913861899 0.68301
12.9910382094 0.683009
13.4906899653 0.658905
13.9903414575 0.633681
14.4899926862 0.623734
14.9896436512 0.621593
15.4892943527 0.615097
15.9889447906 0.586184
16.4885949649 0.564267
16.9882448757 0.540099
17.4878945229 0.524423
17.9875439066 0.532441
18.4871930267 0.549712
18.9868418834 0.583867
19.4864904765 0.598465
19.9861388061 0.625313
20.4857868722 0.641265
20.9854346748 0.615755
21.4850822139 0.59751
21.9847294895 0.548574
22.4843765017 0.519785
22.9840232505 0.489936
23.4836697357 0.468999
23.9833159576 0.461255
24.482961916 0.454461
24.982607611 0.451289
