94.5711957126	-33.910065896	-24.983305714	324.500340752	-4448.57241334
94.5680495362	-33.9064050863	-24.483633125	324.500340752	-4395.32312234
94.5649036301	-33.9027441965	-23.9839608004	324.502095892	-4331.73967561
94.5617579941	-33.8990832268	-23.4842887403	324.503850714	-4293.16065292
94.5586126282	-33.8954221772	-22.9846169445	324.505605219	-4258.34909135
94.5554675324	-33.8917610476	-22.4849454131	324.507359406	-4218.04807983
94.5523227065	-33.8880998381	-21.985274146	324.509113276	-4197.62245156
94.5491781506	-33.8844385487	-21.4856031433	324.510866829	-4184.76682851
94.5460338646	-33.8807771795	-20.985932405	324.512620064	-4183.27247832
94.5428898484	-33.8771157304	-20.4862619311	324.514372982	-4190.68306133
94.539746102	-33.8734542015	-19.9865917215	324.516125582	-4214.46470622
94.5366026254	-33.8697925927	-19.4869217762	324.517877866	-4236.53062911
94.5334594183	-33.8661309042	-18.9872520952	324.519629832	-4251.82486723
94.530316481	-33.8624691359	-18.4875826785	324.521381481	-4273.6673743
94.5271738131	-33.8588072878	-17.9879135262	324.523132813	-4308.18856599
94.5240314148	-33.85514536	-17.4882446382	324.524883829	-4350.14196233
94.5208892859	-33.8514833524	-16.9885760144	324.526634527	-4366.08087511
94.5177474265	-33.8478212651	-16.4889076549	324.528384908	-4377.06828485
94.5146058363	-33.8441590982	-15.9892395597	324.530134973	-4384.98574943
94.5114645155	-33.8404968516	-15.4895717288	324.53188472	-4379.6768274
94.5083234639	-33.8368345253	-14.9899041621	324.533634152	-4396.72593534
94.5051826815	-33.8331721194	-14.4902368597	324.535383266	-4445.92629977
94.5020421682	-33.8295096338	-13.9905698215	324.537132063	-4519.71791049
94.4989019239	-33.8258470687	-13.4909030476	324.538880545	-4600.41054006
94.4957619487	-33.8221844239	-12.9912365379	324.540628709	-4624.30199705
94.4926222425	-33.8185216997	-12.4915702924	324.542376557	-4652.04114048
94.4894828051	-33.8148588958	-11.9919043111	324.544124089	-4630.57375287
94.4863436366	-33.8111960124	-11.4922385939	324.545871303	-4602.92343511
94.4832047369	-33.8075330496	-10.992573141	324.547618202	-4573.03683483
94.480066106	-33.8038700072	-10.4929079523	324.549364785	-4528.25138907
94.4769277437	-33.8002068853	-9.99324302774	324.551111051	-4460.04890075
94.4737896501	-33.796543684	-9.49357836735	324.552857001	-4382.18054736
94.4706518251	-33.7928804032	-8.99391397111	324.554602635	-4346.30722934
94.4675142685	-33.7892170431	-8.49424983902	324.556347952	-4361.19834147
94.4643769805	-33.7855536035	-7.99458597108	324.558092954	-4384.63046354
94.4612399609	-33.7818900845	-7.49492236726	324.559837639	-4394.61519934
94.4581032096	-33.7782264861	-6.99525902756	324.561582009	-4389.82124899
94.4549667267	-33.7745628084	-6.49559595198	324.563326063	-4412.51040426
94.451830512	-33.7708990514	-5.99593314051	324.5650698	-4455.17207421
94.4486945655	-33.767235215	-5.49627059313	324.566813222	-4530.28285679
94.4455588871	-33.7635712994	-4.99660830985	324.568556329	-4596.65559568
94.4424234769	-33.7599073045	-4.49694629064	324.570299119	-4616.34591797
94.4392883347	-33.7562432303	-3.99728453551	324.572041594	-4620.10906278
94.4361534605	-33.7525790768	-3.49762304444	324.573783753	-4615.72269669
94.4330188542	-33.7489148441	-2.99796181742	324.575525596	-4620.36493968
94.4298845157	-33.7452505322	-2.49830085445	324.577267124	-4596.22504311
94.4267504451	-33.7415861412	-1.99864015552	324.579008337	-4556.75049775
94.4236166423	-33.7379216709	-1.49897972062	324.580749233	-4540.39148509
94.4204831072	-33.7342571215	-0.999319549733	324.582489815	-4534.67774724
94.4173498397	-33.730592493	-0.499659642865	324.584230081	-4563.72778217
94.4142168399	-33.7269277853	0	324.585970032	-4578.20575821
94.4110841076	-33.7232629985	0.49965937887	324.587709668	-4594.52890717
94.4079516428	-33.7195981326	0.999318493753	324.589448988	-4577.40025363
94.4048194454	-33.7159331877	1.49897734466	324.591187993	-4618.1931981
94.4016875155	-33.7122681637	1.99863593159	324.592926684	-4690.13589624
94.3985558528	-33.7086030607	2.49829425457	324.594665059	-4741.85591998
94.3954244575	-33.7049378787	2.99795231359	324.596403119	-4757.43543062
94.3922933293	-33.7012726176	3.49761010867	324.598140864	-4751.56547073
94.3891624684	-33.6976072776	3.99726763981	324.599878294	-4748.31041513
94.3860318746	-33.6939418586	4.49692490703	324.60161541	-4743.62715713
94.3829015478	-33.6902763607	4.99658191033	324.60335221	-4735.40721979
94.379771488	-33.6866107839	5.49623864972	324.605088696	-4745.89560391
94.3766416952	-33.6829451281	5.99589512521	324.606824866	-4743.81136571
94.3735121693	-33.6792793934	6.4955513368	324.608560723	-4677.16363978
94.3703829103	-33.6756135799	6.99520728452	324.610296265	-4601.26050761
94.367253918	-33.6719476875	7.49486296835	324.612031491	-4506.13726704
94.3641251925	-33.6682817163	7.99451838833	324.613766404	-4449.29570086
94.3609967336	-33.6646156663	8.49417354444	324.615501002	-4394.54474068
94.3578685414	-33.6609495374	8.99382843671	324.617235286	-4322.99072027
94.3547406158	-33.6572833298	9.49348306513	324.618969255	-4178.76289427
94.3516129567	-33.6536170434	9.99313742973	324.620702909	-4092.71593758
94.3484855641	-33.6499506782	10.4927915305	324.62243625	-4076.23160715
94.3453584379	-33.6462842343	10.9924453675	324.624169276	-4056.62608452
94.342231578	-33.6426177117	11.4920989406	324.625901988	-4053.63740387
94.3391049845	-33.6389511104	11.99175225	324.627634386	-4069.59835036
94.3359786572	-33.6352844304	12.4914052955	324.62936647	-4114.97431169
94.3328525961	-33.6316176718	12.9910580773	324.631098239	-4106.60377869
94.3297268012	-33.6279508345	13.4907105953	324.632829695	-4142.38703614
94.3266012724	-33.6242839186	13.9903628496	324.634560837	-4170.80739135
94.3234760096	-33.6206169241	14.4900148401	324.636291665	-4163.64962537
94.3203510127	-33.6169498509	14.9896665669	324.638022178	-4158.96000554
94.3172262819	-33.6132826992	15.4893180299	324.639752378	-4153.01585446
94.3141018169	-33.609615469	15.9889692292	324.641482265	-4142.87357367
94.3109776177	-33.6059481602	16.4886201648	324.643211837	-4125.48362894
94.3078536843	-33.6022807729	16.9882708366	324.644941096	-4108.49199484
94.3047300166	-33.5986133071	17.4879212448	324.646670041	-4095.75674386
94.3016066145	-33.5949457628	17.9875713893	324.648398673	-4101.83456959
94.2984834781	-33.59127814	18.4872212701	324.650126991	-4104.74990754
94.2953606072	-33.5876104387	18.9868708872	324.651854996	-4111.77218063
94.2922380019	-33.5839426591	19.4865202406	324.653582687	-4126.26496638
94.2891156619	-33.580274801	19.9861693304	324.655310064	-4143.13099704
94.2859935874	-33.5766068645	20.4858181566	324.657037129	-4166.79442048
94.2828717782	-33.5729388497	20.9854667191	324.65876388	-4206.57003816
94.2797502343	-33.5692707564	21.485115018	324.660490318	-4241.43837606
94.2766289556	-33.5656025849	21.9847630532	324.662216442	-4282.33746868
94.2735079421	-33.561934335	22.4844108249	324.663942254	-4324.11671174
94.2703871938	-33.5582660068	22.9840583329	324.665667752	-4340.62874957
94.2672667105	-33.5545976003	23.4837055774	324.667392937	-4337.00558543
94.2641464922	-33.5509291155	23.9833525582	324.669117809	-4347.59808161
94.2610265389	-33.5472605524	24.4829992755	324.670842368	-4363.33823274
94.2579068505	-33.5435919111	24.9826457292	324.672566615	-4376.20916724
