-25.0263763055 0.394443
-24.5258515085 0.403611
-24.0253265999 0.412172
-23.5248015798 0.421153
-23.024276448 0.428196
-22.5237512047 0.433308
-22.0232258498 0.438005
-21.5227003835 0.44108
-21.0221748055 0.44325
-20.5216491161 0.445347
-20.0211233152 0.445833
-19.5205974028 0.444271
-19.0200713789 0.442806
-18.5195452436 0.440607
-18.0190189968 0.435931
-17.5184926386 0.430012
-17.017966169 0.423636
-16.5174395879 0.415481
-16.0169128955 0.408035
-15.5163860917 0.399606
-15.0158591765 0.388998
-14.51533215 0.378275
-14.0148050121 0.368999
-13.5142777629 0.358157
-13.0137504024 0.348019
-12.5132229306 0.336583
-12.0126953475 0.325848
-11.5121676531 0.313913
-11.0116398475 0.30309
-10.5111119306 0.292258
-10.0105839024 0.28136
-9.51005576309 0.269812
-9.00952751253 0.257963
-8.50899915076 0.244997
-8.00847067781 0.231792
-7.50794209368 0.218341
-7.0074133984 0.205613
-6.50688459197 0.193195
-6.00635567441 0.180799
-5.50582664573 0.166471
-5.00529750593 0.150757
-4.50476825505 0.130443
-4.00423889309 0.104733
-3.50370942005 0.0676822
-3.00317983596 0.0233322
-2.50265014083 0
-2.00212033467 0.00186006
-1.50159041749 0.0166265
-1.00106038931 0.0362131
-0.500530250146 0.0560165
0 0.0773458
0.500530361111 0.107132
1.00106083317 0.151609
1.50159141617 0.230227
2.00212211009 0.343645
2.50265291493 0.396998
3.00318383066 0.374657
3.50371485728 0.369439
4.00424599477 0.39126
4.50477724312 0.403154
5.00530860232 0.390316
5.50584007235 0.374426
6.0063716532 0.358101
6.50690334486 0.348422
7.00743514731 0.337413
7.50796706054 0.330859
8.00849908454 0.322023
8.5090312193 0.316483
9.00956346479 0.32491
9.51009582102 0.341394
10.010628288 0.356791
10.5111608656 0.36901
11.0116935539 0.374802
11.5122263529 0.371401
12.0127592626 0.369242
12.5132922829 0.362702
13.0138254139 0.378429
13.5143586555 0.406272
14.0148920077 0.408208
14.5154254704 0.397889
15.0159590438 0.400502
15.5164927278 0.416404
16.0170265223 0.421077
16.5175604273 0.403638
17.0180944429 0.393097
17.518628569 0.388369
18.0191628056 0.380466
18.5196971527 0.380204
19.0202316103 0.380803
19.5207661783 0.380784
20.0213008568 0.388825
20.5218356457 0.409537
21.0223705451 0.426456
21.5229055549 0.437705
22.023440675 0.426185
22.5239759056 0.422328
23.0245112465 0.447104
23.5250466978 0.443184
24.0255822595 0.438666
24.5261179314 0.422137
25.0266537137 0.410703
