-25.0241357103 nan
-24.5236483628 nan
-24.0231612043 nan
-23.5226742347 nan
-23.022187454 nan
-22.5217008623 nan
-22.0212144596 nan
-21.5207282459 nan
-21.0202422211 nan
-20.5197563853 nan
-20.0192707386 nan
-19.5187852809 nan
-19.0183000123 nan
-18.5178149327 nan
-18.0173300421 nan
-17.5168453406 nan
-17.0163608283 nan
-16.515876505 nan
-16.0153923708 nan
-15.5149084258 nan
-15.0144246699 nan
-14.5139411032 nan
-14.0134577256 nan
-13.5129745371 nan
-13.0124915379 nan
-12.5120087279 nan
-12.011526107 nan
-11.5110436754 nan
-11.0105614331 nan
-10.5100793799 nan
-10.009597516 nan
-9.50911584141 nan
-9.00863435608 nan
-8.50815306003 nan
-8.00767195328 nan
-7.50719103585 nan
-7.00671030774 nan
-6.50622976897 nan
-6.00574941955 nan
-5.50526925949 nan
-5.00478928881 nan
-4.5043095075 nan
-4.0038299156 nan
-3.5033505131 nan
-3.00287130002 nan
-2.50239227637 nan
-2.00191344216 nan
-1.50143479741 nan
-1.00095634212 nan
-0.500478076316 nan
0 nan
0.500477886816 nan
1.00095558412 nan
1.5014330919 nan
2.00191041014 nan
2.50238753883 nan
3.00286447797 nan
3.50334122753 nan
4.00381778751 nan
4.50429415789 nan
5.00477033867 nan
5.50524632982 nan
6.00572213135 nan
6.50619774324 nan
7.00667316548 nan
7.50714839804 nan
8.00762344094 nan
8.50809829414 nan
9.00857295765 nan
9.50904743144 nan
10.0095217155 nan
10.5099958099 nan
11.0104697144 nan
11.5109434293 nan
12.0114169543 nan
12.5118902896 nan
13.0123634351 nan
13.5128363908 nan
14.0133091567 nan
14.5137817327 nan
15.0142541189 nan
15.5147263153 nan
16.0151983218 nan
16.5156701384 nan
17.0161417651 nan
17.516613202 nan
18.0170844489 nan
18.5175555059 nan
19.018026373 nan
19.5184970501 nan
20.0189675373 nan
20.5194378345 nan
21.0199079417 nan
21.520377859 nan
22.0208475863 nan
22.5213171235 nan
23.0217864707 nan
23.5222556279 nan
24.022724595 nan
24.5231933721 nan
25.0236619591 nan
