93.6094051671	-34.2272023138	-24.9925433722	318.160362697	-4113.10386605
93.6057775892	-34.2238522251	-24.4926865497	318.160362697	-4130.56841265
93.6021502998	-34.2205020295	-23.9928299703	318.162403035	-4142.16084378
93.5985232989	-34.2171517272	-23.492973634	318.164443035	-4152.69358366
93.5948965864	-34.213801318	-22.9931175408	318.166482697	-4166.1060322
93.5912701623	-34.2104508022	-22.4932616908	318.168522022	-4139.75990451
93.5876440266	-34.2071001797	-21.9934060839	318.17056101	-4123.08482378
93.5840181792	-34.2037494504	-21.49355072	318.17259966	-4129.89448514
93.58039262	-34.2003986145	-20.9936955993	318.174637972	-4141.97064859
93.576767349	-34.197047672	-20.4938407217	318.176675947	-4135.95097201
93.5731423661	-34.1936966228	-19.9939860872	318.178713585	-4129.97178155
93.5695176714	-34.190345467	-19.4941316957	318.180750885	-4133.30650779
93.5658932646	-34.1869942046	-18.9942775474	318.182787849	-4125.94522899
93.5622691459	-34.1836428357	-18.4944236421	318.184824475	-4134.46506786
93.5586453151	-34.1802913603	-17.9945699799	318.186860763	-4137.50351497
93.5550217723	-34.1769397783	-17.4947165608	318.188896715	-4127.09107684
93.5513985172	-34.1735880899	-16.9948633847	318.19093233	-4125.6114042
93.54777555	-34.1702362949	-16.4950104518	318.192967607	-4125.0652403
93.5441528705	-34.1668843935	-15.9951577619	318.195002548	-4135.54185817
93.5405304787	-34.1635323857	-15.495305315	318.197037151	-4159.06539869
93.5369083745	-34.1601802715	-14.9954531112	318.199071418	-4174.9533715
93.5332865579	-34.1568280509	-14.4956011505	318.201105347	-4161.99946244
93.5296650289	-34.153475724	-13.9957494328	318.20313894	-4133.0270598
93.5260437874	-34.1501232907	-13.4958979582	318.205172196	-4156.33279208
93.5224228333	-34.1467707511	-12.9960467266	318.207205116	-4145.12020718
93.5188021666	-34.1434181051	-12.496195738	318.209237698	-4134.10496298
93.5151817873	-34.140065353	-11.9963449925	318.211269944	-4133.86971585
93.5115616952	-34.1367124945	-11.49649449	318.213301854	-4117.48812119
93.5079418904	-34.1333595299	-10.9966442305	318.215333426	-4103.68390449
93.5043223728	-34.130006459	-10.496794214	318.217364662	-4090.24048054
93.5007031423	-34.1266532819	-9.99694444062	318.219395562	-4094.49922272
93.497084199	-34.1232999987	-9.4970949102	318.221426126	-4140.83629096
93.4934655426	-34.1199466093	-8.9972456228	318.223456353	-4130.90207571
93.4898471733	-34.1165931138	-8.4973965784	318.225486243	-4126.32005236
93.4862290909	-34.1132395122	-7.99754777701	318.227515797	-4131.71694256
93.4826112954	-34.1098858046	-7.49769921862	318.229545015	-4139.94324784
93.4789937868	-34.1065319908	-6.99785090322	318.231573897	-4157.57586358
93.4753765649	-34.1031780711	-6.49800283081	318.233602443	-4182.46004701
93.4717596299	-34.0998240453	-5.99815500139	318.235630652	-4208.87904182
93.4681429814	-34.0964699135	-5.49830741496	318.237658525	-4233.62346414
93.4645266197	-34.0931156758	-4.9984600715	318.239686063	-4251.9641713
93.4609105445	-34.0897613321	-4.49861297103	318.241713264	-4243.64573802
93.4572947559	-34.0864068825	-3.99876611352	318.243740129	-4275.50290071
93.4536792538	-34.083052327	-3.49891949898	318.245766659	-4328.51001123
93.4500640381	-34.0796976656	-2.99907312741	318.247792852	-4369.66582023
93.4464491089	-34.0763428983	-2.4992269988	318.24981871	-4393.10472157
93.442834466	-34.0729880252	-1.99938111314	318.251844232	-4396.50976462
93.4392201093	-34.0696330463	-1.49953547044	318.253869418	-4414.36275642
93.435606039	-34.0662779616	-0.99969007068	318.255894268	-4457.56938914
93.4319922548	-34.0629227711	-0.499844913871	318.257918783	-4514.25629095
93.4283787568	-34.0595674749	0	318.259942962	-4558.72669907
93.4247655448	-34.056212073	0.499844670933	318.261966805	-4633.33667775
93.421152619	-34.0528565653	0.999689098934	318.263990313	-4706.96282313
93.4175399791	-34.0495009519	1.499533284	318.266013486	-4797.52766866
93.4139276252	-34.0461452329	1.99937722615	318.268036323	-4860.40757929
93.4103155571	-34.0427894082	2.49922092538	318.270058824	-4884.30536973
93.406703775	-34.039433478	2.99906438169	318.272080991	-4893.71885675
93.4030922786	-34.0360774421	3.49890759508	318.274102822	-4847.71021584
93.399481068	-34.0327213006	3.99875056557	318.276124317	-4798.17741831
93.395870143	-34.0293650536	4.49859329315	318.278145478	-4750.57205487
93.3922595038	-34.026008701	4.99843577783	318.280166303	-4704.4997568
93.3886491501	-34.022652243	5.49827801962	318.282186793	-4659.45079927
93.385039082	-34.0192956794	5.99812001851	318.284206948	-4619.18064623
93.3814292994	-34.0159390104	6.49796177452	318.286226768	-4582.69073578
93.3778198022	-34.0125822359	6.99780328764	318.288246253	-4547.35073479
93.3742105904	-34.009225356	7.49764455787	318.290265403	-4513.0494532
93.370601664	-34.0058683707	7.99748558524	318.292284218	-4481.62197761
93.3669930229	-34.00251128	8.49732636973	318.294302698	-4452.54825061
93.3633846671	-33.999154084	8.99716691135	318.296320843	-4426.3811224
93.3597765964	-33.9957967826	9.49700721011	318.298338654	-4402.91277042
93.356168811	-33.9924393759	9.996847266	318.300356129	-4381.50607804
93.3525613106	-33.9890818639	10.496687079	318.30237327	-4362.8882843
93.3489540953	-33.9857242466	10.9965266492	318.304390077	-4346.2524818
93.3453471649	-33.982366524	11.4963659766	318.306406548	-4331.77164936
93.3417405196	-33.9790086963	11.9962050611	318.308422685	-4319.30775024
93.3381341591	-33.9756507633	12.4960439027	318.310438488	-4308.8766367
93.3345280835	-33.9722927251	12.9958825016	318.312453956	-4299.12961146
93.3309222927	-33.9689345818	13.4957208575	318.31446909	-4291.10400124
93.3273167867	-33.9655763333	13.9955589707	318.316483889	-4284.33485407
93.3237115654	-33.9622179797	14.495396841	318.318498354	-4278.04031784
93.3201066287	-33.958859521	14.9952344686	318.320512484	-4273.33845319
93.3165019767	-33.9555009572	15.4950718533	318.32252628	-4270.14709351
93.3128976092	-33.9521422884	15.9949089952	318.324539742	-4268.62957718
93.3092935262	-33.9487835145	16.4947458943	318.32655287	-4267.96397099
93.3056897277	-33.9454246356	16.9945825505	318.328565663	-4268.6503342
93.3020862135	-33.9420656517	17.494418964	318.330578123	-4269.40397244
93.2984829838	-33.9387065629	17.9942551347	318.332590248	-4271.16993897
93.2948800383	-33.9353473691	18.4940910626	318.33460204	-4273.53114551
93.2912773772	-33.9319880703	18.9939267478	318.336613497	-4275.90308503
93.2876750002	-33.9286286667	19.4937621901	318.33862462	-4279.19958651
93.2840729074	-33.9252691581	19.9935973897	318.34063541	-4282.90567088
93.2804710987	-33.9219095447	20.4934323464	318.342645865	-4286.77426366
93.2768695741	-33.9185498265	20.9932670605	318.344655987	-4290.19550909
93.2732683335	-33.9151900034	21.4931015317	318.346665775	-4293.51358572
93.2696673769	-33.9118300756	21.9929357602	318.34867523	-4297.11802156
93.2660667041	-33.9084700429	22.4927697459	318.350684351	-4300.31333985
93.2624663153	-33.9051099055	22.9926034889	318.352693137	-4303.7560029
93.2588662102	-33.9017496634	23.4924369892	318.354701591	-4307.186214
93.2552663889	-33.8983893165	23.9922702467	318.356709711	-4309.85367521
93.2516668514	-33.895028865	24.4921032614	318.358717497	-4311.6674057
93.2480675975	-33.8916683088	24.9919360334	318.36072495	-4313.38423228
