-25.0265314568 0.327564
-24.5260035628 0.329443
-24.0254755571 0.330493
-23.5249474394 0.332033
-23.02441921 0.332331
-22.5238908687 0.331191
-22.0233624157 0.329119
-21.5228338508 0.326236
-21.0223051742 0.321453
-20.5217763859 0.316547
-20.0212474858 0.310736
-19.5207184739 0.30263
-19.0201893504 0.29287
-18.5196601151 0.281526
-18.0191307681 0.26972
-17.5186013095 0.257224
-17.0180717392 0.244576
-16.5175420572 0.23075
-16.0170122636 0.216989
-15.5164823584 0.20306
-15.0159523415 0.188412
-14.5154222131 0.173931
-14.014891973 0.159405
-13.5143616214 0.144495
-13.0138311582 0.129416
-12.5133005835 0.112371
-12.0127698973 0.0946457
-11.5122390995 0.0806554
-11.0117081902 0.0674888
-10.5111771694 0.0519658
-10.0106460371 0.0363166
-9.51011479335 0.023206
-9.00958343815 0.0136559
-8.5090519715 0.00847748
-8.00852039341 0.00585177
-7.50798870391 0.00389424
-7.007456903 0
-6.5069249907 0.000718473
-6.00639296702 0.007217
-5.50586083197 0.00919318
-5.00532858557 0.0104821
-4.50479622783 0.033887
-4.00426375876 0.0767132
-3.50373117838 0.147317
-3.00319848669 0.183338
-2.50266568372 0.210314
-2.00213276947 0.225022
-1.50159974396 0.225087
-1.00106660721 0.234752
-0.500533359215 0.30445
0 0.392253
0.500533470423 0.470926
1.00106705204 0.501718
1.50160074485 0.528485
2.00213454882 0.580503
2.50266846395 0.633334
3.00320249022 0.650596
3.50373662762 0.623875
4.00427087615 0.562283
4.50480523577 0.429163
5.00533970649 0.269453
5.50587428828 0.141183
6.00640898114 0.092923
6.50694378505 0.103126
7.00747869999 0.10459
7.50801372597 0.0953829
8.00854886295 0.105007
8.50908411094 0.141748
9.00961946991 0.185681
9.51015493985 0.200558
10.0106905207 0.2361
10.5112262126 0.280441
11.0117620154 0.294704
11.5122979291 0.279209
12.0128339537 0.259499
12.5133700892 0.271764
13.0139063356 0.292912
13.5144426928 0.320408
14.0149791609 0.334194
14.5155157398 0.347096
15.0160524296 0.343411
15.5165892302 0.324288
16.0171261416 0.340268
16.5176631638 0.342597
17.0182002967 0.337923
17.5187375404 0.350092
18.0192748949 0.361449
18.5198123601 0.366071
19.020349936 0.364498
19.5208876226 0.357012
20.0214254199 0.342999
20.5219633279 0.347061
21.0225013466 0.345923
21.5230394759 0.354673
22.0235777158 0.36626
22.5241160664 0.375403
23.0246545276 0.381591
23.5251930995 0.384288
24.0257317819 0.385426
24.5262705748 0.381408
25.0268094784 0.370448
