-25.0220215141 0.445811
-24.5215848359 0.457653
-24.0211480043 0.467269
-23.5207110194 0.468167
-23.0202738813 0.463706
-22.5198365898 0.457445
-22.0193991451 0.45942
-21.5189615471 0.472938
-21.0185237959 0.479181
-20.5180858914 0.487737
-20.0176478337 0.49263
-19.5172096227 0.49308
-19.0167712586 0.484369
-18.5163327412 0.486015
-18.0158940707 0.491699
-17.515455247 0.488421
-17.0150162701 0.488832
-16.5145771401 0.491416
-16.0141378569 0.487294
-15.5136984206 0.479874
-15.0132588312 0.47919
-14.5128190887 0.47718
-14.012379193 0.467099
-13.5119391443 0.467026
-13.0114989425 0.477649
-12.5110585876 0.482369
-12.0106180797 0.487316
-11.5101774187 0.488901
-11.0097366047 0.480981
-10.5092956376 0.472349
-10.0088545176 0.4675
-9.50841324453 0.471108
-9.00797181847 0.461725
-8.50753023943 0.446849
-8.00708850742 0.439198
-7.50664662245 0.438344
-7.00620458453 0.451295
-6.50576239367 0.443745
-6.00532004988 0.417668
-5.50487755318 0.381879
-5.00443490357 0.346652
-4.50399210106 0.306116
-4.00354914567 0.238754
-3.50310603741 0.174277
-3.00266277628 0.153998
-2.5022193623 0.135524
-2.00177579548 0.0859273
-1.50133207583 0.0198853
-1.00088820336 0
-0.500444178075 0.0248312
0 0.0490193
0.500444330865 0.0479152
1.0008888145 0.0554774
1.50133345091 0.0457033
2.00177824007 0.04889
2.50222318197 0.0751375
3.0026682766 0.111926
3.50311352396 0.16487
4.00355892402 0.18278
4.50400447679 0.178988
5.00445018224 0.173028
5.50489604037 0.181556
6.00534205117 0.205811
6.50578821462 0.249145
7.00623453072 0.336899
7.50668099945 0.505103
8.00712762081 0.695903
8.50757439477 0.700484
9.00802132134 0.608333
9.5084684005 0.456477
10.0089156322 0.32755
10.5093630165 0.28605
11.0098105534 0.268701
11.5102582428 0.250258
12.0107060847 0.232898
12.5111540792 0.246299
13.0116022262 0.262873
13.5120505257 0.275646
14.0124989776 0.318458
14.5129475821 0.421402
15.013396339 0.497232
15.5138452484 0.491432
16.0142943102 0.443597
16.5147435245 0.342189
17.0151928912 0.314939
17.5156424103 0.27748
18.0160920818 0.218294
18.5165419057 0.128182
19.016991882 0.0953771
19.5174420106 0.0962102
20.0178922916 0.0968539
20.518342725 0.0987012
21.0187933107 0.110687
21.5192440487 0.128702
22.019694939 0.147447
22.5201459817 0.153584
23.0205971766 0.142642
23.5210485238 0.140844
24.0215000233 0.14841
24.521951675 0.163895
25.022403479 0.179708
