91.7521242935	-37.1633181207	-25.0315696887	69.0922845817	-4034.07152603
91.7573951589	-37.1617133292	-24.5309353302	69.0922845817	-4042.41494723
91.7626658005	-37.1601083043	-24.0303010924	69.0891005688	-4049.16101844
91.7679362183	-37.158503046	-23.5296669754	69.0859168083	-4069.77912507
91.7732064123	-37.1568975543	-23.0290329792	69.0827333008	-4111.95150713
91.7784763824	-37.1552918292	-22.5283991038	69.0795500463	-4171.31419843
91.7837461286	-37.1536858709	-22.0277653492	69.0763670447	-4216.52028553
91.789015651	-37.1520796792	-21.5271317155	69.0731842957	-4172.82909341
91.7942849495	-37.1504732543	-21.0264982026	69.0700018001	-4077.74557997
91.7995540242	-37.1488665961	-20.5258648106	69.0668195571	-3983.32971365
91.8048228749	-37.1472597047	-20.0252315395	69.0636375671	-3888.87200643
91.8100915017	-37.1456525801	-19.5245983892	69.0604558304	-3828.95978253
91.8153599046	-37.1440452223	-19.0239653599	69.0572743464	-3773.39955069
91.8206280836	-37.1424376313	-18.5233324516	69.0540931157	-3714.67807052
91.8258960386	-37.1408298072	-18.0226996642	69.0509121376	-3715.38786061
91.8311637697	-37.13922175	-17.5220669977	69.0477314129	-3717.96979944
91.8364312768	-37.1376134598	-17.0214344522	69.0445509411	-3707.90508622
91.84169856	-37.1360049364	-16.5208020277	69.0413707225	-3682.85616457
91.8469656192	-37.13439618	-16.0201697243	69.0381907568	-3671.58253331
91.8522324544	-37.1327871906	-15.5195375418	69.0350110444	-3668.46700368
91.8574990656	-37.1311779682	-15.0189054804	69.0318315849	-3661.62758888
91.8627654528	-37.1295685129	-14.5182735401	69.0286523789	-3660.65339941
91.868031616	-37.1279588246	-14.0176417208	69.0254734257	-3663.06980314
91.8732975552	-37.1263489033	-13.5170100226	69.0222947259	-3675.97764972
91.8785632703	-37.1247387492	-13.0163784455	69.0191162791	-3687.94809113
91.8838287614	-37.1231283622	-12.5157469896	69.0159380856	-3696.11638689
91.8890940284	-37.1215177423	-12.0151156548	69.0127601453	-3707.49886668
91.8943590714	-37.1199068897	-11.5144844411	69.0095824583	-3716.09892267
91.8996238903	-37.1182958042	-11.0138533486	69.0064050244	-3721.53337726
91.9048884851	-37.1166844859	-10.5132223773	69.0032278438	-3726.36483934
91.9101528558	-37.1150729349	-10.0125915271	69.0000509167	-3727.95743639
91.9154170024	-37.1134611511	-9.51196079822	68.9968742426	-3727.70268366
91.9206809249	-37.1118491346	-9.01133019053	68.9936978219	-3731.68757367
91.9259446233	-37.1102368855	-8.51069970409	68.9905216548	-3731.93371083
91.9312080976	-37.1086244037	-8.01006933891	68.9873457406	-3729.39351711
91.9364713477	-37.1070116892	-7.50943909501	68.98417008	-3726.17014901
91.9417343736	-37.1053987421	-7.00880897239	68.9809946726	-3723.86159517
91.9469971754	-37.1037855624	-6.50817897108	68.9778195189	-3722.95763883
91.952259753	-37.1021721502	-6.0075490911	68.9746446184	-3720.84149354
91.9575221065	-37.1005585054	-5.50691933245	68.971469971	-3710.7871323
91.9627842357	-37.0989446281	-5.00628969515	68.9682955777	-3691.10018464
91.9680461407	-37.0973305183	-4.50566017923	68.9651214373	-3670.3637695
91.9733078216	-37.095716176	-4.00503078468	68.9619475507	-3615.57530974
91.9785692782	-37.0941016013	-3.50440151154	68.9587739174	-3544.43116531
91.9838305106	-37.0924867941	-3.00377235981	68.9556005378	-3508.16600719
91.9890915187	-37.0908717545	-2.50314332951	68.9524274112	-3471.7035647
91.9943523026	-37.0892564826	-2.00251442065	68.9492545385	-3438.77083706
91.9996128623	-37.0876409783	-1.50188563326	68.9460819196	-3468.5424038
92.0048731977	-37.0860252417	-1.00125696734	68.9429095536	-3496.51811678
92.0101333088	-37.0844092727	-0.500628422916	68.9397374418	-3499.44945382
92.0153931956	-37.0827930715	0	68.9365655833	-3469.03459449
92.0206528581	-37.081176638	0.500628301394	68.9333939783	-3428.96314268
92.0259122963	-37.0795599722	1.00125648125	68.9302226271	-3396.10979175
92.0311715102	-37.0779430743	1.50188453955	68.9270515295	-3383.02213434
92.0364304998	-37.0763259441	2.00251247628	68.9238806853	-3437.96958173
92.0416892651	-37.0747085818	2.50314029143	68.9207100953	-3467.84143008
92.046947806	-37.0730909873	3.00376798497	68.9175397583	-3525.13026374
92.0522061225	-37.0714731607	3.5043955569	68.9143696755	-3641.54148093
92.0574642147	-37.069855102	4.00502300721	68.9111998461	-3794.03718454
92.0627220825	-37.0682368113	4.50565033586	68.9080302706	-3864.6349109
92.0679797259	-37.0666182884	5.00627754285	68.904860949	-3883.77474077
92.073237145	-37.0649995336	5.50690462816	68.9016918805	-3881.71309377
92.0784943396	-37.0633805467	6.00753159178	68.8985230665	-3874.12115562
92.0837513099	-37.0617613279	6.50815843369	68.8953545058	-3872.17571892
92.0890080557	-37.0601418771	7.00878515388	68.8921861993	-3858.29206976
92.0942645771	-37.0585221944	7.50941175233	68.8890181462	-3844.08084562
92.099520874	-37.0569022798	8.01003822902	68.8858503473	-3821.85050391
92.1047769465	-37.0552821332	8.51066458394	68.8826828019	-3794.33874002
92.1100327946	-37.0536617549	9.01129081708	68.8795155106	-3759.42513608
92.1152884182	-37.0520411446	9.51191692842	68.8763484729	-3727.89101374
92.1205438173	-37.0504203026	10.0125429179	68.8731816893	-3696.68244887
92.1257989919	-37.0487992288	10.5131687856	68.8700151597	-3655.20942102
92.131053942	-37.0471779232	11.0137945315	68.8668488838	-3635.20834143
92.1363086677	-37.0455563858	11.5144201554	68.8636828621	-3624.39328376
92.1415631688	-37.0439346167	12.0150456575	68.8605170939	-3619.16463304
92.1468174454	-37.042312616	12.5156710378	68.8573515801	-3611.18815057
92.1520714975	-37.0406903835	13.016296296	68.85418632	-3606.33275851
92.157325325	-37.0390679194	13.5169214324	68.8510213141	-3609.44158903
92.162578928	-37.0374452237	14.0175464469	68.847856562	-3611.46720549
92.1678323064	-37.0358222964	14.5181713393	68.8446920641	-3614.14817183
92.1730854602	-37.0341991374	15.0187961098	68.8415278199	-3613.0800612
92.1783383895	-37.032575747	15.5194207584	68.8383638302	-3614.28319193
92.1835910942	-37.030952125	16.0200452849	68.8352000943	-3611.51642685
92.1888435743	-37.0293282715	16.5206696894	68.8320366127	-3605.53460776
92.1940958298	-37.0277041865	17.0212939719	68.8288733848	-3604.31105549
92.1993478607	-37.02607987	17.5219181323	68.8257104114	-3601.07560762
92.204599667	-37.0244553221	18.0225421707	68.8225476919	-3585.85138902
92.2098512486	-37.0228305428	18.5231660869	68.8193852267	-3558.77834825
92.2151026056	-37.021205532	19.0237898811	68.8162230154	-3541.59965666
92.2203537379	-37.01958029	19.5244135532	68.8130610586	-3510.71424068
92.2256046456	-37.0179548165	20.0250371032	68.8098993557	-3493.33680533
92.2308553286	-37.0163291118	20.525660531	68.8067379072	-3477.11846393
92.2361057869	-37.0147031757	21.0262838367	68.8035767128	-3457.72860319
92.2413560206	-37.0130770084	21.5269070202	68.8004157726	-3448.26583889
92.2466060296	-37.0114506098	22.0275300815	68.7972550868	-3463.23447921
92.2518558138	-37.00982398	22.5281530206	68.7940946551	-3493.93512761
92.2571053733	-37.008197119	23.0287758375	68.7909344777	-3512.61255333
92.2623547082	-37.0065700268	23.5293985321	68.7877745549	-3524.65469815
92.2676038182	-37.0049427035	24.0300211045	68.7846148857	-3527.77296717
92.2728527036	-37.003315149	24.5306435547	68.7814554713	-3538.56524878
92.2781013642	-37.0016873634	25.0312658826	68.7782963114	-3558.00936115
