92.8950306109	-34.3541279406	-25.0301236252	105.6639355	-4268.11151182
92.9002751009	-34.3553418866	-24.5295233115	105.6639355	-4279.21273083
92.9055197428	-34.3565556089	-24.0289229094	105.660975956	-4292.57688943
92.9107645365	-34.3577691075	-23.528322419	105.658016234	-4309.4742889
92.9160094822	-34.3589823824	-23.0277218403	105.655056335	-4326.53379286
92.9212545797	-34.3601954337	-22.5271211733	105.652096259	-4344.72545938
92.926499829	-34.3614082612	-22.026520418	105.649136005	-4363.23436929
92.9317452302	-34.362620865	-21.5259195744	105.646175574	-4386.08287097
92.9369907831	-34.363833245	-21.0253186426	105.643214965	-4409.29162271
92.9422364879	-34.3650454013	-20.5247176225	105.640254179	-4434.14086131
92.9474823444	-34.3662573338	-20.0241165141	105.637293216	-4459.04741702
92.9527283526	-34.3674690425	-19.5235153176	105.634332076	-4483.86022689
92.9579745126	-34.3686805273	-19.0229140328	105.631370758	-4505.78548293
92.9632208243	-34.3698917884	-18.5223126599	105.628409263	-4524.73233134
92.9684672877	-34.3711028256	-18.0217111988	105.625447591	-4542.9643781
92.9737139028	-34.3723136389	-17.5211096495	105.622485742	-4558.46409787
92.9789606695	-34.3735242283	-17.0205080121	105.619523715	-4567.29152304
92.9842075879	-34.3747345938	-16.5199062865	105.616561512	-4576.19487335
92.9894546579	-34.3759447355	-16.0193044729	105.613599131	-4585.61460339
92.9947018796	-34.3771546531	-15.5187025711	105.610636573	-4592.72812862
92.9999492528	-34.3783643469	-15.0181005813	105.607673838	-4596.31335048
93.0051967777	-34.3795738167	-14.5174985034	105.604710927	-4599.80077303
93.0104444541	-34.3807830624	-14.0168963374	105.601747838	-4606.28527446
93.015692282	-34.3819920842	-13.5162940834	105.598784572	-4613.35194861
93.0209402615	-34.383200882	-13.0156917413	105.595821129	-4621.85497572
93.0261883925	-34.3844094557	-12.5150893113	105.592857509	-4632.7499694
93.031436675	-34.3856178054	-12.0144867932	105.589893712	-4640.27012996
93.0366851089	-34.386825931	-11.5138841872	105.586929739	-4641.75966407
93.0419336944	-34.3880338326	-11.0132814932	105.583965588	-4635.28288616
93.0471824312	-34.38924151	-10.5126787113	105.581001261	-4610.33296112
93.0524313195	-34.3904489633	-10.0120758414	105.578036756	-4560.77741801
93.0576803593	-34.3916561925	-9.51147288359	105.575072075	-4487.06256568
93.0629295504	-34.3928631976	-9.01086983788	105.572107218	-4403.37841197
93.0681788929	-34.3940699784	-8.51026670428	105.569142183	-4338.81699805
93.0734283868	-34.3952765351	-8.0096634828	105.566176972	-4283.84285171
93.078678032	-34.3964828676	-7.50906017346	105.563211584	-4230.87137826
93.0839278285	-34.3976889759	-7.00845677627	105.560246018	-4184.33293691
93.0891777764	-34.3988948599	-6.50785329125	105.557280277	-4129.83766807
93.0944278755	-34.4001005197	-6.00724971841	105.554314359	-4051.12084525
93.0996781259	-34.4013059553	-5.50664605777	105.551348264	-3975.21000521
93.1049285276	-34.4025111665	-5.00604230934	105.548381993	-3922.26811835
93.1101790805	-34.4037161535	-4.50543847314	105.545415545	-3879.87236737
93.1154297847	-34.4049209161	-4.00483454918	105.54244892	-3842.03626837
93.1206806401	-34.4061254544	-3.50423053748	105.539482119	-3835.04040419
93.1259316466	-34.4073297683	-3.00362643805	105.536515141	-3870.05867195
93.1311828044	-34.4085338579	-2.50302225091	105.533547987	-4023.84208682
93.1364341133	-34.4097377231	-2.00241797606	105.530580657	-4254.81325749
93.1416855733	-34.410941364	-1.50181361353	105.527613149	-4491.74853637
93.1469371845	-34.4121447804	-1.00120916334	105.524645466	-4626.28698941
93.1521889467	-34.4133479723	-0.500604625489	105.521677606	-4661.58842466
93.1574408601	-34.4145509398	0	105.518709569	-4679.33766204
93.1626929245	-34.4157536829	0.500604713112	105.515741357	-4687.90931071
93.16794514	-34.4169562015	1.00120951383	105.512772968	-4704.38816417
93.1731975066	-34.4181584955	1.50181440215	105.509804403	-4721.65721869
93.1784500241	-34.4193605651	2.00241937805	105.506835661	-4724.55446936
93.1837026927	-34.4205624101	2.50302444151	105.503866743	-4704.38369548
93.1889555122	-34.4217640306	3.00362959252	105.500897649	-4679.93413414
93.1942084828	-34.4229654265	3.50423483106	105.497928378	-4646.84345124
93.1994616043	-34.4241665979	4.00484015713	105.494958932	-4631.98073381
93.2047148767	-34.4253675446	4.5054455707	105.491989309	-4603.71838554
93.2099683	-34.4265682667	5.00605107176	105.48901951	-4565.08489387
93.2152218743	-34.4277687642	5.50665666029	105.486049535	-4532.39045353
93.2204755994	-34.4289690371	6.00726233628	105.483079384	-4515.8699011
93.2257294754	-34.4301690853	6.50786809972	105.480109056	-4513.02837287
93.2309835022	-34.4313689088	7.00847395059	105.477138553	-4522.48887218
93.2362376799	-34.4325685076	7.50907988888	105.474167873	-4538.23979594
93.2414920084	-34.4337678817	8.00968591456	105.471197018	-4554.5948658
93.2467464877	-34.4349670311	8.51029202763	105.468225986	-4548.72791174
93.2520011178	-34.4361659557	9.01089822807	105.465254779	-4521.9656744
93.2572558987	-34.4373646556	9.51150451587	105.462283395	-4507.66554395
93.2625108303	-34.4385631306	10.012110891	105.459311836	-4478.47480296
93.2677659126	-34.4397613809	10.5127173535	105.456340101	-4451.94655525
93.2730211456	-34.4409594064	11.0133239032	105.45336819	-4442.88987303
93.2782765294	-34.4421572071	11.5139305403	105.450396103	-4437.68052543
93.2835320638	-34.4433547829	12.0145372647	105.44742384	-4408.65981848
93.2887877489	-34.4445521338	12.5151440763	105.444451401	-4395.85642352
93.2940435846	-34.4457492599	13.0157509751	105.441478787	-4399.22427107
93.299299571	-34.4469461611	13.5163579613	105.438505997	-4401.77916475
93.304555708	-34.4481428373	14.0169650346	105.43553303	-4396.11981715
93.3098119956	-34.4493392887	14.5175721951	105.432559889	-4398.46186273
93.3150684337	-34.450535515	15.0181794428	105.429586571	-4422.17033422
93.3203250224	-34.4517315165	15.5187867777	105.426613078	-4456.34089696
93.3255817617	-34.4529272929	16.0193941998	105.423639409	-4465.02976107
93.3308386514	-34.4541228444	16.520001709	105.420665565	-4461.06445163
93.3360956917	-34.4553181708	17.0206093053	105.417691545	-4464.11196899
93.3413528825	-34.4565132723	17.5212169888	105.414717349	-4469.03964451
93.3466102237	-34.4577081486	18.0218247593	105.411742978	-4470.00369101
93.3518677154	-34.4589028	18.522432617	105.408768431	-4471.48971963
93.3571253576	-34.4600972262	19.0230405617	105.405793709	-4474.12119653
93.3623831501	-34.4612914274	19.5236485934	105.402818811	-4477.7697656
93.3676410931	-34.4624854034	20.0242567123	105.399843738	-4486.96624499
93.3728991864	-34.4636791543	20.5248649181	105.396868489	-4497.4258567
93.3781574302	-34.4648726801	21.0254732109	105.393893065	-4491.59131307
93.3834158242	-34.4660659807	21.5260815908	105.390917466	-4492.06790089
93.3886743686	-34.4672590562	22.0266900576	105.387941691	-4497.01257316
93.3939330634	-34.4684519064	22.5272986114	105.38496574	-4491.15057512
93.3991919084	-34.4696445315	23.0279072521	105.381989615	-4488.39561836
93.4044509037	-34.4708369313	23.5285159798	105.379013314	-4475.39869444
93.4097100493	-34.4720291059	24.0291247944	105.376036838	-4454.5731742
93.4149693451	-34.4732210552	24.5297336959	105.373060186	-4446.95371829
93.4202287911	-34.4744127792	25.0303426843	105.370083359	-4435.52387823
