-25.0397112994 0.0987199
-24.5389172831 0.09117
-24.0381232579 0.085033
-23.5373292239 0.0743057
-23.0365351811 0.0645934
-22.5357411294 0.0493914
-22.034947069 0.0321037
-21.5341529998 0.0121378
-21.0333589218 0
-20.5325648351 0.0330469
-20.0317707397 0.0726387
-19.5309766355 0.114038
-19.0301825227 0.180086
-18.5293884013 0.248847
-18.0285942712 0.300055
-17.5278001324 0.326504
-17.0270059851 0.34058
-16.5262118292 0.341333
-16.0254176648 0.329433
-15.5246234918 0.302455
-15.0238293103 0.257227
-14.5230351203 0.240793
-14.0222409218 0.234378
-13.5214467148 0.21433
-13.0206524994 0.19935
-12.5198582756 0.183996
-12.0190640433 0.16701
-11.5182698027 0.138841
-11.0174755538 0.113371
-10.5166812964 0.118051
-10.0158870308 0.179669
-9.51509275684 0.270589
-9.01429847461 0.364842
-8.51350418411 0.43219
-8.01270988537 0.477646
-7.51191557839 0.478872
-7.01112126322 0.459944
-6.51032693985 0.456055
-6.00953260832 0.457514
-5.50873826864 0.460263
-5.00794392083 0.465217
-4.50714956491 0.461495
-4.00635520091 0.414732
-3.50556082883 0.384492
-3.00476644871 0.395344
-2.50397206055 0.398298
-2.00317766438 0.370337
-1.50238326022 0.365131
-1.00158884809 0.354003
-0.500794428013 0.348632
0 0.349442
0.500794435926 0.359661
1.00158887975 0.362182
1.50238333144 0.363022
2.00317779098 0.36695
2.50397225836 0.371585
3.00476673356 0.373357
3.50556121655 0.375207
4.00635570731 0.381621
4.50715020583 0.387261
5.00794471209 0.394703
5.50873922607 0.397683
6.00953374774 0.42067
6.51032827708 0.451401
7.01112281409 0.476965
7.51191735873 0.508977
8.01271191099 0.537373
8.51350647085 0.55946
9.01430103829 0.57516
9.51509561329 0.586981
10.0158901958 0.595057
10.5166847859 0.598329
11.0174793835 0.59881
11.5182739885 0.597585
12.019068601 0.593807
12.5198632209 0.58902
13.0206578483 0.584306
13.5214524831 0.579494
14.0222471252 0.57582
14.5230417747 0.571936
15.0238364316 0.566878
15.5246310958 0.561508
16.0254257673 0.556526
16.5262204461 0.551174
17.0270151321 0.545191
17.5278098254 0.539654
18.0286045259 0.53462
18.5293992336 0.528338
19.0301939485 0.523205
19.5309886706 0.515576
20.0317833998 0.509539
20.5325781361 0.504423
21.0333728796 0.496938
21.5341676301 0.489553
22.0349623878 0.484072
22.5357571524 0.479339
23.0365519241 0.475489
23.5373467028 0.472725
24.0381414885 0.470687
24.5389362812 0.470635
25.0397310808 0.471623
