-24.965495776 0.456346
-24.4661782699 0.440175
-23.9668610738 0.400586
-23.4675441879 0.355518
-22.968227612 0.339834
-22.4689113461 0.374048
-21.9695953903 0.403706
-21.4702797445 0.453266
-20.9709644087 0.502105
-20.4716493828 0.493845
-19.972334667 0.465704
-19.473020261 0.435068
-18.973706165 0.387345
-18.4743923789 0.347517
-17.9750789026 0.404851
-17.4757657363 0.493552
-16.9764528798 0.546635
-16.4771403331 0.639953
-15.9778280963 0.662903
-15.4785161693 0.677854
-14.979204552 0.65683
-14.4798932445 0.663633
-13.9805822468 0.684485
-13.4812715588 0.697962
-12.9819611806 0.667668
-12.482651112 0.623807
-11.9833413531 0.574118
-11.4840319039 0.541913
-10.9847227643 0.526279
-10.4854139344 0.525087
-9.98610541403 0.525175
-9.4867972033 0.534189
-8.98748930216 0.546536
-8.48818171057 0.551989
-7.98887442853 0.549845
-7.48956745602 0.541329
-6.99026079302 0.537029
-6.49095443952 0.550728
-5.99164839549 0.58469
-5.49234266092 0.573968
-4.99303723579 0.53064
-4.49373212009 0.480066
-3.99442731379 0.432775
-3.49512281689 0.353438
-2.99581862935 0.295488
-2.49651475117 0.256898
-1.99721118233 0.226344
-1.49790792281 0.198203
-0.998604972594 0.176236
-0.499302331663 0.124851
0 0.0883158
0.499302022413 0.0903727
0.998603735591 0.0865114
1.49790513955 0.0988611
1.99720623432 0.0604689
2.4965070199 0.0185513
2.99580749632 7.81642e-05
3.49510766359 0
3.99440752174 0.00754404
4.49370707077 0.0809542
4.99300631071 0.20157
5.49230524157 0.37838
5.99160386337 0.579602
6.49090217613 0.687584
6.99020017987 0.712238
7.4894978746 0.69414
7.98879526035 0.691566
8.48809233712 0.704838
8.98738910493 0.732044
9.48668556381 0.742071
9.98598171378 0.745747
10.4852775548 0.727431
10.984573087 0.661252
11.4838683103 0.585388
11.9831632248 0.539467
12.4824578304 0.528027
12.9817521272 0.578677
13.4810461153 0.639639
13.9803397945 0.693222
14.479633165 0.697712
14.9789262267 0.704126
15.4782189797 0.722457
15.977511424 0.75839
16.4768035597 0.774782
16.9760953866 0.775976
17.4753869049 0.746907
17.9746781146 0.710579
18.4739690156 0.654867
18.973259608 0.625272
19.4725498919 0.592766
19.9718398671 0.565586
20.4711295339 0.556625
20.9704188921 0.554679
21.4697079418 0.556802
21.968996683 0.56547
22.4682851157 0.499722
22.9675732399 0.443056
23.4668610558 0.408575
23.9661485631 0.368518
24.4654357621 0.382397
24.9647226527 0.423805
