91.8151271225	-36.0878689378	-25.0316837043	108.305763822	-3901.68604212
91.8204099426	-36.0892811507	-24.5310525978	108.305763822	-3901.05870563
91.8256929524	-36.0906931318	-24.0304213862	108.302652055	-3890.25373333
91.830976152	-36.092104881	-23.5297900696	108.299540071	-3881.21359811
91.8362595414	-36.0935163982	-23.0291586479	108.29642787	-3856.26581598
91.8415431206	-36.0949276836	-22.5285271213	108.293315452	-3802.91346558
91.8468268895	-36.096338737	-22.0278954897	108.290202817	-3798.75558807
91.8521108482	-36.0977495585	-21.5272637531	108.287089965	-3854.23189059
91.8573949966	-36.0991601479	-21.0266319115	108.283976896	-3876.6752993
91.8626793348	-36.1005705053	-20.5259999651	108.28086361	-3877.85535226
91.8679638626	-36.1019806308	-20.0253679137	108.277750107	-3876.09655303
91.8732485801	-36.1033905241	-19.5247357573	108.274636388	-3879.36293226
91.8785334872	-36.1048001854	-19.0241034961	108.271522451	-3890.47737237
91.8838185841	-36.1062096146	-18.52347113	108.268408298	-3905.96143159
91.8891038705	-36.1076188117	-18.0228386591	108.265293928	-3912.48782907
91.8943893466	-36.1090277767	-17.5222060833	108.262179341	-3917.49915808
91.8996750123	-36.1104365095	-17.0215734027	108.259064537	-3919.79971704
91.9049608676	-36.1118450101	-16.5209406173	108.255949517	-3918.52820361
91.9102469125	-36.1132532786	-16.0203077271	108.25283428	-3923.29097002
91.9155331469	-36.1146613148	-15.519674732	108.249718826	-3931.45340763
91.9208195709	-36.1160691188	-15.0190416323	108.246603156	-3930.13374748
91.9261061845	-36.1174766905	-14.5184084277	108.243487268	-3933.89174457
91.9313929875	-36.11888403	-14.0177751185	108.240371165	-3925.30719258
91.9366799801	-36.1202911372	-13.5171417045	108.237254844	-3908.91535154
91.9419671621	-36.1216980121	-13.0165081858	108.234138307	-3891.07497401
91.9472545336	-36.1231046546	-12.5158745624	108.231021554	-3884.23456308
91.9525420946	-36.1245110648	-12.0152408344	108.227904584	-3885.75195722
91.9578298451	-36.1259172426	-11.5146070017	108.224787397	-3898.22053741
91.9631177849	-36.127323188	-11.0139730643	108.221669994	-3911.05705553
91.9684059142	-36.128728901	-10.5133390224	108.218552374	-3911.86054975
91.9736942329	-36.1301343815	-10.0127048758	108.215434538	-3913.4034383
91.978982741	-36.1315396296	-9.51207062461	108.212316486	-3919.30395878
91.9842714385	-36.1329446453	-9.01143626886	108.209198216	-3922.16809543
91.9895603253	-36.1343494284	-8.51080180854	108.206079731	-3915.87227332
91.9948494015	-36.135753979	-8.01016724367	108.202961029	-3901.87622004
92.000138667	-36.1371582971	-7.50953257427	108.199842111	-3881.04474916
92.0054281218	-36.1385623826	-7.00889780035	108.196722976	-3878.18792237
92.0107177659	-36.1399662356	-6.50826292193	108.193603625	-3881.47737229
92.0160075993	-36.1413698559	-6.00762793903	108.190484058	-3911.22960713
92.021297622	-36.1427732436	-5.50699285165	108.187364275	-3949.75671911
92.0265878339	-36.1441763987	-5.00635765982	108.184244275	-3968.89120721
92.0318782351	-36.1455793211	-4.50572236356	108.181124059	-3971.46271326
92.0371688254	-36.1469820109	-4.00508696287	108.178003627	-3975.22077756
92.042459605	-36.1483844679	-3.50445145777	108.174882978	-3981.07440151
92.0477505738	-36.1497866923	-3.00381584828	108.171762113	-3980.77688962
92.0530417318	-36.1511886839	-2.50318013442	108.168641032	-3977.33609295
92.058333079	-36.1525904427	-2.00254431619	108.165519735	-3981.50381035
92.0636246153	-36.1539919687	-1.50190839362	108.162398222	-3979.64655981
92.0689163407	-36.155393262	-1.00127236672	108.159276493	-3960.37867502
92.0742082553	-36.1567943224	-0.500636235509	108.156154548	-3933.67494704
92.0795003589	-36.15819515	0	108.153032386	-3913.763087
92.0847926517	-36.1595957447	0.500636339791	108.149910009	-3891.41130684
92.0900851335	-36.1609961066	1.00127278385	108.146787415	-3881.18154351
92.0953778044	-36.1623962355	1.50190933216	108.143664606	-3870.31052434
92.1006706643	-36.1637961315	2.0025459847	108.14054158	-3866.94935412
92.1059637133	-36.1651957946	2.50318274146	108.137418339	-3867.3238514
92.1112569513	-36.1665952247	3.00381960243	108.134294881	-3866.87979459
92.1165503783	-36.1679944218	3.50445656759	108.131171208	-3868.66476553
92.1218439943	-36.169393386	4.00509363691	108.128047319	-3869.90172961
92.1271377992	-36.1707921171	4.50573081039	108.124923214	-3862.42091772
92.1324317931	-36.1721906151	5.00636808802	108.121798893	-3837.0430306
92.137725976	-36.1735888801	5.50700546977	108.118674356	-3826.46499195
92.1430203477	-36.174986912	6.00764295562	108.115549604	-3822.46834961
92.1483149084	-36.1763847108	6.50828054558	108.112424635	-3842.3136075
92.153609658	-36.1777822765	7.00891823961	108.109299451	-3848.61961494
92.1589045965	-36.179179609	7.5095560377	108.106174051	-3834.26186014
92.1641997238	-36.1805767084	8.01019393984	108.103048435	-3824.96403886
92.16949504	-36.1819735746	8.51083194601	108.099922604	-3826.2252909
92.174790545	-36.1833702076	9.01147005619	108.096796557	-3824.22420052
92.1800862388	-36.1847666073	9.51210827037	108.093670294	-3831.06900487
92.1853821215	-36.1861627738	10.0127465885	108.090543816	-3836.73011024
92.1906781929	-36.1875587071	10.5133850107	108.087417122	-3821.90162284
92.1959744531	-36.188954407	11.0140235368	108.084290212	-3816.59223975
92.2012709021	-36.1903498737	11.5146621668	108.081163087	-3827.73164803
92.2065675398	-36.191745107	12.0153009007	108.078035746	-3833.83836715
92.2118643662	-36.193140107	12.5159397386	108.07490819	-3837.22980588
92.2171613814	-36.1945348736	13.0165786803	108.071780418	-3831.93795518
92.2224585852	-36.1959294068	13.5172177259	108.06865243	-3827.61411249
92.2277559778	-36.1973237066	14.0178568754	108.065524228	-3834.8378251
92.233053559	-36.198717773	14.5184961287	108.062395809	-3848.54891417
92.2383513288	-36.2001116059	15.0191354859	108.059267175	-3868.76126808
92.2436492873	-36.2015052053	15.5197749468	108.056138326	-3883.30895706
92.2489474344	-36.2028985713	16.0204145116	108.053009261	-3877.53200127
92.2542457702	-36.2042917038	16.5210541801	108.049879982	-3868.83455865
92.2595442945	-36.2056846027	17.0216939524	108.046750486	-3858.47443638
92.2648430074	-36.2070772681	17.5223338284	108.043620775	-3842.49489929
92.2701419089	-36.2084696999	18.0229738082	108.040490849	-3829.415202
92.2754409989	-36.2098618981	18.5236138917	108.037360708	-3823.74242282
92.2807402774	-36.2112538627	19.0242540788	108.034230351	-3822.70355396
92.2860397444	-36.2126455937	19.5248943697	108.03109978	-3822.36354381
92.2913394	-36.214037091	20.0255347642	108.027968992	-3810.65451776
92.296639244	-36.2154283547	20.5261752624	108.02483799	-3814.70311856
92.3019392766	-36.2168193846	21.0268158643	108.021706773	-3817.83501555
92.3072394975	-36.2182101809	21.5274565697	108.01857534	-3817.49001316
92.3125399069	-36.2196007434	22.0280973788	108.015443692	-3816.35288337
92.3178405047	-36.2209910722	22.5287382914	108.012311829	-3782.25976462
92.323141291	-36.2223811672	23.0293793076	108.009179751	-3763.79993718
92.3284422656	-36.2237710284	23.5300204274	108.006047458	-3761.85880197
92.3337434286	-36.2251606558	24.0306616507	108.002914949	-3750.34012752
92.33904478	-36.2265500493	24.5313029775	107.999782226	-3748.43834263
92.3443463197	-36.227939209	25.0319444079	107.996649288	-3741.93557746
