-25.0440311291 nan
-24.543150823 nan
-24.0422705036 nan
-23.5413901709 nan
-23.0405098251 nan
-22.539629466 nan
-22.0387490938 nan
-21.5378687084 nan
-21.0369883099 nan
-20.5361078983 nan
-20.0352274736 nan
-19.5343470358 nan
-19.0334665849 nan
-18.5325861211 nan
-18.0317056442 nan
-17.5308251544 nan
-17.0299446515 nan
-16.5290641358 nan
-16.0281836071 nan
-15.5273030656 nan
-15.0264225111 nan
-14.5255419439 nan
-14.0246613638 nan
-13.5237807708 nan
-13.0229001651 nan
-12.5220195467 nan
-12.0211389154 nan
-11.5202582715 nan
-11.0193776149 nan
-10.5184969456 nan
-10.0176162636 nan
-9.51673556898 nan
-9.01585486177 nan
-8.51497414196 nan
-8.01409340959 nan
-7.51321266467 nan
-7.01233190722 nan
-6.51145113727 nan
-6.01057035484 nan
-5.50968955995 nan
-5.00880875262 nan
-4.50792793288 nan
-4.00704710073 nan
-3.50616625622 nan
-3.00528539935 nan
-2.50440453016 nan
-2.00352364866 nan
-1.50264275487 nan
-1.00176184881 nan
-0.500880930516 nan
0 nan
0.500880942716 nan
1.00176189761 nan
1.50264286466 nan
2.00352384384 nan
2.50440483514 nan
3.00528583852 nan
3.50616685397 nan
4.00704788147 nan
4.507928921 nan
5.00880997253 nan
5.50969103604 nan
6.01057211151 nan
6.51145319892 nan
7.01233429824 nan
7.51321540946 nan
8.01409653255 nan
8.51497766749 nan
9.01585881426 nan
9.51673997284 nan
10.0176211432 nan
10.5185023253 nan
11.0193835192 nan
11.5202647248 nan
12.0211459421 nan
12.5220271711 nan
13.0229084117 nan
13.5237896639 nan
14.0246709278 nan
14.5255522033 nan
15.0264334903 nan
15.5273147889 nan
16.028196099 nan
16.5290774206 nan
17.0299587536 nan
17.5308400982 nan
18.0317214542 nan
18.5326028215 nan
19.0334842003 nan
19.5343655905 nan
20.035246992 nan
20.5361284048 nan
21.037009829 nan
21.5378912644 nan
22.0387727111 nan
22.539654169 nan
23.0405356382 nan
23.5414171186 nan
24.0422986101 nan
24.5431801128 nan
25.0440616266 nan
