-25.0260484208 nan
-24.5255320438 nan
-24.0250154791 nan
-23.5244987269 nan
-23.023981787 nan
-22.5234646596 nan
-22.0229473447 nan
-21.5224298422 nan
-21.0219121521 nan
-20.5213942746 nan
-20.0208762096 nan
-19.520357957 nan
-19.019839517 nan
-18.5193208895 nan
-18.0188020746 nan
-17.5182830722 nan
-17.0177638824 nan
-16.5172445051 nan
-16.0167249405 nan
-15.5162051885 nan
-15.0156852491 nan
-14.5151651223 nan
-14.0146448082 nan
-13.5141243068 nan
-13.013603618 nan
-12.5130827419 nan
-12.0125616785 nan
-11.5120404278 nan
-11.0115189899 nan
-10.5109973646 nan
-10.0104755522 nan
-9.50995355246 nan
-9.00943136553 nan
-8.50890899139 nan
-8.00838643004 nan
-7.50786368152 nan
-7.00734074582 nan
-6.50681762295 nan
-6.00629431294 nan
-5.5057708158 nan
-5.00524713153 nan
-4.50472326016 nan
-4.00419920169 nan
-3.50367495614 nan
-3.00315052351 nan
-2.50262590383 nan
-2.0021010971 nan
-1.50157610334 nan
-1.00105092256 nan
-0.500525554778 nan
0 nan
0.500525741759 nan
1.00105167048 nan
1.50157778617 nan
2.00210408879 nan
2.50263057834 nan
3.00315725481 nan
3.50368411818 nan
4.00421116844 nan
4.50473840558 nan
5.00526582958 nan
5.50579344043 nan
6.00632123812 nan
6.50684922264 nan
7.00737739397 nan
7.5079057521 nan
8.00843429702 nan
8.50896302871 nan
9.00949194717 nan
9.51002105236 nan
10.0105503443 nan
10.511079823 nan
11.0116094883 nan
11.5121393404 nan
12.0126693791 nan
12.5131996045 nan
13.0137300166 nan
13.5142606153 nan
14.0147914007 nan
14.5153223726 nan
15.0158535312 nan
15.5163848764 nan
16.0169164081 nan
16.5174481264 nan
17.0179800313 nan
17.5185121227 nan
18.0190444006 nan
18.5195768651 nan
19.020109516 nan
19.5206423534 nan
20.0211753773 nan
20.5217085877 nan
21.0222419845 nan
21.5227755678 nan
22.0233093374 nan
22.5238432935 nan
23.024377436 nan
23.5249117648 nan
24.0254462801 nan
24.5259809817 nan
25.0265158696 nan
