-25.0221665325 0.221372
-24.5217269612 0.209086
-24.0212872363 0.176994
-23.5208473577 0.142936
-23.0204073256 0.159903
-22.5199671398 0.180706
-22.0195268006 0.163043
-21.5190863077 0.151201
-21.0186456613 0.13794
-20.5182048613 0.111768
-20.0177639079 0.0982853
-19.5173228009 0.10626
-19.0168815404 0.104068
-18.5164401264 0.088623
-18.0159985589 0.0839013
-17.515556838 0.0768836
-17.0151149635 0.0649469
-16.5146729357 0.0599315
-16.0142307543 0.0672633
-15.5137884196 0.0690182
-15.0133459314 0.0674835
-14.5129032899 0.0672548
-14.0124604949 0.0525619
-13.5120175465 0.057687
-13.0115744448 0.0825584
-12.5111311897 0.0916958
-12.0106877812 0.0848824
-11.5102442194 0.0771181
-11.0098005043 0.117335
-10.5093566358 0.134931
-10.0089126141 0.16443
-9.50846843899 0.184903
-9.00802411063 0.200251
-8.50757962899 0.246188
-8.00713499408 0.366459
-7.50669020591 0.443306
-7.0062452645 0.447637
-6.50580016985 0.38705
-6.00535492198 0.307202
-5.5049095209 0.252644
-5.00446396661 0.222823
-4.50401825913 0.180497
-4.00357239847 0.127294
-3.50312638464 0.0878225
-3.00268021765 0.07944
-2.50223389752 0.0677416
-2.00178742424 0.0568425
-1.50134079784 0.0434644
-1.00089401833 0.0268225
-0.50044708571 0.0301196
0 0.0310858
0.500447238794 0.0197751
1.00089463066 0.0107188
1.50134217558 0.00010169
2.00178987356 0
2.50223772457 0.0233816
3.00268572861 0.0597441
3.50313388566 0.109133
4.00358219572 0.125357
4.50403065878 0.112674
5.00447927482 0.103296
5.50492804383 0.115152
6.0053769658 0.123524
6.50582604072 0.141456
7.00627526858 0.169459
7.50672464937 0.210124
8.00717418308 0.227764
8.50762386969 0.227192
9.0080737092 0.219741
9.50852370159 0.204198
10.0089738469 0.192127
10.509424145 0.203304
11.009874596 0.219068
11.5103251998 0.243072
12.0107759564 0.214787
12.5112268659 0.189452
13.0116779282 0.188183
13.5121291432 0.195527
14.0125805111 0.214816
14.5130320317 0.231133
15.0134837051 0.230966
15.5139355312 0.220203
16.0143875101 0.19939
16.5148396417 0.204654
17.015291926 0.207736
17.5157443631 0.212495
18.0161969528 0.219324
18.5166496952 0.227004
19.0171025903 0.239162
19.517555638 0.24045
20.0180088384 0.239361
20.5184621915 0.236486
21.0189156972 0.24383
21.5193693554 0.237841
22.0198231663 0.21832
22.5202771298 0.195061
23.0207312459 0.185486
23.5211855146 0.155862
24.0216399358 0.190633
24.5220945095 0.231218
25.0225492358 0.273553
