-25.0295240687 0.323931
-24.5289362673 0.339995
-24.0283483563 0.360529
-23.5277603357 0.365668
-23.0271722054 0.377951
-22.5265839657 0.392563
-22.0259956163 0.406151
-21.5254071574 0.412132
-21.024818589 0.417012
-20.524229911 0.39313
-20.0236411236 0.355287
-19.5230522267 0.327384
-19.0224632203 0.323589
-18.5218741044 0.345345
-18.0212848791 0.348248
-17.5206955443 0.335486
-17.0201061002 0.322119
-16.5195165466 0.31409
-16.0189268837 0.335887
-15.5183371113 0.324907
-15.0177472297 0.32842
-14.5171572386 0.354884
-14.0165671383 0.358894
-13.5159769286 0.326369
-13.0153866097 0.324767
-12.5147961814 0.330405
-12.0142056439 0.317796
-11.5136149971 0.317358
-11.0130242411 0.368954
-10.5124333758 0.405031
-10.0118424014 0.427079
-9.51125131772 0.434456
-9.01066012488 0.430354
-8.51006882287 0.431862
-8.00947741171 0.416187
-7.50888589141 0.384171
-7.00829426198 0.341522
-6.50770252344 0.344861
-6.0071106758 0.36168
-5.50651871909 0.34186
-5.0059266533 0.342392
-4.50533447847 0.359848
-4.0047421946 0.283472
-3.5041498017 0.1687
-3.00355729979 0.0705656
-2.50296468889 0.0396532
-2.00237196902 0.0159268
-1.50177914017 0.00186155
-1.00118620238 0
-0.50059315565 0.00172059
0 0.0126112
0.500593264558 0.0244406
1.00118663801 0.0473846
1.50178012033 0.0982263
2.00237371152 0.133788
2.50296741155 0.158384
3.00356122042 0.194386
3.50415513811 0.224095
4.0047491646 0.254978
4.50534329989 0.287843
5.00593754394 0.308152
5.50653189676 0.297013
6.00712635832 0.296546
6.50772092861 0.309096
7.00831560762 0.320996
7.50891039533 0.333676
8.00950529173 0.337844
8.5101002968 0.326704
9.01069541053 0.317184
9.5112906329 0.313496
10.0118859639 0.317954
10.5124814035 0.323384
11.0130769517 0.332363
11.5136726085 0.340689
12.0142683739 0.337724
12.5148642478 0.323214
13.0154602303 0.313966
13.5160563213 0.315579
14.0166525208 0.315192
14.5172488288 0.320315
15.0178452452 0.325057
15.5184417702 0.337196
16.0190384036 0.356886
16.5196351454 0.380562
17.0202319957 0.401976
17.5208289543 0.398612
18.0214260214 0.375907
18.5220231968 0.350888
19.0226204806 0.32819
19.5232178728 0.312731
20.0238153733 0.309061
20.5244129821 0.308939
21.0250106992 0.308273
21.5256085246 0.307535
22.0262064582 0.306189
22.5268045002 0.31187
23.0274026504 0.322977
23.5280009088 0.332945
24.0285992754 0.334388
24.5291977502 0.337009
25.0297963333 0.340091
