-25.0200332878 nan
-24.5196279557 nan
-24.0192228139 nan
-23.5188178625 nan
-23.0184131013 nan
-22.5180085305 nan
-22.0176041501 nan
-21.51719996 nan
-21.0167959602 nan
-20.5163921509 nan
-20.0159885319 nan
-19.5155851033 nan
-19.0151818651 nan
-18.5147788174 nan
-18.01437596 nan
-17.5139732931 nan
-17.0135708166 nan
-16.5131685306 nan
-16.012766435 nan
-15.51236453 nan
-15.0119628154 nan
-14.5115612912 nan
-14.0111599576 nan
-13.5107588145 nan
-13.010357862 nan
-12.5099570999 nan
-12.0095565284 nan
-11.5091561475 nan
-11.0087559571 nan
-10.5083559572 nan
-10.007956148 nan
-9.50755652935 nan
-9.0071571013 nan
-8.50675786385 nan
-8.00635881703 nan
-7.50595996084 nan
-7.00556129528 nan
-6.50516282037 nan
-6.00476453612 nan
-5.50436644254 nan
-5.00396853964 nan
-4.50357082742 nan
-4.0031733059 nan
-3.50277597509 nan
-3.00237883499 nan
-2.50198188562 nan
-2.00158512699 nan
-1.5011885591 nan
-1.00079218196 nan
-0.500395995595 nan
0 nan
0.50039580481 nan
1.00079141883 nan
1.50118684204 nan
2.00158207444 nan
2.50197711601 nan
3.00237196676 nan
3.50276662666 nan
4.00316109571 nan
4.5035553739 nan
5.00394946122 nan
5.50434335765 nan
6.0047370632 nan
6.50513057784 nan
7.00552390158 nan
7.5059170344 nan
8.00630997629 nan
8.50670272724 nan
9.00709528724 nan
9.50748765628 nan
10.0078798344 nan
10.5082718215 nan
11.0086636176 nan
11.5090552227 nan
12.0094466368 nan
12.5098378599 nan
13.010228892 nan
13.510619733 nan
14.011010383 nan
14.511400842 nan
15.0117911098 nan
15.5121811866 nan
16.0125710724 nan
16.512960767 nan
17.0133502705 nan
17.513739583 nan
18.0141287043 nan
18.5145176344 nan
19.0149063735 nan
19.5152949214 nan
20.0156832781 nan
20.5160714437 nan
21.016459418 nan
21.5168472012 nan
22.0172347933 nan
22.517622194 nan
23.0180094036 nan
23.518396422 nan
24.0187832491 nan
24.519169885 nan
25.0195563296 nan
