-24.9769466379 nan
-24.4773994589 nan
-23.9778526167 nan
-23.4783061112 nan
-22.9787599425 nan
-22.4792141105 nan
-21.9796686153 nan
-21.4801234567 nan
-20.9805786348 nan
-20.4810341497 nan
-19.9814900011 nan
-19.4819461893 nan
-18.9824027141 nan
-18.4828595755 nan
-17.9833167736 nan
-17.4837743083 nan
-16.9842321796 nan
-16.4846903875 nan
-15.9851489319 nan
-15.485607813 nan
-14.9860670306 nan
-14.4865265847 nan
-13.9869864754 nan
-13.4874467026 nan
-12.9879072663 nan
-12.4883681665 nan
-11.9888294032 nan
-11.4892909764 nan
-10.989752886 nan
-10.4902151321 nan
-9.99067771462 nan
-9.49114063358 nan
-8.99160388897 nan
-8.49206748075 nan
-7.99253140894 nan
-7.4929956735 nan
-6.99346027444 nan
-6.49392521174 nan
-5.99439048538 nan
-5.49485609537 nan
-4.99532204167 nan
-4.49578832429 nan
-3.99625494321 nan
-3.49672189842 nan
-2.99718918991 nan
-2.49765681766 nan
-1.99812478167 nan
-1.49859308192 nan
-0.999061718398 nan
-0.499530691096 nan
0 nan
0.4995303549 nan
0.999060373617 nan
1.49859005616 nan
1.99811940255 nan
2.49764841279 nan
2.99717708689 nan
3.49670542487 nan
3.99623342674 nan
4.49576109251 nan
4.99528842219 nan
5.49481541579 nan
5.99434207333 nan
6.49386839482 nan
6.99339438027 nan
7.49292002969 nan
7.99244534309 nan
8.49197032049 nan
8.9914949619 nan
9.49101926733 nan
9.99054323678 nan
10.4900668703 nan
10.9895901678 nan
11.4891131295 nan
11.9886357552 nan
12.488158045 nan
12.9876799989 nan
13.4872016169 nan
13.986722899 nan
14.4862438453 nan
14.9857644557 nan
15.4852847303 nan
15.9848046691 nan
16.4843242721 nan
16.9838435392 nan
17.4833624706 nan
17.9828810662 nan
18.4823993261 nan
18.9819172501 nan
19.4814348385 nan
19.9809520911 nan
20.480469008 nan
20.9799855892 nan
21.4795018347 nan
21.9790177446 nan
22.4785333187 nan
22.9780485573 nan
23.4775634601 nan
23.9770780274 nan
24.476592259 nan
24.976106155 nan
