92.3069797131	-38.2119412762	-25.027934114	117.783035807	NaN
92.3120429727	-38.2140371452	-24.5273793272	117.783035807	NaN
92.3171065239	-38.2161327967	-24.0268243812	117.779903743	NaN
92.3221703667	-38.2182282308	-23.526269276	117.776771353	NaN
92.3272345012	-38.2203234473	-23.0257140116	117.773638637	NaN
92.3322989273	-38.2224184462	-22.525158588	117.770505595	NaN
92.3373636452	-38.2245132275	-22.0246030052	117.767372227	NaN
92.3424286547	-38.2266077911	-21.5240472634	117.764238533	NaN
92.3474939559	-38.2287021372	-21.0234913623	117.761104514	NaN
92.3525595488	-38.2307962655	-20.5229353022	117.757970168	NaN
92.3576254333	-38.2328901761	-20.0223790829	117.754835496	NaN
92.3626916097	-38.2349838689	-19.5218227046	117.751700498	NaN
92.3677580777	-38.237077344	-19.0212661671	117.748565175	NaN
92.3728248374	-38.2391706013	-18.5207094706	117.745429525	NaN
92.3778918889	-38.2412636407	-18.020152615	117.74229355	NaN
92.3829592322	-38.2433564623	-17.5195956004	117.739157248	NaN
92.3880268672	-38.245449066	-17.0190384268	117.736020621	NaN
92.3930947939	-38.2475414518	-16.5184810942	117.732883668	NaN
92.3981630125	-38.2496336196	-16.0179236025	117.729746388	NaN
92.4032315228	-38.2517255694	-15.5173659519	117.726608783	NaN
92.4083003249	-38.2538173013	-15.0168081423	117.723470852	NaN
92.4133694188	-38.2559088151	-14.5162501737	117.720332594	NaN
92.4184388044	-38.2580001108	-14.0156920462	117.717194011	NaN
92.423508482	-38.2600911885	-13.5151337598	117.714055102	NaN
92.4285784513	-38.262182048	-13.0145753144	117.710915867	NaN
92.4336487125	-38.2642726893	-12.5140167102	117.707776306	NaN
92.4387192654	-38.2663631125	-12.013457947	117.704636419	NaN
92.4437901103	-38.2684533175	-11.512899025	117.701496205	NaN
92.448861247	-38.2705433042	-11.0123399441	117.698355666	NaN
92.4539326756	-38.2726330727	-10.5117807044	117.695214801	NaN
92.459004396	-38.2747226229	-10.0112213058	117.69207361	NaN
92.4640764083	-38.2768119547	-9.51066174838	117.688932093	NaN
92.4691487125	-38.2789010682	-9.01010203218	117.68579025	NaN
92.4742213086	-38.2809899633	-8.50954215718	117.68264808	NaN
92.4792941966	-38.28307864	-8.0089821234	117.679505586	NaN
92.4843673765	-38.2851670983	-7.50842193085	117.676362764	NaN
92.4894408483	-38.2872553381	-7.00786157955	117.673219617	NaN
92.4945146121	-38.2893433593	-6.50730106951	117.670076144	NaN
92.4995886677	-38.2914311621	-6.00674040075	117.666932345	NaN
92.5046630154	-38.2935187463	-5.50617957327	117.66378822	NaN
92.509737655	-38.2956061119	-5.0056185871	117.660643768	NaN
92.5148125865	-38.2976932589	-4.50505744224	117.657498991	NaN
92.51988781	-38.2997801873	-4.00449613871	117.654353888	NaN
92.5249633255	-38.301866897	-3.50393467652	117.651208459	NaN
92.530039133	-38.3039533879	-3.0033730557	117.648062703	NaN
92.5351152324	-38.3060396602	-2.50281127624	117.644916622	NaN
92.5401916239	-38.3081257137	-2.00224933817	117.641770215	NaN
92.5452683074	-38.3102115484	-1.50168724149	117.638623481	NaN
92.5503452829	-38.3122971643	-1.00112498623	117.635476422	NaN
92.5554225504	-38.3143825613	-0.500562572396	117.632329036	NaN
92.5605001099	-38.3164677395	0	117.629181325	NaN
92.5655779615	-38.3185526987	0.500562730942	117.626033287	NaN
92.5706561052	-38.3206374391	1.00112562041	117.622884923	NaN
92.5757345408	-38.3227219604	1.50168866841	117.619736234	NaN
92.5808132686	-38.3248062628	2.0022518749	117.616587218	NaN
92.5858922884	-38.3268903461	2.50281523989	117.613437876	NaN
92.5909716003	-38.3289742105	3.00337876336	117.610288208	NaN
92.5960512043	-38.3310578557	3.50394244529	117.607138214	NaN
92.6011311004	-38.3331412818	4.00450628566	117.603987894	NaN
92.6062112886	-38.3352244888	4.50507028448	117.600837248	NaN
92.6112917689	-38.3373074766	5.00563444171	117.597686276	NaN
92.6163725414	-38.3393902452	5.50619875736	117.594534978	NaN
92.6214536059	-38.3414727946	6.00676323139	117.591383354	NaN
92.6265349626	-38.3435551248	6.50732786381	117.588231403	NaN
92.6316166114	-38.3456372356	7.00789265459	117.585079127	NaN
92.6366985524	-38.3477191272	7.50845760373	117.581926525	NaN
92.6417807856	-38.3498007994	8.0090227112	117.578773596	NaN
92.6468633109	-38.3518822522	8.509587977	117.575620341	NaN
92.6519461284	-38.3539634857	9.01015340111	117.572466761	NaN
92.657029238	-38.3560444997	9.51071898351	117.569312854	NaN
92.6621126399	-38.3581252943	10.0112847242	117.566158621	NaN
92.6671963339	-38.3602058694	10.5118506232	117.563004062	NaN
92.6722803202	-38.3622862249	11.0124166804	117.559849177	NaN
92.6773645987	-38.364366361	11.5129828958	117.556693966	NaN
92.6824491694	-38.3664462774	12.0135492695	117.553538429	NaN
92.6875340323	-38.3685259743	12.5141158014	117.550382565	NaN
92.6926191874	-38.3706054515	13.0146824915	117.547226376	NaN
92.6977046349	-38.3726847091	13.5152493398	117.54406986	NaN
92.7027903745	-38.374763747	14.0158163462	117.540913019	NaN
92.7078764064	-38.3768425651	14.5163835108	117.537755851	NaN
92.7129627306	-38.3789211636	15.0169508336	117.534598357	NaN
92.7180493471	-38.3809995422	15.5175183145	117.531440537	NaN
92.7231362558	-38.3830777011	16.0180859535	117.528282391	NaN
92.7282234568	-38.3851556401	16.5186537506	117.525123919	NaN
92.7333109502	-38.3872333592	17.0192217058	117.52196512	NaN
92.7383987358	-38.3893108585	17.519789819	117.518805996	NaN
92.7434868138	-38.3913881378	18.0203580904	117.515646545	NaN
92.748575184	-38.3934651972	18.5209265197	117.512486769	NaN
92.7536638466	-38.3955420367	19.0214951071	117.509326666	NaN
92.7587528016	-38.3976186561	19.5220638526	117.506166237	NaN
92.7638420489	-38.3996950554	20.022632756	117.503005482	NaN
92.7689315885	-38.4017712348	20.5232018174	117.499844401	NaN
92.7740214205	-38.403847194	21.0237710368	117.496682994	NaN
92.7791115448	-38.4059229331	21.5243404141	117.49352126	NaN
92.7842019616	-38.407998452	22.0249099494	117.490359201	NaN
92.7892926707	-38.4100737508	22.5254796427	117.487196815	NaN
92.7943836722	-38.4121488293	23.0260494938	117.484034103	NaN
92.7994749661	-38.4142236877	23.5266195029	117.480871065	NaN
92.8045665524	-38.4162983257	24.0271896699	117.477707701	NaN
92.8096584311	-38.4183727435	24.5277599947	117.474544011	NaN
92.8147506022	-38.4204469409	25.0283304774	117.471379994	NaN
