-25.0173846706 0.0838081
-24.5170411107 0.0770282
-24.0166973819 0.0869885
-23.5163534843 0.0768607
-23.0160094179 0.0702242
-22.5156651826 0.0817276
-22.0153207785 0.0827511
-21.5149762056 0.102768
-21.014631464 0.12293
-20.5142865535 0.116733
-20.0139414742 0.119968
-19.5135962262 0.15303
-19.0132508094 0.173733
-18.5129052238 0.180123
-18.0125594695 0.188757
-17.5122135465 0.209081
-17.0118674547 0.229054
-16.5115211942 0.246768
-16.011174765 0.272097
-15.5108281671 0.264823
-15.0104814005 0.255946
-14.5101344652 0.268333
-14.0097873612 0.278299
-13.5094400886 0.277362
-13.0090926472 0.276068
-12.5087450373 0.276264
-12.0083972586 0.28068
-11.5080493114 0.285302
-11.0077011955 0.281693
-10.507352911 0.276635
-10.0070044579 0.278379
-9.50665583614 0.273864
-9.00630704582 0.263269
-8.50595808692 0.264754
-8.00560895943 0.256232
-7.50525966338 0.225924
-7.00491019876 0.215571
-6.50456056559 0.212945
-6.00421076388 0.20841
-5.50386079363 0.202814
-5.00351065486 0.197821
-4.50316034756 0.191751
-4.00280987176 0.180267
-3.50245922745 0.174919
-3.00210841465 0.169412
-2.50175743337 0.157087
-2.00140628362 0.142755
-1.50105496539 0.136813
-1.00070347871 0.13415
-0.500351823574 0.152434
0 0.178809
0.500351992006 0.190869
1.00070415244 0.176666
1.50105648128 0.137624
2.00140897854 0.11226
2.50176164419 0.0942834
3.00211447823 0.0598139
3.50246748065 0.0185288
4.00282065144 0.0089068
4.5031739906 0.005804
5.00352749811 0.0139641
5.50388117397 0.0319457
6.00423501817 0.0171278
6.5045890307 0.0264577
7.00494321154 0.0233758
7.5052975607 0.00169802
8.00565207816 0
8.50600676392 0.0347688
9.00636161796 0.0481303
9.50671664028 0.0728016
10.0070718309 0.0940659
10.5074271897 0.11113
11.0077827168 0.15342
11.5081384121 0.170244
12.0084942757 0.184341
12.5088503075 0.208481
13.0092065075 0.210483
13.5095628758 0.208381
14.0099194122 0.205295
14.5102761168 0.199167
15.0106329896 0.211521
15.5109900305 0.206925
16.0113472397 0.231316
16.511704617 0.247467
17.0120621624 0.245911
17.512419876 0.226477
18.0127777576 0.198737
18.5131358075 0.186314
19.0134940254 0.179298
19.5138524114 0.187538
20.0142109656 0.204258
20.5145696878 0.213952
21.014928578 0.235295
21.5152876364 0.290003
22.0156468628 0.299478
22.5160062573 0.236265
23.0163658198 0.187401
23.5167255503 0.174428
24.0170854489 0.169873
24.5174455154 0.150312
25.01780575 0.103066
