-25.0305554627 0.276054
-24.5299411354 0.361454
-24.0293269392 0.387458
-23.5287128741 0.384456
-23.0280989401 0.345203
-22.5274851373 0.318888
-22.0268714657 0.291377
-21.5262579253 0.229748
-21.025644516 0.178332
-20.525031238 0.144651
-20.0244180912 0.132413
-19.5238050756 0.127386
-19.0231921913 0.126984
-18.5225794383 0.12256
-18.0219668166 0.116946
-17.5213543261 0.109543
-17.020741967 0.107348
-16.5201297393 0.106774
-16.0195176428 0.101463
-15.5189056778 0.0966992
-15.0182938441 0.0987121
-14.5176821418 0.106005
-14.0170705709 0.0878536
-13.5164591315 0.0721
-13.0158478235 0.063467
-12.5152366469 0.0531941
-12.0146256018 0.034754
-11.5140146882 0.00998785
-11.0134039061 0
-10.5127932556 0.00684409
-10.0121827365 0.0120327
-9.51157234901 0.0140759
-9.01096209307 0.0167015
-8.5103519687 0.0209337
-8.00974197592 0.0312409
-7.50913211474 0.0577669
-7.00852238519 0.0882315
-6.50791278727 0.173248
-6.00730332101 0.314846
-5.5066939864 0.458495
-5.00608478349 0.608529
-4.50547571226 0.741649
-4.00486677274 0.830524
-3.50425796495 0.907544
-3.00364928891 0.939348
-2.50304074461 0.950738
-2.00243233209 0.980342
-1.50182405135 0.965263
-1.00121590241 0.902278
-0.500607885291 0.837705
0 0.833994
0.500607753446 0.849801
1.00121537503 0.922186
1.50182286474 0.982249
2.00243022257 0.946609
2.50303744848 0.809257
3.00364454248 0.731185
3.50425150454 0.716431
4.00485833465 0.711457
4.5054650328 0.706315
5.00607159897 0.697998
5.50667803314 0.711567
6.0072843353 0.730423
6.50789050544 0.713565
7.00849654354 0.696669
7.50910244959 0.670424
8.00970822356 0.636314
8.51031386545 0.620068
9.01091937525 0.608748
9.51152475293 0.58666
10.0121299985 0.55379
10.5127351119 0.548007
11.0133400931 0.537537
11.5139449422 0.530472
12.0145496591 0.532357
12.5151542438 0.501376
13.0157586962 0.422698
13.5163630165 0.375791
14.0169672045 0.353703
14.5175712602 0.337291
15.0181751836 0.323238
15.5187789748 0.325037
16.0193826336 0.317907
16.5199861602 0.311773
17.0205895543 0.302955
17.5211928162 0.278878
18.0217959456 0.271047
18.5223989427 0.266631
19.0230018074 0.258085
19.5236045397 0.25626
20.0242071396 0.255419
20.524809607 0.25003
21.0254119419 0.247306
21.5260141444 0.240923
22.0266162144 0.236356
22.5272181519 0.230757
23.0278199569 0.22371
23.5284216294 0.218937
24.0290231693 0.213962
24.5296245766 0.209007
25.0302258514 0.206271
