-25.0241076568 nan
-24.5236208719 nan
-24.0231342759 nan
-23.5226478687 nan
-23.0221616504 nan
-22.521675621 nan
-22.0211897805 nan
-21.5207041289 nan
-21.0202186662 nan
-20.5197333926 nan
-20.0192483078 nan
-19.5187634121 nan
-19.0182787053 nan
-18.5177941875 nan
-18.0173098587 nan
-17.5168257189 nan
-17.0163417682 nan
-16.5158580065 nan
-16.0153744339 nan
-15.5148910503 nan
-15.0144078558 nan
-14.5139248504 nan
-14.0134420341 nan
-13.5129594069 nan
-13.0124769688 nan
-12.5119947199 nan
-12.0115126601 nan
-11.5110307894 nan
-11.010549108 nan
-10.5100676157 nan
-10.0095863126 nan
-9.50910519875 nan
-9.0086242741 nan
-8.50814353867 nan
-8.00766299249 nan
-7.50718263555 nan
-7.00670246789 nan
-6.5062224895 nan
-6.0057427004 nan
-5.5052631006 nan
-5.00478369011 nan
-4.50430446895 nan
-4.00382543712 nan
-3.50334659464 nan
-3.00286794152 nan
-2.50238947777 nan
-2.00191120341 nan
-1.50143311843 nan
-1.00095522287 nan
-0.500477516719 nan
0 nan
0.500477327278 nan
1.0009544651 nan
1.50143141346 nan
2.00190817235 nan
2.50238474174 nan
3.00286112164 nan
3.50333731202 nan
4.00381331289 nan
4.50428912421 nan
5.004764746 nan
5.50524017822 nan
6.00571542087 nan
6.50619047395 nan
7.00666533743 nan
7.5071400113 nan
8.00761449556 nan
8.5080887902 nan
9.00856289519 nan
9.50903681053 nan
10.0095105362 nan
10.5099840722 nan
11.0104574185 nan
11.5109305752 nan
12.0114035421 nan
12.5118763193 nan
13.0123489067 nan
13.5128213045 nan
14.0132935124 nan
14.5137655306 nan
15.014237359 nan
15.5147089977 nan
16.0151804465 nan
16.5156517055 nan
17.0161227747 nan
17.5165936541 nan
18.0170643436 nan
18.5175348432 nan
19.018005153 nan
19.5184752729 nan
20.0189452029 nan
20.519414943 nan
21.0198844932 nan
21.5203538534 nan
22.0208230238 nan
22.5212920041 nan
23.0217607945 nan
23.522229395 nan
24.0226978054 nan
24.5231660258 nan
25.0236340563 nan
