-25.0317807436 0.199954
-24.5311476996 0.223238
-24.0305145503 0.246571
-23.5298812959 0.217447
-23.0292479363 0.215875
-22.5286144716 0.2096
-22.0279809018 0.188922
-21.5273472268 0.165162
-21.0267134468 0.147494
-20.5260795617 0.145354
-20.0254455716 0.165917
-19.5248114764 0.16866
-19.0241772762 0.178517
-18.523542971 0.119573
-18.0229085608 0.0566653
-17.5222740456 0.0361453
-17.0216394255 0.0383914
-16.5210047004 0.0380402
-16.0203698703 0.029479
-15.5197349354 0.0241129
-15.0190998956 0.0243436
-14.5184647508 0.0172578
-14.0178295013 0.0159149
-13.5171941468 0.0451815
-13.0165586875 0.0242863
-12.5159231234 0.0310916
-12.0152874545 0.0244564
-11.5146516808 0.015287
-11.0140158024 0.0116074
-10.5133798191 0.0102513
-10.0127437312 0.0082423
-9.51210753848 0.00629853
-9.01147124108 0.0019805
-8.51083483897 0
-8.01019833219 0.00934219
-7.50956172075 0.0153786
-7.00892500465 0.02196
-6.50828818392 0.0309642
-6.00765125858 0.0370863
-5.50701422863 0.0321999
-5.0063770941 0.01817
-4.50573985499 0.00638108
-4.00510251134 0.0225673
-3.50446506314 0.0421279
-3.00382751042 0.0432376
-2.50318985319 0.0474793
-2.00255209147 0.0627636
-1.50191422528 0.0828333
-1.00127625463 0.092471
-0.500638179528 0.101858
0 0.110276
0.50063828394 0.111243
1.00127667228 0.112872
1.501915165 0.113407
2.00255376208 0.107428
2.50319246352 0.114757
3.00383126929 0.136952
3.50447017938 0.152035
4.00510919377 0.152078
4.50574831245 0.145646
5.0063875354 0.138115
5.50702686261 0.147
6.00766629406 0.158897
6.50830582973 0.164635
7.0089454696 0.159502
7.50958521368 0.162698
8.01022506192 0.175997
8.51086501433 0.175968
9.01150507089 0.171954
9.51214523157 0.144031
10.0127854964 0.130258
10.5134258653 0.108427
11.0140663382 0.096582
11.5147069153 0.0903951
12.0153475964 0.0796133
12.5159883815 0.0660471
13.0166292707 0.0517115
13.5172702638 0.0350989
14.017911361 0.0228211
14.5185525621 0.0208061
15.0191938672 0.00652233
15.5198352762 0.0100614
16.0204767891 0.041309
16.5211184059 0.0693651
17.0217601267 0.0936755
17.5224019513 0.117567
18.0230438798 0.12718
18.5236859121 0.130561
19.0243280482 0.136786
19.5249702882 0.144018
20.025612632 0.151079
20.5262550795 0.155354
21.0268976308 0.156871
21.5275402859 0.147123
22.0281830447 0.132114
22.5288259072 0.121514
23.0294688734 0.11435
23.5301119433 0.111745
24.0307551169 0.115995
24.5313983941 0.115922
25.032041775 0.113377
