-25.0263452951 0.422743
-24.5258211171 0.433688
-24.0252968276 0.443738
-23.5247724265 0.452273
-23.0242479139 0.460365
-22.5237232898 0.465351
-22.0231985541 0.470128
-21.522673707 0.474603
-21.0221487485 0.479058
-20.5216236784 0.480873
-20.021098497 0.481977
-19.520573204 0.481546
-19.0200477997 0.480206
-18.519522284 0.476854
-18.0189966568 0.472284
-17.5184709183 0.465062
-17.0179450684 0.458481
-16.5174191072 0.450866
-16.0168930346 0.441358
-15.5163668507 0.431883
-15.0158405554 0.42164
-14.5153141489 0.412151
-14.0147876311 0.401303
-13.5142610019 0.390125
-13.0137342616 0.378488
-12.5132074099 0.366769
-12.0126804471 0.354479
-11.512153373 0.342632
-11.0116261877 0.32977
-10.5110988911 0.31804
-10.0105714834 0.30567
-9.51004396457 0.292307
-9.00951633454 0.27774
-8.50898859335 0.262163
-8.00846074103 0.244668
-7.50793277759 0.226873
-7.00740470303 0.207511
-6.50687651738 0.188167
-6.00634822064 0.166391
-5.50581981284 0.14348
-5.00529129397 0.118418
-4.50476266406 0.0906293
-4.00423392312 0.0630759
-3.50370507116 0.0357329
-3.0031761082 0.0152777
-2.50264703424 0.0054061
-2.0021178493 0
-1.50158855339 0.00594032
-1.00105914653 0.0377615
-0.500529628729 0.0792957
0 0.112184
0.500529739642 0.154178
1.00105959019 0.211083
1.50158955162 0.280606
2.00211962393 0.343901
2.5026498071 0.371742
3.00318010113 0.398209
3.50371050598 0.419118
4.00424102166 0.421867
4.50477164816 0.418976
5.00530238545 0.409014
5.50583323352 0.399788
6.00636419236 0.388827
6.50689526197 0.376023
7.00742644231 0.36044
7.50795773339 0.346523
8.00848913519 0.341956
8.5090206477 0.350587
9.00955227089 0.375748
9.51008400477 0.419502
10.0106158493 0.438316
10.5111478045 0.412077
11.0116798704 0.404532
11.5122120468 0.414603
12.0127443339 0.428644
12.5132767316 0.44348
13.0138092398 0.443926
13.5143418587 0.429733
14.0148745881 0.395011
14.515407428 0.377463
15.0159403785 0.368562
15.5164734395 0.369643
16.0170066111 0.366701
16.5175398931 0.371784
17.0180732856 0.387064
17.5186067886 0.393172
18.019140402 0.406949
18.5196741259 0.407701
19.0202079602 0.402402
19.5207419049 0.400178
20.02127596 0.394642
20.5218101255 0.390986
21.0223444014 0.383851
21.5228787877 0.391621
22.0234132843 0.439433
22.5239478912 0.477198
23.0244826085 0.485664
23.5250174361 0.475344
24.025552374 0.472845
24.5260874221 0.473019
25.0266225806 0.479009
