-25.0307679345 nan
-24.5301564431 nan
-24.0295447936 nan
-23.528932986 nan
-23.0283210204 nan
-22.5277088967 nan
-22.027096615 nan
-21.5264841753 nan
-21.0258715775 nan
-20.5252588218 nan
-20.0246459082 nan
-19.5240328365 nan
-19.023419607 nan
-18.5228062195 nan
-18.0221926741 nan
-17.5215789708 nan
-17.0209651096 nan
-16.5203510906 nan
-16.0197369137 nan
-15.519122579 nan
-15.0185080864 nan
-14.5178934361 nan
-14.017278628 nan
-13.5166636621 nan
-13.0160485384 nan
-12.515433257 nan
-12.0148178179 nan
-11.514202221 nan
-11.0135864665 nan
-10.5129705543 nan
-10.0123544844 nan
-9.51173825687 nan
-9.01112187169 nan
-8.5105053289 nan
-8.0098886285 nan
-7.50927177051 nan
-7.00865475494 nan
-6.50803758181 nan
-6.00742025113 nan
-5.50680276293 nan
-5.00618511721 nan
-4.50556731399 nan
-4.00494935328 nan
-3.50433123511 nan
-3.00371295948 nan
-2.50309452641 nan
-2.00247593591 nan
-1.50185718801 nan
-1.00123828271 nan
-0.500619220039 nan
0 nan
0.500619377386 nan
1.00123891211 nan
1.50185860414 nan
2.00247845348 nan
2.50309846011 nan
3.00371862401 nan
3.50433894517 nan
4.00495942356 nan
4.50558005919 nan
5.00620085202 nan
5.50682180205 nan
6.00744290926 nan
6.50806417364 nan
7.00868559517 nan
7.50930717383 nan
8.00992890961 nan
8.51055080249 nan
9.01117285247 nan
9.51179505952 nan
10.0124174236 nan
10.5130399448 nan
11.0136626229 nan
11.5142854581 nan
12.0149084503 nan
12.5155315995 nan
13.0161549056 nan
13.5167783687 nan
14.0174019887 nan
14.5180257657 nan
15.0186496995 nan
15.5192737903 nan
16.0198980379 nan
16.5205224423 nan
17.0211470037 nan
17.5217717218 nan
18.0223965968 nan
18.5230216285 nan
19.023646817 nan
19.5242721623 nan
20.0248976644 nan
20.5255233232 nan
21.0261491387 nan
21.5267751109 nan
22.0274012398 nan
22.5280275254 nan
23.0286539677 nan
23.5292805665 nan
24.0299073221 nan
24.5305342342 nan
25.0311613029 nan
