92.9394147919	-34.2360005881	-25.0265314568	110.021949547	-4352.70558951
92.9445251986	-34.2375400295	-24.5260035628	110.021949547	-4350.82690636
92.9496357921	-34.2390792588	-24.0254755571	110.01907436	-4349.77649705
92.9547465726	-34.2406182762	-23.5249474394	110.016198955	-4348.23636587
92.9598575399	-34.2421570815	-23.02441921	110.013323331	-4347.93895606
92.964968694	-34.2436956747	-22.5238908687	110.010447488	-4349.0784764
92.970080035	-34.2452340558	-22.0233624157	110.007571427	-4351.15082996
92.9751915629	-34.2467722247	-21.5228338508	110.004695147	-4354.03322008
92.9803032776	-34.2483101816	-21.0223051742	110.001818649	-4358.81656661
92.9854151791	-34.2498479262	-20.5217763859	109.998941932	-4363.72252746
92.9905272674	-34.2513854587	-20.0212474858	109.996064997	-4369.53348992
92.9956395425	-34.252922779	-19.5207184739	109.993187843	-4377.63938987
93.0007520045	-34.2544598871	-19.0201893504	109.99031047	-4387.39988855
93.0058646532	-34.2559967829	-18.5196601151	109.987432879	-4398.74360465
93.0109774887	-34.2575334665	-18.0191307681	109.98455507	-4410.54905863
93.016090511	-34.2590699378	-17.5186013095	109.981677042	-4423.0452126
93.0212037201	-34.2606061968	-17.0180717392	109.978798795	-4435.69349125
93.0263171159	-34.2621422435	-16.5175420572	109.975920331	-4449.5196037
93.0314306985	-34.2636780778	-16.0170122636	109.973041647	-4463.28039896
93.0365444678	-34.2652136998	-15.5164823584	109.970162745	-4477.2094075
93.0416584238	-34.2667491094	-15.0159523415	109.967283625	-4491.85764476
93.0467725666	-34.2682843066	-14.5154222131	109.964404286	-4506.33901671
93.0518868961	-34.2698192913	-14.014891973	109.961524729	-4520.8640455
93.0570014123	-34.2713540637	-13.5143616214	109.958644954	-4535.7748227
93.0621161152	-34.2728886235	-13.0138311582	109.95576496	-4550.85368501
93.0672310048	-34.2744229709	-12.5133005835	109.952884748	-4567.8982885
93.0723460811	-34.2759571058	-12.0127698973	109.950004318	-4585.62384829
93.0774613441	-34.2774910282	-11.5122390995	109.947123669	-4599.61413817
93.0825767937	-34.279024738	-11.0117081902	109.944242802	-4612.78077201
93.08769243	-34.2805582353	-10.5111771694	109.941361717	-4628.30369005
93.092808253	-34.28209152	-10.0106460371	109.938480413	-4643.95298394
93.0979242625	-34.2836245921	-9.51011479335	109.935598891	-4657.06358065
93.1030404588	-34.2851574515	-9.00958343815	109.932717151	-4666.61364282
93.1081568416	-34.2866900984	-8.5090519715	109.929835193	-4671.79205517
93.1132734111	-34.2882225325	-8.00852039341	109.926953016	-4674.41776941
93.1183901672	-34.289754754	-7.50798870391	109.924070622	-4676.37529512
93.1235071099	-34.2912867628	-7.007456903	109.921188008	-4680.26953547
93.1286242392	-34.2928185589	-6.5069249907	109.918305177	-4679.55106205
93.133741555	-34.2943501422	-6.00639296702	109.915422128	-4673.0525313
93.1388590575	-34.2958815128	-5.50586083197	109.912538861	-4671.07635801
93.1439767465	-34.2974126706	-5.00532858557	109.909655375	-4669.78745747
93.149094622	-34.2989436156	-4.50479622783	109.906771672	-4646.38255493
93.1542126842	-34.3004743477	-4.00426375876	109.90388775	-4603.55634203
93.1593309328	-34.3020048671	-3.50373117838	109.90100361	-4532.95214452
93.164449368	-34.3035351735	-3.00319848669	109.898119252	-4496.93171095
93.1695679898	-34.3050652671	-2.50266568372	109.895234676	-4469.95555682
93.174686798	-34.3065951478	-2.00213276947	109.892349882	-4455.2479172
93.1798057928	-34.3081248156	-1.50159974396	109.88946487	-4455.18228082
93.184924974	-34.3096542704	-1.00106660721	109.88657964	-4445.51703848
93.1900443418	-34.3111835123	-0.500533359215	109.883694192	-4375.81927167
93.195163896	-34.3127125412	0	109.880808526	-4288.01633992
93.2002836367	-34.3142413571	0.500533470423	109.877922642	-4209.34349029
93.2054035639	-34.31576996	1.00106705204	109.87503654	-4178.55122428
93.2105236775	-34.3172983498	1.50160074485	109.87215022	-4151.78474029
93.2156439776	-34.3188265266	2.00213454882	109.869263682	-4099.76671342
93.2207644642	-34.3203544903	2.50266846395	109.866376926	-4046.93573484
93.2258851371	-34.3218822409	3.00320249022	109.863489952	-4029.67318283
93.2310059965	-34.3234097783	3.50373662762	109.860602761	-4056.39405967
93.2361270423	-34.3249371027	4.00427087615	109.857715351	-4117.98682022
93.2412482745	-34.3264642139	4.50480523577	109.854827724	-4251.10641887
93.2463696931	-34.3279911119	5.00533970649	109.851939879	-4410.81682796
93.2514912981	-34.3295177967	5.50587428828	109.849051816	-4539.08643024
93.2566130895	-34.3310442682	6.00640898114	109.846163535	-4587.34649634
93.2617350672	-34.3325705266	6.50694378505	109.843275036	-4577.14319583
93.2668572314	-34.3340965717	7.00747869999	109.84038632	-4575.6795993
93.2719795818	-34.3356224035	7.50801372597	109.837497386	-4584.88659048
93.2771021187	-34.337148022	8.00854886295	109.834608234	-4575.26292194
93.2822248418	-34.3386734272	8.50908411094	109.831718864	-4538.52195026
93.2873477513	-34.340198619	9.00961946991	109.828829277	-4494.5885104
93.2924708471	-34.3417235975	9.51015493985	109.825939472	-4479.71186488
93.2975941292	-34.3432483626	10.0106905207	109.823049449	-4444.16913609
93.3027175977	-34.3447729143	10.5112262126	109.820159208	-4399.82889786
93.3078412524	-34.3462972526	11.0117620154	109.81726875	-4385.56597968
93.3129650934	-34.3478213775	11.5122979291	109.814378074	-4401.06006581
93.3180891207	-34.3493452889	12.0128339537	109.811487181	-4420.77075214
93.3232133342	-34.3508689868	12.5133700892	109.80859607	-4408.50590713
93.328337734	-34.3523924712	13.0139063356	109.805704741	-4387.35759404
93.3334623201	-34.3539157421	13.5144426928	109.802813195	-4359.86110029
93.3385870924	-34.3554387994	14.0149791609	109.799921431	-4346.0758105
93.343712051	-34.3569616433	14.5155157398	109.797029449	-4333.1736536
93.3488371957	-34.3584842735	15.0160524296	109.79413725	-4336.85888903
93.3539625267	-34.3600066901	15.5165892302	109.791244834	-4355.98155735
93.3590880439	-34.3615288931	16.0171261416	109.7883522	-4340.002013
93.3642137473	-34.3630508825	16.5176631638	109.785459348	-4337.67300007
93.3693396369	-34.3645726582	17.0182002967	109.782566279	-4342.34633152
93.3744657127	-34.3660942202	17.5187375404	109.779672992	-4330.17715826
93.3795919746	-34.3676155686	18.0192748949	109.776779488	-4318.82031082
93.3847184227	-34.3691367032	18.5198123601	109.773885767	-4314.19889839
93.389845057	-34.3706576241	19.020349936	109.770991828	-4315.77152263
93.3949718774	-34.3721783312	19.5208876226	109.768097672	-4323.25742676
93.400098884	-34.3736988245	20.0214254199	109.765203298	-4337.27068199
93.4052260766	-34.3752191041	20.5219633279	109.762308707	-4333.20805509
93.4103534554	-34.3767391698	21.0225013466	109.759413898	-4334.34620476
93.4154810203	-34.3782590217	21.5230394759	109.756518873	-4325.59673207
93.4206087714	-34.3797786597	22.0235777158	109.753623629	-4314.00926153
93.4257367085	-34.3812980839	22.5241160664	109.750728169	-4304.86656728
93.4308648317	-34.3828172942	23.0246545276	109.747832491	-4298.67812627
93.4359931409	-34.3843362905	23.5251930995	109.744936595	-4295.98107024
93.4411216363	-34.3858550729	24.0257317819	109.742040483	-4294.8431868
93.4462503177	-34.3873736414	24.5262705748	109.739144153	-4298.86185087
93.4513791851	-34.3888919958	25.0268094784	109.736247606	-4309.82186425
