-24.9982694745 nan
-24.4982972289 nan
-23.9983252632 nan
-23.4983535773 nan
-22.9983821713 nan
-22.4984110451 nan
-21.9984401988 nan
-21.4984696324 nan
-20.9984993458 nan
-20.498529339 nan
-19.9985596121 nan
-19.498590165 nan
-18.9986209978 nan
-18.4986521105 nan
-17.9986835029 nan
-17.4987151753 nan
-16.9987471274 nan
-16.4987793594 nan
-15.9988118713 nan
-15.498844663 nan
-14.9988777345 nan
-14.4989110859 nan
-13.9989447171 nan
-13.4989786281 nan
-12.999012819 nan
-12.4990472897 nan
-11.9990820402 nan
-11.4991170706 nan
-10.9991523808 nan
-10.4991879708 nan
-9.99922384066 nan
-9.49925999034 nan
-8.99929641985 nan
-8.49933312919 nan
-7.99937011834 nan
-7.49940738733 nan
-6.99944493613 nan
-6.49948276475 nan
-5.99952087319 nan
-5.49955926146 nan
-4.99959792953 nan
-4.49963687743 nan
-3.99967610514 nan
-3.49971561266 nan
-2.99975539999 nan
-2.49979546714 nan
-1.9998358141 nan
-1.49987644086 nan
-0.999917347435 nan
-0.499958533815 nan
0 nan
0.49995825401 nan
0.999916228219 nan
1.49987392262 nan
1.99983133723 nan
2.49978847204 nan
2.99974532705 nan
3.49970190226 nan
3.99965819768 nan
4.4996142133 nan
4.99956994913 nan
5.49952540517 nan
5.99948058142 nan
6.49943547788 nan
6.99939009455 nan
7.49934443143 nan
7.99929848854 nan
8.49925226585 nan
8.99920576339 nan
9.49915898114 nan
9.99911191912 nan
10.4990645773 nan
10.9990169557 nan
11.4989690544 nan
11.9989208732 nan
12.4988724123 nan
12.9988236717 nan
13.4987746512 nan
13.998725351 nan
14.498675771 nan
14.9986259113 nan
15.4985757718 nan
15.9985253525 nan
16.4984746535 nan
16.9984236747 nan
17.4983724161 nan
17.9983208778 nan
18.4982690598 nan
18.9982169619 nan
19.4981645844 nan
19.998111927 nan
20.49805899 nan
20.9980057731 nan
21.4979522766 nan
21.9978985003 nan
22.4978444442 nan
22.9977901084 nan
23.4977354929 nan
23.9976805976 nan
24.4976254226 nan
24.9975699678 nan
