-25.0261375954 nan
-24.5256194394 nan
-24.0251010956 nan
-23.524582564 nan
-23.0240638447 nan
-22.5235449376 nan
-22.0230258428 nan
-21.5225065603 nan
-21.02198709 nan
-20.521467432 nan
-20.0209475864 nan
-19.520427553 nan
-19.019907332 nan
-18.5193869234 nan
-18.0188663271 nan
-17.5183455431 nan
-17.0178245716 nan
-16.5173034124 nan
-16.0167820657 nan
-15.5162605314 nan
-15.0157388095 nan
-14.5152169001 nan
-14.0146948032 nan
-13.5141725187 nan
-13.0136500467 nan
-12.5131273872 nan
-12.0126045402 nan
-11.5120815057 nan
-11.0115582838 nan
-10.5110348745 nan
-10.0105112777 nan
-9.50998749344 nan
-9.00946352181 nan
-8.50893936277 nan
-8.00841501636 nan
-7.50789048257 nan
-7.00736576143 nan
-6.50684085294 nan
-6.00631575712 nan
-5.50579047398 nan
-5.00526500353 nan
-4.50473934579 nan
-4.00421350076 nan
-3.50368746847 nan
-3.00316124892 nan
-2.50263484213 nan
-2.00210824812 nan
-1.50158146688 nan
-1.00105449844 nan
-0.500527342809 nan
0 nan
0.500527529973 nan
1.0010552471 nan
1.50158315137 nan
2.00211124276 nan
2.50263952126 nan
3.00316798686 nan
3.50369663956 nan
4.00422547932 nan
4.50475450615 nan
5.00528372003 nan
5.50581312094 nan
6.00634270888 nan
6.50687248382 nan
7.00740244576 nan
7.50793259469 nan
8.00846293058 nan
8.50899345344 nan
9.00952416323 nan
9.51005505996 nan
10.0105861436 nan
10.5111174142 nan
11.0116488716 nan
11.5121805159 nan
12.0127123471 nan
12.5132443652 nan
13.0137765701 nan
13.5143089618 nan
14.0148415403 nan
14.5153743056 nan
15.0159072578 nan
15.5164403966 nan
16.0169737223 nan
16.5175072347 nan
17.0180409339 nan
17.5185748197 nan
18.0191088923 nan
18.5196431516 nan
19.0201775975 nan
19.5207122301 nan
20.0212470494 nan
20.5217820554 nan
21.0223172479 nan
21.5228526271 nan
22.0233881929 nan
22.5239239452 nan
23.0244598842 nan
23.5249960097 nan
24.0255323218 nan
24.5260688204 nan
25.0266055055 nan
