-25.0283565737 0.386819
-24.5277918958 0.383661
-24.0272271175 0.377944
-23.5266622389 0.372289
-23.0260972599 0.365064
-22.5255321806 0.357752
-22.0249670009 0.349035
-21.524401721 0.338859
-21.0238363408 0.324306
-20.5232708603 0.308253
-20.0227052796 0.29209
-19.5221395986 0.27644
-19.0215738174 0.260746
-18.521007936 0.245078
-18.0204419544 0.229535
-17.5198758726 0.21503
-17.0193096906 0.202214
-16.5187434085 0.191557
-16.0181770262 0.183904
-15.5176105438 0.17738
-15.0170439612 0.172837
-14.5164772786 0.171137
-14.0159104959 0.172854
-13.5153436131 0.176451
-13.0147766302 0.180615
-12.5142095473 0.184726
-12.0136423643 0.187702
-11.5130750814 0.182786
-11.0125076984 0.17393
-10.5119402155 0.156554
-10.0113726325 0.137163
-9.51080494962 0.118667
-9.01023716677 0.101877
-8.50966928398 0.0885392
-8.00910130127 0.0742833
-7.50853321865 0.0604351
-7.00796503614 0.0799582
-6.50739675375 0.142402
-6.0068283715 0.225772
-5.50625988939 0.278588
-5.00569130744 0.292872
-4.50512262568 0.290233
-4.0045538441 0.29164
-3.50398496272 0.305662
-3.00341598157 0.328958
-2.50284690064 0.422547
-2.00227771997 0.566004
-1.50170843955 0.625334
-1.00113905941 0.684423
-0.500569579552 0.792967
0 0.786687
0.500569679236 0.697567
1.00113945814 0.621726
1.5017093367 0.538919
2.0022793149 0.423541
2.50284939273 0.272528
3.00341957018 0.136733
3.50398984722 0.0396907
4.00456022384 0
4.50513070004 0.006216
5.0057012758 0.0158514
5.5062719511 0.029668
6.00684272593 0.0498977
6.50741360027 0.0612301
7.00798457411 0.0744461
7.50855564745 0.0760113
8.00912682025 0.0825542
8.50969809251 0.104158
9.01026946422 0.144163
9.51084093536 0.183533
10.0114125059 0.210606
10.5119841759 0.235202
11.0125559452 0.241169
11.5131278139 0.234651
12.013699782 0.230086
12.5142718494 0.231175
13.0148440162 0.233911
13.5154162823 0.245041
14.0159886477 0.251341
14.5165611123 0.249638
15.0171336763 0.241924
15.5177063395 0.24652
16.0182791019 0.253763
16.5188519636 0.265362
17.0194249245 0.312427
17.5199979846 0.343337
18.0205711439 0.35641
18.5211444024 0.355661
19.0217177601 0.349799
19.5222912169 0.36785
20.0228647728 0.387393
20.5234384278 0.402419
21.024012182 0.399734
21.5245860352 0.381659
22.0251599876 0.365355
22.525734039 0.344978
23.0263081894 0.325602
23.5268824389 0.326564
24.0274567874 0.33055
24.5280312349 0.337405
25.0286057814 0.343086
