-25.0331564198 nan
-24.5324969251 nan
-24.0318372819 nan
-23.5311774902 nan
-23.0305175499 nan
-22.529857461 nan
-22.0291972237 nan
-21.5285368378 nan
-21.0278763035 nan
-20.5272156207 nan
-20.0265547895 nan
-19.5258938098 nan
-19.0252326817 nan
-18.5245714053 nan
-18.0239099804 nan
-17.5232484072 nan
-17.0225866856 nan
-16.5219248157 nan
-16.0212627974 nan
-15.5206006309 nan
-15.0199383161 nan
-14.519275853 nan
-14.0186132417 nan
-13.5179504821 nan
-13.0172875743 nan
-12.5166245183 nan
-12.0159613141 nan
-11.5152979617 nan
-11.0146344612 nan
-10.5139708126 nan
-10.0133070158 nan
-9.51264307094 nan
-9.01197897798 nan
-8.51131473694 nan
-8.01065034784 nan
-7.50998581071 nan
-7.00932112555 nan
-6.50865629239 nan
-6.00799131123 nan
-5.5073261821 nan
-5.00666090501 nan
-4.50599547998 nan
-4.00532990702 nan
-3.50466418615 nan
-3.00399831739 nan
-2.50333230076 nan
-2.00266613626 nan
-1.50199982392 nan
-1.00133336375 nan
-0.500666755774 nan
0 nan
0.500666903551 nan
1.00133395486 nan
1.50200115392 nan
2.00266850071 nan
2.50333599521 nan
3.00400363741 nan
3.50467142728 nan
4.00533936482 nan
4.50600745001 nan
5.00667568283 nan
5.50734406326 nan
6.00801259129 nan
6.50868126689 nan
7.00935009007 nan
7.51001906079 nan
8.01068817905 nan
8.51135744482 nan
9.01202685808 nan
9.51269641883 nan
10.0133661271 nan
10.5140359827 nan
11.0147059858 nan
11.5153761363 nan
12.0160464342 nan
12.5167168795 nan
13.0173874722 nan
13.5180582122 nan
14.0187290996 nan
14.5194001342 nan
15.0200713162 nan
15.5207426455 nan
16.021414122 nan
16.5220857458 nan
17.0227575168 nan
17.523429435 nan
18.0241015004 nan
18.524773713 nan
19.0254460728 nan
19.5261185798 nan
20.0267912338 nan
20.527464035 nan
21.0281369833 nan
21.5288100787 nan
22.0294833212 nan
22.5301567107 nan
23.0308302472 nan
23.5315039308 nan
24.0321777613 nan
24.5328517389 nan
25.0335258634 nan
