-25.0316015772 0.230608
-24.5309665797 0.215534
-24.0303317031 0.176339
-23.5296969472 0.126885
-23.0290623122 0.0926624
-22.5284277981 0.041522
-22.0277934048 0
-21.5271591324 0.0531576
-21.026524981 0.146639
-20.5258909504 0.363184
-20.0252570408 0.496576
-19.5246232521 0.565185
-19.0239895844 0.56704
-18.5233560376 0.548811
-18.0227226119 0.558895
-17.5220893072 0.567128
-17.0214561235 0.574243
-16.5208230608 0.60161
-16.0201901192 0.597556
-15.5195572987 0.580642
-15.0189245993 0.561732
-14.5182920209 0.54683
-14.0176595637 0.539256
-13.5170272276 0.529077
-13.0163950127 0.520592
-12.515762919 0.517398
-12.0151309464 0.511061
-11.514499095 0.506909
-11.0138673649 0.500155
-10.5132357559 0.492581
-10.0126042683 0.489693
-9.51197290183 0.488762
-9.01134165669 0.491406
-8.51071053283 0.494202
-8.01007953029 0.496777
-7.50944864906 0.500619
-7.00881788918 0.510852
-6.50818725065 0.543782
-6.00755673348 0.59565
-5.50692633771 0.646212
-5.00629606333 0.686902
-4.50566591037 0.70373
-4.00503587884 0.716088
-3.50440596876 0.736611
-3.00377618014 0.750128
-2.50314651299 0.763314
-2.00251696735 0.770503
-1.50188754321 0.772228
-1.00125824059 0.76911
-0.500629059519 0.7676
0 0.769851
0.500628937948 0.775265
1.00125775431 0.781302
1.50188644907 0.781784
2.00251502221 0.768152
2.50314347372 0.722088
3.00377180358 0.660443
3.50440001178 0.614465
4.00502809829 0.557834
4.50565606312 0.466294
5.00628390623 0.370824
5.50691162762 0.322338
6.00753922726 0.295235
6.50816670515 0.264589
7.00879406126 0.27972
7.50942129559 0.320871
8.01004840812 0.373681
8.51067539883 0.425478
9.0113022677 0.469844
9.51192901473 0.505356
10.0125556399 0.535532
10.5131821432 0.562441
11.0138085246 0.579818
11.514434784 0.589814
12.0150609216 0.596681
12.5156869372 0.600186
13.0163128308 0.600571
13.5169386025 0.599954
14.0175642522 0.596411
14.5181897799 0.587681
15.0188151855 0.583983
15.5194404692 0.577882
16.0200656308 0.571547
16.5206906703 0.571118
17.0213155877 0.567897
17.521940383 0.561342
18.0225650563 0.550509
18.5231896074 0.524875
19.0238140363 0.501598
19.5244383431 0.522451
20.0250625278 0.526514
20.5256865902 0.525487
21.0263105305 0.539054
21.5269343485 0.567639
22.0275580443 0.575399
22.5281816178 0.582176
23.0288050691 0.594329
23.5294283981 0.607489
24.0300516048 0.599936
24.5306746892 0.59373
25.0312976512 0.593406
