-25.0227530473 nan
-24.5222935295 nan
-24.0218341934 nan
-23.5213750391 nan
-23.0209160665 nan
-22.5204572757 nan
-22.0199986667 nan
-21.5195402395 nan
-21.0190819941 nan
-20.5186239305 nan
-20.0181660487 nan
-19.5177083487 nan
-19.0172508306 nan
-18.5167934944 nan
-18.01633634 nan
-17.5158793675 nan
-17.0154225768 nan
-16.5149659681 nan
-16.0145095413 nan
-15.5140532964 nan
-15.0135972335 nan
-14.5131413525 nan
-14.0126856535 nan
-13.5122301364 nan
-13.0117748013 nan
-12.5113196482 nan
-12.0108646771 nan
-11.510409888 nan
-11.0099552809 nan
-10.5095008559 nan
-10.0090466129 nan
-9.50859255198 nan
-9.00813867312 nan
-8.50768497634 nan
-8.00723146166 nan
-7.50677812907 nan
-7.00632497859 nan
-6.50587201024 nan
-6.00541922403 nan
-5.50496661996 nan
-5.00451419804 nan
-4.5040619583 nan
-4.00360990074 nan
-3.50315802536 nan
-3.00270633219 nan
-2.50225482123 nan
-2.00180349249 nan
-1.50135234599 nan
-1.00090138173 nan
-0.500450599733 nan
0 nan
0.500450417453 nan
1.00090065262 nan
1.50135070548 nan
2.00180057603 nan
2.50225026426 nan
3.00269977016 nan
3.50314909371 nan
4.0035982349 nan
4.50404719373 nan
5.00449597017 nan
5.50494456424 nan
6.0053929759 nan
6.50584120515 nan
7.00628925198 nan
7.50673711637 nan
8.00718479832 nan
8.50763229782 nan
9.00807961485 nan
9.50852674941 nan
10.0089737015 nan
10.509420471 nan
11.0098670581 nan
11.5103134626 nan
12.0107596847 nan
12.5112057241 nan
13.011651581 nan
13.5120972554 nan
14.0125427472 nan
14.5129880564 nan
15.0134331829 nan
15.5138781269 nan
16.0143228883 nan
16.514767467 nan
17.0152118631 nan
17.5156560766 nan
18.0161001074 nan
18.5165439555 nan
19.0169876209 nan
19.5174311036 nan
20.0178744037 nan
20.518317521 nan
21.0187604556 nan
21.5192032074 nan
22.0196457765 nan
22.5200881628 nan
23.0205303664 nan
23.5209723872 nan
24.0214142252 nan
24.5218558804 nan
25.0222973528 nan
