-25.0327423118 nan
-24.5320910825 nan
-24.0314397053 nan
-23.5307881802 nan
-23.0301365073 nan
-22.5294846865 nan
-22.0288327179 nan
-21.5281806015 nan
-21.0275283374 nan
-20.5268759254 nan
-20.0262233657 nan
-19.5255706582 nan
-19.0249178031 nan
-18.5242648002 nan
-18.0236116496 nan
-17.5229583513 nan
-17.0223049054 nan
-16.5216513118 nan
-16.0209975706 nan
-15.5203436818 nan
-15.0196896454 nan
-14.5190354614 nan
-14.0183811298 nan
-13.5177266507 nan
-13.0170720241 nan
-12.5164172499 nan
-12.0157623282 nan
-11.5151072591 nan
-11.0144520425 nan
-10.5137966784 nan
-10.0131411669 nan
-9.51248550797 nan
-9.01182970164 nan
-8.51117374793 nan
-8.01051764684 nan
-7.50986139839 nan
-7.00920500261 nan
-6.5085484595 nan
-6.00789176909 nan
-5.50723493138 nan
-5.0065779464 nan
-4.50592081416 nan
-4.00526353467 nan
-3.50460610796 nan
-3.00394853404 nan
-2.50329081292 nan
-2.00263294463 nan
-1.50197492918 nan
-1.00131676658 nan
-0.500658456845 nan
0 nan
0.500658603941 nan
1.00131735496 nan
1.50197625305 nan
2.00263529819 nan
2.50329449035 nan
3.00395382954 nan
3.50461331572 nan
4.00527294889 nan
4.50593272903 nan
5.00659265611 nan
5.50725273013 nan
6.00791295107 nan
6.50857331892 nan
7.00923383365 nan
7.50989449525 nan
8.0105553037 nan
8.51121625899 nan
9.0118773611 nan
9.51253861002 nan
10.0132000057 nan
10.5138615482 nan
11.0145232374 nan
11.5151850734 nan
12.0158470561 nan
12.5165091855 nan
13.0171714616 nan
13.5178338844 nan
14.0184964538 nan
14.5191591699 nan
15.0198220326 nan
15.5204850419 nan
16.0211481978 nan
16.5218115003 nan
17.0224749493 nan
17.5231385449 nan
18.023802287 nan
18.5244661756 nan
19.0251302108 nan
19.5257943924 nan
20.0264587204 nan
20.5271231949 nan
21.0277878159 nan
21.5284525832 nan
22.029117497 nan
22.5297825571 nan
23.0304477636 nan
23.5311131164 nan
24.0317786156 nan
24.5324442611 nan
25.0331100529 nan
