-24.9925433722 0.780615
-24.4926865497 0.76315
-23.9928299703 0.751558
-23.492973634 0.741025
-22.9931175408 0.727613
-22.4932616908 0.753959
-21.9934060839 0.770634
-21.49355072 0.763824
-20.9936955993 0.751748
-20.4938407217 0.757768
-19.9939860872 0.763747
-19.4941316957 0.760412
-18.9942775474 0.767774
-18.4944236421 0.759254
-17.9945699799 0.756215
-17.4947165608 0.766628
-16.9948633847 0.768107
-16.4950104518 0.768654
-15.9951577619 0.758177
-15.495305315 0.734653
-14.9954531112 0.718765
-14.4956011505 0.731719
-13.9957494328 0.760692
-13.4958979582 0.737386
-12.9960467266 0.748599
-12.496195738 0.759614
-11.9963449925 0.759849
-11.49649449 0.776231
-10.9966442305 0.790035
-10.496794214 0.803478
-9.99694444062 0.79922
-9.4970949102 0.752883
-8.9972456228 0.762817
-8.4973965784 0.767399
-7.99754777701 0.762002
-7.49769921862 0.753776
-6.99785090322 0.736143
-6.49800283081 0.711259
-5.99815500139 0.68484
-5.49830741496 0.660095
-4.9984600715 0.641755
-4.49861297103 0.650073
-3.99876611352 0.618216
-3.49891949898 0.565209
-2.99907312741 0.524053
-2.4992269988 0.500614
-1.99938111314 0.497209
-1.49953547044 0.479356
-0.99969007068 0.436149
-0.499844913871 0.379463
0 0.334992
0.499844670933 0.260382
0.999689098934 0.186756
1.499533284 0.0961912
1.99937722615 0.0333113
2.49922092538 0.00941349
2.99906438169 0
3.49890759508 0.0460086
3.99875056557 0.0955414
4.49859329315 0.143147
4.99843577783 0.189219
5.49827801962 0.234268
5.99812001851 0.274538
6.49796177452 0.311028
6.99780328764 0.346368
7.49764455787 0.380669
7.99748558524 0.412097
8.49732636973 0.441171
8.99716691135 0.467338
9.49700721011 0.490806
9.996847266 0.512213
10.496687079 0.530831
10.9965266492 0.547466
11.4963659766 0.561947
11.9962050611 0.574411
12.4960439027 0.584842
12.9958825016 0.594589
13.4957208575 0.602615
13.9955589707 0.609384
14.495396841 0.615679
14.9952344686 0.62038
15.4950718533 0.623572
15.9949089952 0.625089
16.4947458943 0.625755
16.9945825505 0.625069
17.494418964 0.624315
17.9942551347 0.622549
18.4940910626 0.620188
18.9939267478 0.617816
19.4937621901 0.614519
19.9935973897 0.610813
20.4934323464 0.606945
20.9932670605 0.603523
21.4931015317 0.600205
21.9929357602 0.596601
22.4927697459 0.593406
22.9926034889 0.589963
23.4924369892 0.586533
23.9922702467 0.583865
24.4921032614 0.582051
24.9919360334 0.580335
