-25.0231178305 0.412016
-24.5226591684 0.418433
-24.0222003554 0.426861
-23.5217413914 0.427358
-23.0212822764 0.430441
-22.5208230105 0.423117
-22.0203635937 0.412888
-21.5199040259 0.408106
-21.0194443072 0.402484
-20.5189844377 0.395321
-20.0185244172 0.394746
-19.5180642458 0.389043
-19.0176039236 0.381281
-18.5171434506 0.378881
-18.0166828267 0.381518
-17.5162220519 0.386494
-17.0157611264 0.393408
-16.51530005 0.399158
-16.0148388229 0.394835
-15.5143774449 0.391496
-15.0139159162 0.378279
-14.5134542367 0.363876
-14.0129924064 0.351824
-13.5125304255 0.340591
-13.0120682937 0.321778
-12.5116060113 0.309362
-12.0111435782 0.306369
-11.5106809943 0.307365
-11.0102182598 0.312178
-10.5097553746 0.321177
-10.0092923387 0.321989
-9.50882915223 0.315798
-9.00836581508 0.310304
-8.5079023273 0.302279
-8.0074386889 0.301196
-7.5069748999 0.278722
-7.00651096031 0.261017
-6.50604687013 0.232185
-6.00558262938 0.184465
-5.50511823808 0.149748
-5.00465369622 0.122724
-4.50418900383 0.119798
-4.00372416091 0.111054
-3.50325916747 0.102443
-3.00279402354 0.112311
-2.50232872911 0.131787
-2.0018632842 0.154554
-1.50139768883 0.186543
-1.00093194299 0.212156
-0.500466046714 0.22492
0 0.225687
0.500466197135 0.222109
1.00093254468 0.217461
1.50139904263 0.211748
2.00186569097 0.197064
2.50233248968 0.177505
3.00279943876 0.172374
3.50326653819 0.159575
4.00373378796 0.155322
4.50420118807 0.154336
5.00466873849 0.151637
5.50513643923 0.146615
6.00560429026 0.14046
6.50607229157 0.135925
7.00654044317 0.127062
7.50700874502 0.11489
8.00747719712 0.106094
8.50794579946 0.1011
9.00841455203 0.0989365
9.50888345482 0.118742
10.0093525078 0.15914
10.509821711 0.191883
11.0102910644 0.133933
11.5107605679 0.100074
12.0112302216 0.0765346
12.5117000254 0.0469254
13.0121699794 0.020352
13.5126400835 0
14.0131103377 0.0135596
14.513580742 0.0528295
15.0140512964 0.0391935
15.5145220009 0.0430379
16.0149928555 0.0451243
16.5154638601 0.0444538
17.0159350147 0.0457379
17.5164063194 0.0594412
18.0168777741 0.0809306
18.5173493788 0.104024
19.0178211335 0.120591
19.5182930382 0.128441
20.0187650929 0.134851
20.5192372975 0.143312
21.0197096521 0.152633
21.5201821566 0.159124
22.020654811 0.17914
22.5211276154 0.197092
23.0216005697 0.203553
23.5220736738 0.209087
24.0225469278 0.219683
24.5230203318 0.229364
25.0234938855 0.236867
