-25.0277327828 nan
-24.5271821995 nan
-24.0266314497 nan
-23.5260805335 nan
-23.0255294509 nan
-22.5249782019 nan
-22.0244267865 nan
-21.5238752048 nan
-21.0233234567 nan
-20.5227715422 nan
-20.0222194615 nan
-19.5216672144 nan
-19.021114801 nan
-18.5205622213 nan
-18.0200094754 nan
-17.5194565632 nan
-17.0189034848 nan
-16.5183502401 nan
-16.0177968293 nan
-15.5172432522 nan
-15.0166895089 nan
-14.5161355995 nan
-14.0155815238 nan
-13.5150272821 nan
-13.0144728742 nan
-12.5139183002 nan
-12.01336356 nan
-11.5128086538 nan
-11.0122535815 nan
-10.5116983431 nan
-10.0111429387 nan
-9.51058736826 nan
-9.01003163177 nan
-8.50947572927 nan
-8.00891966077 nan
-7.50836342628 nan
-7.00780702582 nan
-6.5072504594 nan
-6.00669372704 nan
-5.50613682875 nan
-5.00557976454 nan
-4.50502253443 nan
-4.00446513842 nan
-3.50390757654 nan
-3.0033498488 nan
-2.50279195521 nan
-2.00223389578 nan
-1.50167567053 nan
-1.00111727948 nan
-0.50055872263 nan
0 nan
0.500558888397 nan
1.00111794255 nan
1.50167716244 nan
2.00223654805 nan
2.50279609937 nan
3.0033558164 nan
3.50391569911 nan
4.00447574749 nan
4.50503596152 nan
5.0055963412 nan
5.50615688651 nan
6.00671759743 nan
6.50727847395 nan
7.00783951607 nan
7.50840072375 nan
8.008962097 nan
8.50952363579 nan
9.01008534012 nan
9.51064720997 nan
10.0112092453 nan
10.5117714462 nan
11.0123338125 nan
11.5128963443 nan
12.0134590415 nan
12.5140219042 nan
13.0145849323 nan
13.5151481258 nan
14.0157114847 nan
14.5162750089 nan
15.0168386986 nan
15.5174025536 nan
16.0179665739 nan
16.5185307596 nan
17.0190951105 nan
17.5196596268 nan
18.0202243084 nan
18.5207891552 nan
19.0213541673 nan
19.5219193446 nan
20.0224846872 nan
20.5230501949 nan
21.0236158679 nan
21.5241817061 nan
22.0247477094 nan
22.5253138779 nan
23.0258802115 nan
23.5264467103 nan
24.0270133742 nan
24.5275802031 nan
25.0281471972 nan
