-24.958447029 0.675031
-24.4592701065 0.68025
-23.96009351 0.679421
-23.4609172397 0.681714
-22.9617412955 0.697915
-22.4625656773 0.710631
-21.9633903852 0.726199
-21.4642154191 0.749996
-20.965040779 0.765081
-20.4658664648 0.76197
-19.9666924767 0.767049
-19.4675188145 0.778971
-18.9683454781 0.783587
-18.4691724677 0.787184
-17.9699997832 0.784147
-17.4708274245 0.776842
-16.9716553917 0.76405
-16.4724836847 0.771939
-15.9733123034 0.773285
-15.474141248 0.771864
-14.9749705183 0.766592
-14.4758001143 0.752571
-13.9766300361 0.733698
-13.4774602835 0.724895
-12.9782908566 0.706005
-12.4791217554 0.689871
-11.9799529797 0.670832
-11.4807845297 0.695624
-10.9816164053 0.704057
-10.4824486065 0.691202
-9.98328113317 0.657593
-9.4841139854 0.616862
-8.98494716313 0.600083
-8.48578066634 0.58377
-7.98661449502 0.564758
-7.48744864915 0.53237
-6.98828312869 0.498588
-6.48911793364 0.469844
-5.98995306396 0.439734
-5.49078851965 0.386482
-4.99162430068 0.326206
-4.49246040702 0.304908
-3.99329683866 0.331042
-3.49413359558 0.369069
-2.99497067775 0.405522
-2.49580808516 0.407688
-1.99664581778 0.400083
-1.4974838756 0.383149
-0.99832225859 0.34872
-0.49916096673 0.306699
0 0.264267
0.499160641619 0.212404
0.998320958151 0.14698
1.49748094961 0.115616
1.99664061603 0.0914595
2.49579995742 0.0392701
2.99495897381 0.0115992
3.49411766521 0
3.99327603165 0.00396352
4.49243407314 0.015713
4.99159178972 0.0239327
5.49074918139 0.0450968
5.98990624818 0.0670806
6.48906299012 0.19284
6.98821940722 0.374143
7.4873754995 0.478567
7.98653126699 0.466254
8.48568670971 0.420712
8.98484182767 0.394197
9.48399662089 0.45005
9.98315108941 0.556264
10.4823052332 0.635527
10.9814590524 0.710296
11.4806125469 0.75409
11.9797657168 0.755432
12.4789185621 0.746418
12.9780710828 0.783475
13.4772232789 0.868187
13.9763751505 0.951061
14.4755266975 0.924476
14.9746779201 0.802357
15.4738288182 0.691745
15.9729793918 0.568543
16.472129641 0.472892
16.9712795658 0.396535
17.4704291662 0.348705
17.9695784422 0.31805
18.4687273938 0.311327
18.9678760212 0.322487
19.4670243242 0.333297
19.9661723029 0.405795
20.4653199574 0.445417
20.9644672876 0.463889
21.4636142936 0.472553
21.9627609753 0.469461
22.461907333 0.484618
22.9610533664 0.505643
23.4601990757 0.524694
23.9593444609 0.538018
24.458489522 0.542968
24.957634259 0.541476
