-24.9747550451 nan
-24.4752515635 nan
-23.9757484242 nan
-23.4762456271 nan
-22.9767431723 nan
-22.4772410597 nan
-21.9777392893 nan
-21.4782378612 nan
-20.9787367752 nan
-20.4792360314 nan
-19.9797356298 nan
-19.4802355704 nan
-18.9807358531 nan
-18.4812364779 nan
-17.9817374448 nan
-17.4822387539 nan
-16.982740405 nan
-16.4832423983 nan
-15.9837447336 nan
-15.4842474109 nan
-14.9847504303 nan
-14.4852537918 nan
-13.9857574952 nan
-13.4862615407 nan
-12.9867659281 nan
-12.4872706576 nan
-11.987775729 nan
-11.4882811423 nan
-10.9887868976 nan
-10.4892929949 nan
-9.98979943402 nan
-9.49030621507 nan
-8.99081333802 nan
-8.49132080285 nan
-7.99182860954 nan
-7.49233675809 nan
-6.99284524848 nan
-6.49335408069 nan
-5.99386325472 nan
-5.49437277055 nan
-4.99488262818 nan
-4.49539282758 nan
-3.99590336874 nan
-3.49641425166 nan
-2.99692547631 nan
-2.49743704268 nan
-1.99794895077 nan
-1.49846120056 nan
-0.998973792041 nan
-0.49948672519 nan
0 nan
0.499486383541 nan
0.998972425448 nan
1.49845812573 nan
1.99794348441 nan
2.49742850149 nan
2.99691317699 nan
3.49639751091 nan
3.99588150328 nan
4.49536515411 nan
4.99484846341 nan
5.49433143118 nan
5.99381405745 nan
6.49329634223 nan
6.99277828553 nan
7.49225988737 nan
7.99174114775 nan
8.49122206669 nan
8.99070264421 nan
9.49018288031 nan
9.98966277501 nan
10.4891423283 nan
10.9886215403 nan
11.4881004108 nan
11.9875789401 nan
12.487057128 nan
12.9865349745 nan
13.4860124798 nan
13.9854896438 nan
14.4849664665 nan
14.9844429479 nan
15.483919088 nan
15.983394887 nan
16.4828703446 nan
16.9823454611 nan
17.4818202364 nan
17.9812946705 nan
18.4807687634 nan
18.9802425151 nan
19.4797159257 nan
19.9791889951 nan
20.4786617235 nan
20.9781341107 nan
21.4776061568 nan
21.9770778618 nan
22.4765492258 nan
22.9760202487 nan
23.4754909306 nan
23.9749612714 nan
24.4744312712 nan
24.97390093 nan
