-24.9747553032 nan
-24.4752518164 nan
-23.9757486719 nan
-23.4762458696 nan
-22.9767434096 nan
-22.4772412918 nan
-21.9777395163 nan
-21.4782380829 nan
-20.9787369918 nan
-20.4792362428 nan
-19.979735836 nan
-19.4802357714 nan
-18.9807360489 nan
-18.4812366686 nan
-17.9817376304 nan
-17.4822389342 nan
-16.9827405802 nan
-16.4832425683 nan
-15.9837448984 nan
-15.4842475706 nan
-14.9847505848 nan
-14.4852539411 nan
-13.9857576394 nan
-13.4862616797 nan
-12.986766062 nan
-12.4872707863 nan
-11.9877758525 nan
-11.4882812607 nan
-10.9887870109 nan
-10.4892931029 nan
-9.98979953693 nan
-9.49030631283 nan
-8.99081343062 nan
-8.49132089029 nan
-7.99182869184 nan
-7.49233683523 nan
-6.99284532047 nan
-6.49335414754 nan
-5.99386331642 nan
-5.4943728271 nan
-4.99488267958 nan
-4.49539287384 nan
-3.99590340985 nan
-3.49641428763 nan
-2.99692550714 nan
-2.49743706837 nan
-1.99794897132 nan
-1.49846121598 nan
-0.998973802312 nan
-0.499486730326 nan
0 nan
0.499486388677 nan
0.998972435717 nan
1.49845814114 nan
1.99794350494 nan
2.49742852715 nan
2.99691320778 nan
3.49639754684 nan
3.99588154433 nan
4.49536520029 nan
4.99484851471 nan
5.49433148761 nan
5.993814119 nan
6.4932964089 nan
6.99277835733 nan
7.49225996428 nan
7.99174122978 nan
8.49122215384 nan
8.99070273648 nan
9.49018297769 nan
9.98966287751 nan
10.4891424359 nan
10.988621653 nan
11.4881005287 nan
11.987579063 nan
12.487057256 nan
12.9865351077 nan
13.4860126181 nan
13.9854897872 nan
14.4849666149 nan
14.9844431015 nan
15.4839192467 nan
15.9833950508 nan
16.4828705135 nan
16.9823456351 nan
17.4818204155 nan
17.9812948547 nan
18.4807689527 nan
18.9802427095 nan
19.4797161252 nan
19.9791891997 nan
20.4786619331 nan
20.9781343254 nan
21.4776063767 nan
21.9770780868 nan
22.4765494558 nan
22.9760204838 nan
23.4754911708 nan
23.9749615167 nan
24.4744315216 nan
24.9739011855 nan
