-25.0439298484 nan
-24.5430515675 nan
-24.0421732734 nan
-23.541294966 nan
-23.0404166454 nan
-22.5395383117 nan
-22.0386599648 nan
-21.5377816047 nan
-21.0369032315 nan
-20.5360248452 nan
-20.0351464459 nan
-19.5342680335 nan
-19.0333896081 nan
-18.5325111696 nan
-18.0316327182 nan
-17.5307542538 nan
-17.0298757765 nan
-16.5289972862 nan
-16.0281187831 nan
-15.527240267 nan
-15.0263617381 nan
-14.5254831964 nan
-14.0246046418 nan
-13.5237260745 nan
-13.0228474944 nan
-12.5219689015 nan
-12.0210902959 nan
-11.5202116776 nan
-11.0193330467 nan
-10.518454403 nan
-10.0175757467 nan
-9.51669707784 nan
-9.01581839634 nan
-8.51493970227 nan
-8.01406099564 nan
-7.51318227648 nan
-7.01230354481 nan
-6.51142480065 nan
-6.01054604403 nan
-5.50966727496 nan
-5.00878849347 nan
-4.50790969957 nan
-4.00703089329 nan
-3.50615207466 nan
-3.00527324369 nan
-2.5043944004 nan
-2.00351554482 nan
-1.50263667697 nan
-1.00175779687 nan
-0.500878904537 nan
0 nan
0.500878916722 nan
1.00175784561 nan
1.50263678663 nan
2.00351573978 nan
2.50439470503 nan
3.00527368235 nan
3.50615267172 nan
4.00703167313 nan
4.50791068655 nan
5.00878971196 nan
5.50966874934 nan
6.01054779866 nan
6.51142685991 nan
7.01230593306 nan
7.5131850181 nan
8.01406411499 nan
8.51494322372 nan
9.01582234426 nan
9.5167014766 nan
10.0175806207 nan
10.5184597766 nan
11.0193389442 nan
11.5202181235 nan
12.0210973145 nan
12.5219765171 nan
13.0228557314 nan
13.5237349573 nan
14.0246141948 nan
14.5254934439 nan
15.0263727046 nan
15.5272519767 nan
16.0281312604 nan
16.5290105556 nan
17.0298898623 nan
17.5307691803 nan
18.0316485099 nan
18.5325278508 nan
19.0334072031 nan
19.5342865668 nan
20.0351659418 nan
20.5360453281 nan
21.0369247257 nan
21.5378041346 nan
22.0386835547 nan
22.5395629861 nan
23.0404424287 nan
23.5413218825 nan
24.0422013474 nan
24.5430808235 nan
25.0439603107 nan
