92.0227521338	-37.6964148901	-25.0310693589	67.1780274389	NaN
92.0279899534	-37.6946706809	-24.5304447337	67.1780274389	NaN
92.0332275266	-37.6929262402	-24.0298202403	67.174824693	NaN
92.0384648533	-37.6911815677	-23.5291958789	67.1716222239	NaN
92.0437019335	-37.6894366637	-23.0285716494	67.1684200314	NaN
92.0489387674	-37.6876915281	-22.5279475519	67.1652181166	NaN
92.0541753547	-37.6859461609	-22.0273235864	67.1620164779	NaN
92.0594116956	-37.6842005622	-21.5266997529	67.1588151165	NaN
92.06464779	-37.682454732	-21.0260760514	67.155614032	NaN
92.0698836379	-37.6807086703	-20.5254524819	67.1524132243	NaN
92.0751192394	-37.6789623772	-20.0248290445	67.1492126937	NaN
92.0803545943	-37.6772158526	-19.5242057391	67.1460124398	NaN
92.0855897028	-37.6754690966	-19.0235825658	67.142812463	NaN
92.0908245647	-37.6737221093	-18.5229595246	67.1396127634	NaN
92.0960591802	-37.6719748905	-18.0223366155	67.1364133402	NaN
92.1012935492	-37.6702274405	-17.5217138385	67.1332141946	NaN
92.1065276716	-37.6684797591	-17.0210911937	67.1300153257	NaN
92.1117615475	-37.6667318465	-16.520468681	67.1268167342	NaN
92.1169951769	-37.6649837026	-16.0198463005	67.1236184189	NaN
92.1222285597	-37.6632353275	-15.5192240522	67.1204203813	NaN
92.1274616961	-37.6614867212	-15.018601936	67.1172226208	NaN
92.1326945858	-37.6597378837	-14.5179799521	67.1140251371	NaN
92.137927229	-37.6579888151	-14.0173581004	67.1108279305	NaN
92.1431596257	-37.6562395153	-13.516736381	67.1076310012	NaN
92.1483917758	-37.6544899844	-13.0161147938	67.1044343487	NaN
92.1536236794	-37.6527402225	-12.5154933388	67.1012379735	NaN
92.1588553363	-37.6509902295	-12.0148720162	67.0980418753	NaN
92.1640867467	-37.6492400055	-11.5142508259	67.0948460542	NaN
92.1693179106	-37.6474895505	-11.0136297679	67.0916505104	NaN
92.1745488278	-37.6457388645	-10.5130088422	67.0884552438	NaN
92.1797794984	-37.6439879476	-10.0123880489	67.0852602542	NaN
92.1850099225	-37.6422367997	-9.51176738799	67.0820655415	NaN
92.1902400999	-37.640485421	-9.01114685943	67.0788711066	NaN
92.1954700308	-37.6387338114	-8.51052646326	67.0756769484	NaN
92.200699715	-37.6369819709	-8.00990619951	67.0724830676	NaN
92.2059291526	-37.6352298996	-7.50928606819	67.0692894641	NaN
92.2111583436	-37.6334775975	-7.0086660693	67.0660961379	NaN
92.2163872879	-37.6317250647	-6.50804620288	67.0629030886	NaN
92.2216159856	-37.6299723011	-6.00742646893	67.059710317	NaN
92.2268444367	-37.6282193068	-5.50680686747	67.056517822	NaN
92.2320726411	-37.6264660818	-5.00618739851	67.0533256048	NaN
92.2373005989	-37.6247126261	-4.50556806207	67.0501336648	NaN
92.2425283101	-37.6229589398	-4.00494885817	67.0469420019	NaN
92.2477557745	-37.6212050229	-3.50432978681	67.0437506167	NaN
92.2529829923	-37.6194508754	-3.00371084802	67.0405595084	NaN
92.2582099635	-37.6176964973	-2.50309204182	67.0373686775	NaN
92.2634366879	-37.6159418887	-2.0024733682	67.0341781241	NaN
92.2686631657	-37.6141870496	-1.5018548272	67.030987848	NaN
92.2738893968	-37.61243198	-1.00123641882	67.027797849	NaN
92.2791153812	-37.6106766799	-0.50061814308	67.0246081279	NaN
92.2843411189	-37.6089211494	0	67.0214186837	NaN
92.2895666099	-37.6071653884	0.500618010409	67.0182295172	NaN
92.2947918542	-37.6054093971	1.00123588813	67.0150406278	NaN
92.3000168518	-37.6036531754	1.50185363315	67.0118520161	NaN
92.3052416027	-37.6018967234	2.00247124546	67.0086636818	NaN
92.3104661069	-37.6001400411	2.50308872503	67.0054756247	NaN
92.3156903643	-37.5983831285	3.00370607186	67.0022878452	NaN
92.320914375	-37.5966259856	3.50432328592	66.9991003432	NaN
92.3261381389	-37.5948686125	4.0049403672	66.9959131184	NaN
92.3313616562	-37.5931110092	4.50555731569	66.9927261716	NaN
92.3365849266	-37.5913531757	5.00617413138	66.9895395019	NaN
92.3418079504	-37.5895951121	5.50679081424	66.9863531096	NaN
92.3470307273	-37.5878368183	6.00740736426	66.9831669949	NaN
92.3522532575	-37.5860782944	6.50802378143	66.9799811579	NaN
92.357475541	-37.5843195404	7.00864006573	66.9767955984	NaN
92.3626975776	-37.5825605564	7.50925621714	66.9736103162	NaN
92.3679193675	-37.5808013424	8.00987223566	66.9704253118	NaN
92.3731409106	-37.5790418983	8.51048812126	66.9672405849	NaN
92.378362207	-37.5772822243	9.01110387393	66.9640561357	NaN
92.3835832565	-37.5755223203	9.51171949366	66.9608719637	NaN
92.3888040592	-37.5737621864	10.0123349804	66.9576880697	NaN
92.3940246152	-37.5720018225	10.5129503342	66.9545044532	NaN
92.3992449243	-37.5702412289	11.013565555	66.9513211141	NaN
92.4044649866	-37.5684804053	11.5141806428	66.9481380527	NaN
92.4096848021	-37.5667193519	12.0147955976	66.9449552692	NaN
92.4149043708	-37.5649580688	12.5154104193	66.9417727631	NaN
92.4201236927	-37.5631965558	13.016025108	66.9385905347	NaN
92.4253427677	-37.5614348131	13.5166396637	66.9354085839	NaN
92.4305615959	-37.5596728407	14.0172540862	66.9322269109	NaN
92.4357801773	-37.5579106386	14.5178683757	66.9290455158	NaN
92.4409985118	-37.5561482068	15.018482532	66.9258643979	NaN
92.4462165994	-37.5543855453	15.5190965552	66.922683558	NaN
92.4514344402	-37.5526226543	16.0197104453	66.9195029957	NaN
92.4566520342	-37.5508595336	16.5203242022	66.9163227114	NaN
92.4618693813	-37.5490961834	17.0209378259	66.9131427045	NaN
92.4670864815	-37.5473326036	17.5215513165	66.9099629756	NaN
92.4723033349	-37.5455687943	18.0221646739	66.9067835242	NaN
92.4775199413	-37.5438047555	18.522777898	66.9036043509	NaN
92.4827363009	-37.5420404873	19.0233909889	66.9004254551	NaN
92.4879524136	-37.5402759896	19.5240039466	66.8972468374	NaN
92.4931682794	-37.5385112625	20.024616771	66.8940684971	NaN
92.4983838983	-37.536746306	20.5252294621	66.890890435	NaN
92.5035992704	-37.5349811201	21.0258420199	66.8877126506	NaN
92.5088143955	-37.5332157049	21.5264544444	66.8845351438	NaN
92.5140292737	-37.5314500603	22.0270667356	66.8813579151	NaN
92.519243905	-37.5296841865	22.5276788935	66.8781809642	NaN
92.5244582893	-37.5279180834	23.028290918	66.8750042912	NaN
92.5296724268	-37.5261517511	23.5289028092	66.871827896	NaN
92.5348863173	-37.5243851895	24.0295145669	66.8686517787	NaN
92.5400999609	-37.5226183988	24.5301261913	66.8654759394	NaN
92.5453133575	-37.5208513789	25.0307376822	66.8623003778	NaN
