-25.0397452349 0.192851
-24.53895054 0.160284
-24.0381558362 0.154518
-23.5373611236 0.189379
-23.0365664021 0.241725
-22.5357716718 0.27693
-22.0349769328 0.285544
-21.5341821849 0.261252
-21.0333874283 0.21604
-20.5325926629 0.176993
-20.0317978888 0.153218
-19.5310031061 0.114078
-19.0302083146 0.0725444
-18.5294135145 0.00277588
-18.0286187057 0
-17.5278238883 0.10446
-17.0270290623 0.227016
-16.5262342278 0.282209
-16.0254393846 0.337349
-15.5246445329 0.401735
-15.0238496727 0.435406
-14.523054804 0.443933
-14.0222599268 0.448062
-13.5214650412 0.411759
-13.020670147 0.367829
-12.5198752445 0.312846
-12.0190803336 0.268029
-11.5182854142 0.24392
-11.0174904865 0.226496
-10.5166955505 0.194229
-10.0159006061 0.168537
-9.51510565345 0.169117
-9.01431069248 0.179505
-8.51351572324 0.232419
-8.01272074575 0.316583
-7.51192576003 0.394266
-7.01113076611 0.453238
-6.51033576399 0.48644
-6.00954075369 0.537972
-5.50874573525 0.557163
-5.00795070868 0.562839
-4.50715567399 0.565693
-4.00636063121 0.571327
-3.50556558036 0.573903
-3.00477052146 0.569645
-2.50397545452 0.548918
-2.00318037956 0.532066
-1.50238529661 0.49591
-1.00159020569 0.488613
-0.500795106814 0.487376
0 0.48732
0.50079511473 0.482694
1.00159023736 0.476478
1.50238536786 0.464193
2.00318050622 0.438683
2.50397565241 0.435535
3.00477080643 0.465591
3.50556596824 0.469405
4.00636113784 0.478297
4.50715631519 0.49669
5.00795150028 0.549252
5.50874669309 0.599167
6.0095418936 0.650225
6.51033710179 0.695557
7.01113231764 0.732299
7.51192754113 0.7607
8.01272277225 0.781343
8.51351801096 0.796227
9.01431325726 0.805335
9.51510851112 0.805884
10.0159037725 0.801264
10.5166990415 0.788715
11.0174943179 0.774503
11.5182896018 0.760681
12.0190848932 0.747359
12.519880192 0.732787
13.0206754983 0.718851
13.5214708119 0.708137
14.022266133 0.698085
14.5230614614 0.687204
15.0238567971 0.670888
15.5246521402 0.652655
16.0254474906 0.636266
16.5262428483 0.621592
17.0270382132 0.6055
17.5278335854 0.590441
18.0286289648 0.576768
18.5294243515 0.5616
19.0302197453 0.549544
19.5310151463 0.541511
20.0318105544 0.536722
20.5326059697 0.53154
21.0334013921 0.524343
21.5341968215 0.51589
22.0349922581 0.508445
22.5357877017 0.502612
23.0365831523 0.498984
23.53737861 0.500148
24.0381740746 0.5051
24.5389695462 0.512529
25.0397650248 0.520939
