-25.0312756724 0.36034
-24.5306470587 0.333479
-24.0300185713 0.319612
-23.5293902102 0.299915
-23.0287619754 0.264335
-22.528133867 0.206838
-22.0275058849 0.144901
-21.5268780292 0.111955
-21.0262502999 0.144564
-20.525622697 0.161266
-20.0249952205 0.165575
-19.5243678704 0.159264
-19.0237406468 0.156361
-18.5231135496 0.155936
-18.022486579 0.159656
-17.5218597348 0.163426
-17.0212330171 0.16296
-16.520606426 0.141083
-16.0199799614 0.12111
-15.5193536233 0.102866
-15.0187274119 0.0916545
-14.518101327 0.0735274
-14.0174753687 0.0432494
-13.516849537 0.0100842
-13.016223832 0.00318583
-12.5155982536 0.00487729
-12.0149728019 0.00338199
-11.5143474769 0.00225578
-11.0137222785 0.000844153
-10.5130972069 0.00100307
-10.012472262 0.00107327
-9.51184744383 0
-9.01122275242 0.00157975
-8.51059818779 0.00567201
-8.00997374994 0.0114325
-7.5093494389 0.0293601
-7.00872525467 0.0767443
-6.50810119728 0.19001
-6.00747726673 0.325601
-5.50685346305 0.424401
-5.00622978625 0.506148
-4.50560623635 0.563497
-4.00498281335 0.642539
-3.50435951728 0.69189
-3.00373634815 0.680099
-2.50311330598 0.687981
-2.00249039078 0.678011
-1.50186760257 0.647986
-1.00124494135 0.613455
-0.500622407161 0.59714
0 0.600207
0.500622280114 0.61682
1.00124443316 0.629135
1.50186645913 0.645101
2.00248835801 0.661656
2.50311012977 0.659419
3.00373177442 0.640476
3.50435329192 0.63127
4.00497468226 0.638689
4.50559594544 0.656346
5.00621708143 0.668942
5.50683809022 0.674551
6.00745897179 0.676154
6.50807972613 0.657014
7.00870035322 0.647817
7.50932085305 0.641859
8.00994122561 0.62508
8.51056147087 0.618933
9.01118158882 0.618424
9.51180157945 0.601673
10.0124214427 0.582976
10.5130411787 0.561479
11.0136607872 0.547029
11.5142802684 0.533189
12.0148996222 0.495218
12.5155188486 0.447783
13.0161379475 0.404442
13.516756919 0.371931
14.017375763 0.349625
14.5179944796 0.339619
15.0186130687 0.333085
15.5192315302 0.325031
16.0198498642 0.314541
16.5204680707 0.301935
17.0210861497 0.289903
17.5217041011 0.279542
18.0223219249 0.270156
18.5229396211 0.264099
19.0235571897 0.262722
19.5241746306 0.261819
20.0247919439 0.259734
20.5254091296 0.255913
21.0260261876 0.252814
21.5266431179 0.249872
22.0272599205 0.248292
22.5278765953 0.246017
23.0284931425 0.243421
23.5291095619 0.238102
24.0297258535 0.235689
24.5303420173 0.232576
25.0309580534 0.229209
