92.7713194485	-34.5516075199	-25.0118403338	124.467563215	-4432.4836249
92.7758207262	-34.554152243	-24.5116080724	124.467563215	-4412.11740835
92.7803222793	-34.5566968008	-24.0113756254	124.465010241	-4408.34344754
92.7848241078	-34.5592411934	-23.5111429927	124.462456946	-4416.52858958
92.7893262117	-34.5617854207	-23.0109101745	124.459903329	-4437.54398763
92.793828591	-34.5643294828	-22.5106771707	124.457349392	-4460.1510585
92.7983312458	-34.5668733795	-22.0104439813	124.454795134	-4419.52818566
92.802834176	-34.569417111	-21.5102106063	124.452240556	-4394.54029638
92.8073373818	-34.571960677	-21.0099770458	124.449685656	-4393.66666242
92.8118408631	-34.5745040777	-20.5097432996	124.447130435	-4393.32244101
92.81634462	-34.577047313	-20.0095093679	124.444574894	-4360.40333301
92.8208486524	-34.5795903829	-19.5092752507	124.442019031	-4344.5253891
92.8253529604	-34.5821332873	-19.0090409478	124.439462848	-4340.22171253
92.8298575441	-34.5846760262	-18.5088064595	124.436906343	-4314.30960631
92.8343624035	-34.5872185996	-18.0085717855	124.434349518	-4290.43182986
92.8388675385	-34.5897610074	-17.5083369261	124.431792371	-4272.61768635
92.8433729492	-34.5923032497	-17.0081018811	124.429234903	-4211.25596819
92.8478786357	-34.5948453265	-16.5078666506	124.426677115	-4155.72088883
92.8523845979	-34.5973872375	-16.0076312345	124.424119004	-4100.49506573
92.8568908359	-34.599928983	-15.507395633	124.421560573	-4076.84623743
92.8613973498	-34.6024705628	-15.0071598459	124.419001821	-4086.14992338
92.8659041394	-34.6050119769	-14.5069238733	124.416442748	-4101.87986727
92.8704112049	-34.6075532253	-14.0066877153	124.413883353	-4063.87511289
92.8749185463	-34.6100943079	-13.5064513717	124.411323638	-3931.02135777
92.8794261636	-34.6126352248	-13.0062148426	124.408763601	-4000.28271143
92.8839340569	-34.6151759759	-12.5059781281	124.406203242	-4090.97744379
92.8884422261	-34.6177165611	-12.0057412281	124.403642563	-4107.66143975
92.8929506713	-34.6202569805	-11.5055041426	124.401081562	-4095.86062725
92.8974593925	-34.6227972341	-11.0052668717	124.39852024	-3955.17904357
92.9019683897	-34.6253373217	-10.5050294153	124.395958597	-3755.63579673
92.906477663	-34.6278772434	-10.0047917734	124.393396632	-3700.20854783
92.9109872124	-34.6304169992	-9.5045539461	124.390834346	-3639.24007082
92.9154970379	-34.632956589	-9.00431593335	124.388271739	-3536.03124267
92.9200071395	-34.6354960128	-8.50407773517	124.38570881	-3486.30717664
92.9245175173	-34.6380352705	-8.00383935156	124.38314556	-3663.88487301
92.9290281712	-34.6405743622	-7.50360078252	124.380581988	-3960.34097814
92.9335391014	-34.6431132879	-7.00336202806	124.378018095	-4247.11528218
92.9380503078	-34.6456520474	-6.50312308819	124.37545388	-4391.08786273
92.9425617905	-34.6481906408	-6.00288396292	124.372889345	-4481.41103509
92.9470735494	-34.650729068	-5.50264465224	124.370324487	-4537.55557053
92.9515855847	-34.653267329	-5.00240515617	124.367759308	-4630.2464885
92.9560978963	-34.6558054239	-4.50216547471	124.365193807	-4663.02542486
92.9606104843	-34.6583433525	-4.00192560787	124.362627985	-4673.99285824
92.9651233486	-34.6608811148	-3.50168555564	124.360061842	-4679.95048611
92.9696364894	-34.6634187109	-3.00144531805	124.357495376	-4682.14519577
92.9741499065	-34.6659561406	-2.50120489509	124.354928589	-4663.42632544
92.9786636002	-34.668493404	-2.00096428677	124.352361481	-4616.82336017
92.9831775703	-34.671030501	-1.50072349309	124.349794051	-4556.81519485
92.987691817	-34.6735674317	-1.00048251407	124.347226299	-4509.9522634
92.9922063402	-34.6761041959	-0.500241349703	124.344658225	-4478.80890095
92.9967211399	-34.6786407937	0	124.34208983	-4440.60238999
93.0012362162	-34.681177225	0.500241535034	124.339521113	-4408.01067188
93.0057515691	-34.6837134898	1.00048325539	124.336952074	-4386.5635444
93.0102671987	-34.6862495881	1.50072516107	124.334382714	-4373.52021829
93.0147831049	-34.6887855199	2.00096725206	124.331813032	-4365.3913342
93.0192992879	-34.6913212851	2.50120952836	124.329243027	-4362.70804854
93.0238157475	-34.6938568837	3.00145198996	124.326672702	-4349.27495491
93.0283324838	-34.6963923156	3.50169463686	124.324102054	-4337.19844881
93.0328494969	-34.6989275809	4.00193746905	124.321531085	-4320.99768505
93.0373667868	-34.7014626796	4.50218048652	124.318959793	-4308.22001444
93.0418843536	-34.7039976115	5.00242368927	124.31638818	-4292.44024781
93.0464021971	-34.7065323767	5.50266707729	124.313816245	-4243.86381343
93.0509203175	-34.7090669751	6.00291065057	124.311243988	-4191.29079636
93.0554387148	-34.7116014068	6.50315440912	124.308671408	-4158.2625976
93.059957389	-34.7141356717	7.00339835292	124.306098508	-4127.16222619
93.0644763401	-34.7166697697	7.50364248197	124.303525284	-4081.58910337
93.0689955682	-34.7192037009	8.00388679626	124.300951739	-4006.51500544
93.0735150733	-34.7217374651	8.50413129579	124.298377872	-3955.89713705
93.0780348553	-34.7242710625	9.00437598055	124.295803683	-3954.58269383
93.0825549145	-34.726804493	9.50462085054	124.293229172	-3993.04310272
93.0870752506	-34.7293377564	10.0048659057	124.290654339	-4036.94855282
93.0915958639	-34.7318708529	10.5051111462	124.288079184	-4106.81508338
93.0961167542	-34.7344037824	11.0053565718	124.285503706	-4121.87313067
93.1006379217	-34.7369365448	11.5056021826	124.282927907	-4126.8837068
93.1051593664	-34.7394691402	12.0058479786	124.280351785	-4111.86779649
93.1096810882	-34.7420015685	12.5060939598	124.277775341	-4109.83162941
93.1142030873	-34.7445338296	13.0063401262	124.275198575	-4111.43561542
93.1187253635	-34.7470659237	13.5065864778	124.272621487	-4111.66841547
93.1232479171	-34.7495978505	14.0068330145	124.270044077	-4143.01022276
93.1277707479	-34.7521296101	14.5070797364	124.267466344	-4164.96280196
93.132293856	-34.7546612026	15.0073266435	124.264888289	-4179.6693855
93.1368172415	-34.7571926277	15.5075737357	124.262309912	-4188.42562826
93.1413409043	-34.7597238857	16.0078210131	124.259731212	-4199.12524021
93.1458648445	-34.7622549763	16.5080684756	124.25715219	-4210.48782338
93.1503890621	-34.7647858995	17.0083161232	124.254572846	-4221.58000949
93.1549135571	-34.7673166554	17.508563956	124.25199318	-4234.50575422
93.1594383296	-34.769847244	18.0088119739	124.249413191	-4236.08444839
93.1639633795	-34.7723776651	18.5090601769	124.24683288	-4212.02259161
93.168488707	-34.7749079188	19.009308565	124.244252246	-4173.56329285
93.173014312	-34.7774380051	19.5095571382	124.24167129	-4118.91451481
93.1775401946	-34.7799679239	20.0098058965	124.239090011	-4063.29205121
93.1820663547	-34.7824976751	20.5100548399	124.23650841	-4049.638182
93.1865927925	-34.7850272588	21.0103039684	124.233926487	-4007.05471859
93.1911195078	-34.787556675	21.510553282	124.231344241	-4028.7542903
93.1956465008	-34.7900859236	22.0108027807	124.228761672	-4051.5445857
93.2001737716	-34.7926150046	22.5110524644	124.226178781	-4044.97052448
93.20470132	-34.7951439179	23.0113023332	124.223595568	-4052.16023173
93.2092291461	-34.7976726635	23.511552387	124.221012032	-4083.63004404
93.21375725	-34.8002012415	24.0118026259	124.218428173	-4072.42709367
93.2182856317	-34.8027296518	24.5120530499	124.215843992	-4034.70894632
93.2228142911	-34.8052578943	25.0123036588	124.213259487	-4047.14493355
