91.8435867684	-36.0182854328	-25.0315543977	108.288726748	-3822.12095621
91.8488654387	-36.0196963766	-24.530925873	108.288726748	-3817.77075451
91.8541442981	-36.021107089	-24.0302972433	108.285622608	-3815.54144498
91.8594233464	-36.0225175701	-23.5296685089	108.282518252	-3816.62952601
91.8647025837	-36.0239278198	-23.0290396696	108.279413679	-3817.64604328
91.86998201	-36.0253378381	-22.5284107254	108.27630889	-3817.61060991
91.8752616252	-36.0267476251	-22.0277816765	108.273203886	-3814.38708683
91.8805414294	-36.0281571806	-21.5271525228	108.270098664	-3811.48137361
91.8858214225	-36.0295665046	-21.0265232642	108.266993227	-3812.15878857
91.8911016045	-36.0309755972	-20.525893901	108.263887574	-3811.565454
91.8963819754	-36.0323844584	-20.025264433	108.260781704	-3822.09934525
91.9016625352	-36.033793088	-19.5246348602	108.257675618	-3839.95321183
91.9069432839	-36.0352014861	-19.0240051828	108.254569317	-3833.54624614
91.9122242214	-36.0366096526	-18.5233754006	108.251462799	-3828.21230927
91.9175053477	-36.0380175876	-18.0227455138	108.248356065	-3823.61642517
91.9227866629	-36.039425291	-17.5221155223	108.245249115	-3831.86944249
91.9280681668	-36.0408327628	-17.0214854261	108.242141949	-3846.05349702
91.9333498596	-36.042240003	-16.5208552253	108.239034567	-3856.83674199
91.9386317412	-36.0436470115	-16.0202249199	108.235926969	-3856.22076945
91.9439138115	-36.0450537884	-15.5195945099	108.232819155	-3849.91782348
91.9491960706	-36.0464603336	-15.0189639953	108.229711125	-3844.42635835
91.9544785184	-36.047866647	-14.5183333761	108.226602879	-3841.56824246
91.9597611549	-36.0492727288	-14.0177026524	108.223494418	-3838.81978324
91.9650439801	-36.0506785788	-13.5170718241	108.22038574	-3821.72836588
91.970326994	-36.052084197	-13.0164408913	108.217276847	-3804.59137371
91.9756101966	-36.0534895834	-12.515809854	108.214167737	-3829.57964998
91.9808935879	-36.0548947381	-12.0151787121	108.211058412	-3844.70989776
91.9861771678	-36.0562996609	-11.5145474658	108.207948871	-3854.13824374
91.9914609363	-36.0577043519	-11.0139161151	108.204839115	-3857.42872798
91.9967448935	-36.059108811	-10.5132846599	108.201729142	-3864.35629395
92.0020290393	-36.0605130382	-10.0126531002	108.198618954	-3890.04589686
92.0073133736	-36.0619170335	-9.51202143614	108.19550855	-3910.05573821
92.0125978965	-36.0633207968	-9.01138966766	108.192397931	-3926.30971859
92.017882608	-36.0647243283	-8.51075779481	108.189287095	-3942.84590528
92.0231675081	-36.0661276277	-8.01012581757	108.186176044	-3928.96559871
92.0284525966	-36.0675306952	-7.50949373599	108.183064778	-3919.0844694
92.0337378737	-36.0689335306	-7.00886155006	108.179953296	-3915.75665904
92.0390233393	-36.0703361341	-6.50822925981	108.176841598	-3911.98110744
92.0443089933	-36.0717385054	-6.00759686524	108.173729685	-3912.25950039
92.0495948359	-36.0731406448	-5.50696436639	108.170617556	-3915.16615617
92.0548808669	-36.074542552	-5.00633176325	108.167505211	-3916.14194569
92.0601670863	-36.0759442271	-4.50569905585	108.164392651	-3915.4558633
92.0654534942	-36.0773456701	-4.00506624421	108.161279876	-3911.30406939
92.0707400904	-36.0787468809	-3.50443332833	108.158166885	-3907.84793037
92.0760268751	-36.0801478595	-3.00380030823	108.155053679	-3905.57062889
92.0813138482	-36.081548606	-2.50316718394	108.151940257	-3904.97933877
92.0866010096	-36.0829491203	-2.00253395546	108.14882662	-3898.23586256
92.0918883594	-36.0843494023	-1.50190062281	108.145712767	-3890.25288056
92.0971758975	-36.0857494521	-1.00126718601	108.142598699	-3888.97769269
92.1024636239	-36.0871492696	-0.500633645065	108.139484416	-3887.0473526
92.1077515386	-36.0885488548	0	108.136369917	-3878.78926235
92.1130396417	-36.0899482077	0.50063374917	108.133255203	-3885.22992177
92.118327933	-36.0913473282	1.00126760243	108.130140274	-3906.48740757
92.1236164126	-36.0927462164	1.50190155977	108.12702513	-3927.144466
92.1289050804	-36.0941448723	2.00253562117	108.12390977	-3923.8015299
92.1341939364	-36.0955432957	2.50316978661	108.120794195	-3904.48817588
92.1394829807	-36.0969414868	3.00380405608	108.117678405	-3890.04621237
92.1447722132	-36.0983394454	3.50443842957	108.114562399	-3877.92588315
92.1500616339	-36.0997371715	4.00507290705	108.111446179	-3866.71618759
92.1553512427	-36.1011346652	4.50570748852	108.108329743	-3857.62315069
92.1606410397	-36.1025319264	5.00634217395	108.105213092	-3864.19844786
92.1659310249	-36.103928955	5.50697696333	108.102096227	-3872.49556641
92.1712211981	-36.1053257512	6.00761185665	108.098979146	-3874.95809653
92.1765115595	-36.1067223147	6.50824685388	108.09586185	-3874.36596581
92.181802109	-36.1081186457	7.00888195502	108.092744338	-3872.09492431
92.1870928466	-36.1095147441	7.50951716005	108.089626612	-3865.13376961
92.1923837722	-36.1109106099	8.01015246895	108.086508671	-3862.27890107
92.1976748859	-36.1123062431	8.51078788171	108.083390515	-3862.4528854
92.2029661877	-36.1137016436	9.01142339831	108.080272144	-3864.96773319
92.2082576774	-36.1150968114	9.51205901874	108.077153558	-3864.9190808
92.2135493552	-36.1164917465	10.012694743	108.074034757	-3863.06423493
92.2188412209	-36.117886449	10.513330571	108.070915742	-3864.71136685
92.2241332747	-36.1192809186	11.0139665028	108.067796511	-3870.62321673
92.2294255164	-36.1206751556	11.5146025384	108.064677065	-3878.46632173
92.234717946	-36.1220691597	12.0152386777	108.061557405	-3884.40735816
92.2400105636	-36.1234629311	12.5158749207	108.05843753	-3885.55841701
92.2453033691	-36.1248564696	13.0165112675	108.05531744	-3889.04825565
92.2505963625	-36.1262497753	13.517147718	108.052197135	-3897.03634694
92.2558895438	-36.1276428481	14.0177842721	108.049076616	-3903.69216582
92.261182913	-36.1290356881	14.51842093	108.045955882	-3896.22756712
92.26647647	-36.1304282952	15.0190576914	108.042834933	-3893.90344702
92.2717702148	-36.1318206693	15.5196945565	108.039713769	-3885.8749833
92.2770641475	-36.1332128105	16.0203315253	108.036592391	-3876.917166
92.282358268	-36.1346047188	16.5209685976	108.033470798	-3850.9998071
92.2876525763	-36.135996394	17.0216057735	108.030348991	-3849.30232888
92.2929470724	-36.1373878363	17.522243053	108.027226968	-3836.09291261
92.2982417563	-36.1387790456	18.0228804361	108.024104732	-3823.44722235
92.3035366279	-36.1401700218	18.5235179227	108.02098228	-3824.3112571
92.3088316872	-36.141560765	19.0241555128	108.017859614	-3836.33689198
92.3141269342	-36.142951275	19.5247932065	108.014736734	-3832.4355197
92.319422369	-36.144341552	20.0254310036	108.011613639	-3826.45707937
92.3247179915	-36.1457315959	20.5260689042	108.00849033	-3823.58929582
92.3300138016	-36.1471214066	21.0267069083	108.005366806	-3828.70637387
92.3353097994	-36.1485109842	21.5273450159	108.002243068	-3834.12991476
92.3406059848	-36.1499003286	22.0279832268	107.999119115	-3835.67425162
92.3459023579	-36.1512894398	22.5286215412	107.995994948	-3838.48667357
92.3511989185	-36.1526783178	23.029259959	107.992870567	-3847.82322438
92.3564956668	-36.1540669625	23.5298984802	107.989745971	-3848.94265541
92.3617926026	-36.155455374	24.0305371047	107.986621161	-3846.21403589
92.3670897261	-36.1568435521	24.5311758326	107.983496136	-3845.80218394
92.372387037	-36.158231497	25.0318146639	107.980370898	-3845.96422146
