-25.0175257955 0.439832
-24.5171794211 0.466611
-24.0168328775 0.360193
-23.5164861648 0.316162
-23.0161392828 0.30596
-22.5157922318 0.289156
-22.0154450115 0.30472
-21.5150976222 0.342021
-21.0147500637 0.448209
-20.5144023361 0.537813
-20.0140544394 0.571971
-19.5137063736 0.598207
-19.0133581387 0.646587
-18.5130097347 0.666044
-18.0126611617 0.638083
-17.5123124195 0.589753
-17.0119635084 0.535116
-16.5116144281 0.488303
-16.0112651789 0.451734
-15.5109157606 0.374309
-15.0105661732 0.263036
-14.5102164169 0.200299
-14.0098664915 0.153585
-13.5095163972 0.113247
-13.0091661339 0.0843078
-12.5088157016 0.0656974
-12.0084651003 0.0547165
-11.50811433 0.0589787
-11.0077633908 0.0659053
-10.5074122826 0.0548332
-10.0070610056 0.0464372
-9.50670955954 0.0432618
-9.00635794459 0.0321478
-8.50600616074 0.0348559
-8.00565420798 0.0621951
-7.50530208633 0.056903
-7.00494979579 0.0514775
-6.50459733637 0.0675605
-6.00424470809 0.0918189
-5.50389191094 0.0982765
-5.00353894494 0.0778217
-4.5031858101 0.0679373
-4.00283250642 0.0542207
-3.50247903392 0.0642422
-3.0021253926 0.105038
-2.50177158247 0.11144
-2.00141760354 0.0982428
-1.50106345582 0.0574008
-1.00070913932 0.0643146
-0.500354654043 0.0974592
0 0.0971668
0.500354822799 0.0822606
1.00070981435 0.067753
1.50106497463 0.0566986
2.00142030365 0.0501423
2.50177580139 0.0393707
3.00213146784 0.0219667
3.502487303 0.00605811
4.00284330685 0.00158779
4.50319947939 0.00963202
5.00355582061 0
5.5039123305 0.0164932
6.00426900905 0.045937
6.50462585625 0.087698
7.0049828721 0.10649
7.50534005658 0.108301
8.00569740969 0.131798
8.50605493141 0.151605
9.00641262175 0.172591
9.50677048068 0.190399
10.0071285082 0.197304
10.5074867043 0.202538
11.007845069 0.22049
11.5082036022 0.24207
12.008562304 0.25148
12.5089211744 0.266586
13.0092802133 0.287033
13.5096394207 0.307505
14.0099987966 0.331139
14.5103583411 0.360637
15.010718054 0.397654
15.5110779355 0.429448
16.0114379854 0.443921
16.5117982038 0.447233
17.0121585907 0.455502
17.512519146 0.457402
18.0128798698 0.442941
18.5132407621 0.416161
19.0136018227 0.395276
19.5139630518 0.378989
20.0143244493 0.370373
20.5146860152 0.364884
21.0150477495 0.356513
21.5154096522 0.342823
22.0157717233 0.318231
22.5161339627 0.318999
23.0164963706 0.313528
23.5168589467 0.282735
24.0172216912 0.246356
24.5175846041 0.206956
25.0179476852 0.184633
