-25.0174128883 0.145802
-24.5170687656 0.312707
-24.016724474 0.513846
-23.5163800135 0.665086
-23.0160353842 0.762919
-22.5156905859 0.828973
-22.0153456187 0.846347
-21.5150004827 0.84006
-21.0146551778 0.83079
-20.514309704 0.801208
-20.0139640614 0.718148
-19.51361825 0.578565
-19.0132722697 0.424041
-18.5129261206 0.393246
-18.0125798027 0.407625
-17.512233316 0.410146
-17.0118866605 0.406162
-16.5115398362 0.40032
-16.0111928431 0.400348
-15.5108456813 0.400167
-15.0104983507 0.445675
-14.5101508513 0.466074
-14.0098031832 0.467855
-13.5094553463 0.462778
-13.0091073408 0.453745
-12.5087591665 0.444301
-12.0084108235 0.436952
-11.5080623118 0.431306
-11.0077136314 0.422935
-10.5073647823 0.411208
-10.0070157645 0.407242
-9.50666657806 0.409207
-9.00631722296 0.424524
-8.50596769921 0.439925
-8.00561800681 0.440167
-7.50526814578 0.434214
-7.00491811613 0.423588
-6.50456791786 0.410109
-6.00421755098 0.405511
-5.50386701549 0.402943
-5.00351631142 0.404162
-4.50316543876 0.385455
-4.00281439753 0.364977
-3.50246318773 0.327427
-3.00211180937 0.28842
-2.50176026247 0.259941
-2.00140854702 0.260774
-1.50105666304 0.264792
-1.00070461054 0.319091
-0.500352389523 0.380184
0 0.43048
0.50035255802 0.485169
1.00070528453 0.461226
1.50105817952 0.449972
2.00141124298 0.401255
2.5017644749 0.319495
3.00211787528 0.191748
3.5024714441 0.0657351
4.00282518137 0.0151566
4.50317908706 0.00444226
5.00353316116 0.0204022
5.50388740368 0
6.00424181461 0.020992
6.50459639392 0.0306906
7.00495114162 0.0227429
7.5053060577 0.0353389
8.00566114215 0.0648685
8.50601639495 0.108428
9.00637181611 0.115508
9.5067274056 0.0910825
10.0070831634 0.0909587
10.5074390896 0.110703
11.0077951841 0.107793
11.5081514468 0.1324
12.0085078779 0.157489
12.5088644773 0.170764
13.0092212449 0.170488
13.5095781808 0.209714
14.009935285 0.234874
14.5102925574 0.241061
15.0106499981 0.235435
15.511007607 0.223616
16.0113653842 0.214591
16.5117233296 0.239057
17.0120814431 0.248495
17.5124397249 0.235975
18.0127981749 0.205096
18.513156793 0.190759
19.0135155794 0.193895
19.5138745339 0.217297
20.0142336565 0.233842
20.5145929473 0.20571
21.0149524063 0.19189
21.5153120333 0.195501
22.0156718286 0.198744
22.5160317919 0.187956
23.0163919233 0.159603
23.5167522228 0.144566
24.0171126904 0.126683
24.5174733261 0.102738
25.0178341298 0.0761679
