-25.0309729279 nan
-24.530350235 nan
-24.0297276739 nan
-23.5291052445 nan
-23.0284829469 nan
-22.5278607812 nan
-22.0272387473 nan
-21.5266168452 nan
-21.025995075 nan
-20.5253734367 nan
-20.0247519303 nan
-19.5241305558 nan
-19.0235093132 nan
-18.5228882025 nan
-18.0222672238 nan
-17.521646377 nan
-17.0210256623 nan
-16.5204050795 nan
-16.0197846288 nan
-15.5191643101 nan
-15.0185441234 nan
-14.5179240688 nan
-14.0173041463 nan
-13.5166843558 nan
-13.0160646975 nan
-12.5154451713 nan
-12.0148257772 nan
-11.5142065153 nan
-11.0135873855 nan
-10.512968388 nan
-10.0123495226 nan
-9.51173078942 nan
-9.01111218848 nan
-8.51049371979 nan
-8.00987538336 nan
-7.5092571792 nan
-7.00863910733 nan
-6.50802116776 nan
-6.00740336052 nan
-5.50678568561 nan
-5.00616814304 nan
-4.50555073285 nan
-4.00493345503 nan
-3.50431630961 nan
-3.0036992966 nan
-2.50308241601 nan
-2.00246566787 nan
-1.50184905218 nan
-1.00123256896 nan
-0.500616218229 nan
0 nan
0.500616085712 nan
1.00123203889 nan
1.50184785953 nan
2.0024635476 nan
2.50307910309 nan
3.00369452599 nan
3.50430981629 nan
4.00492497396 nan
4.50553999899 nan
5.00615489137 nan
5.50676965109 nan
6.00738427812 nan
6.50799877245 nan
7.00861313406 nan
7.50922736295 nan
8.0098414591 nan
8.51045542248 nan
9.01106925309 nan
9.51168295092 nan
10.0122965159 nan
10.5129099481 nan
11.0135232475 nan
11.514136414 nan
12.0147494477 nan
12.5153623484 nan
13.0159751163 nan
13.5165877513 nan
14.0172002533 nan
14.5178126224 nan
15.0184248586 nan
15.5190369618 nan
16.0196489319 nan
16.5202607691 0.00585559
17.0208724733 0
17.5214840445 0.00798651
18.0220954826 0.0184367
18.5227067876 0.0316251
19.0233179596 0.0455162
19.5239289984 0.0513322
20.0245399042 0.0506719
20.5251506769 0.0520668
21.0257613164 0.0592742
21.5263718227 0.0637956
22.0269821959 0.0681675
22.527592436 0.0702553
23.0282025428 0.0682425
23.5288125164 0.0663606
24.0294223568 0.0653527
24.5300320639 0.0637069
25.0306416378 0.0602966
