-24.9584461833 0.744999
-24.4592692778 0.7502
-23.9600926984 0.755234
-23.460916445 0.764932
-22.9617405178 0.765628
-22.4625649166 0.770364
-21.9633896415 0.775183
-21.4642146924 0.755042
-20.9650400692 0.731078
-20.4658657721 0.722494
-19.9666918009 0.763571
-19.4675181557 0.783721
-18.9683448363 0.783736
-18.4691718429 0.774661
-17.9699991753 0.800516
-17.4708268336 0.805434
-16.9716548177 0.799594
-16.4724831276 0.79306
-15.9733117633 0.802409
-15.4741407248 0.836715
-14.974970012 0.867598
-14.475799625 0.896284
-13.9766295637 0.911228
-13.477459828 0.915395
-12.9782904181 0.917469
-12.4791213337 0.90136
-11.979952575 0.879485
-11.4807841419 0.847258
-10.9816160344 0.838047
-10.4824482525 0.838894
-9.98328079608 0.832764
-9.48411366519 0.797647
-8.98494685981 0.75959
-8.48578037991 0.735717
-7.98661422547 0.721111
-7.48744839647 0.718654
-6.98828289289 0.730907
-6.4891177147 0.766655
-5.9899528619 0.646175
-5.49078833444 0.577708
-4.99162413232 0.519696
-4.49246025552 0.41775
-3.99329670401 0.329519
-3.49413347778 0.282187
-2.99497057679 0.254287
-2.49580800104 0.211033
-1.99664575049 0.145365
-1.49748382514 0.129206
-0.998322224951 0.105594
-0.499160949912 0.0703449
0 0.0623298
0.499160624807 0.0687667
0.998320924528 0.0668651
1.49748089919 0.0428933
1.9966405488 0.010161
2.49579987339 0
2.99495887299 0.0140467
3.4941175476 0.0412522
3.99327589725 0.13207
4.49243392197 0.30425
4.99159162176 0.513358
5.49074899666 0.604919
5.98990604669 0.670816
6.48906277186 0.746202
6.9882191722 0.798107
7.48737524772 0.758825
7.98653099846 0.682773
8.48568642442 0.690384
8.98484152563 0.691135
9.48399630212 0.664087
9.9831507539 0.593341
10.482304881 0.534693
10.9814586834 0.472525
11.4806121612 0.433419
11.9797653144 0.442017
12.4789181429 0.519636
12.9780706469 0.609386
13.4772228263 0.664382
13.9763746812 0.721459
14.4755262116 0.755487
14.9746774174 0.771648
15.4738282988 0.755095
15.9729788558 0.735842
16.4721290883 0.720142
16.9712789964 0.706963
17.4704285801 0.695443
17.9695778394 0.681661
18.4687267744 0.665988
18.967875385 0.650193
19.4670236714 0.634341
19.9661716335 0.619624
20.4653192713 0.605777
20.9644665848 0.591923
21.4636135742 0.579627
21.9627602393 0.568936
22.4619065803 0.558049
22.9610525971 0.54824
23.4601982898 0.53956
23.9593436583 0.531352
24.4584887028 0.525173
24.9576334232 0.521481
