92.0718985629	-35.6310624626	-25.0222826184	117.553612649	-3782.01775231
92.0768035433	-35.6331423946	-24.5218407312	117.553612649	-3781.38395898
92.0817087789	-35.6352221278	-24.0213986901	117.550755113	-3777.34261066
92.0866142698	-35.6373016621	-23.5209564952	117.547897284	-3774.12658391
92.0915200159	-35.6393809975	-23.0205141465	117.545039161	-3776.5033912
92.0964260174	-35.641460134	-22.5200716439	117.542180745	-3761.02372244
92.1013322741	-35.6435390715	-22.0196289875	117.539322036	-3737.56326879
92.1062387862	-35.6456178101	-21.5191861773	117.536463032	-3724.8020611
92.1111455536	-35.6476963497	-21.0187432134	117.533603736	-3727.0994919
92.1160525763	-35.6497746902	-20.5183000956	117.530744146	-3734.04483727
92.1209598543	-35.6518528318	-20.0178568241	117.527884263	-3738.91775983
92.1258673876	-35.6539307742	-19.5174133989	117.525024086	-3735.60682507
92.1307751763	-35.6560085176	-19.0169698198	117.522163616	-3733.37258694
92.1356832204	-35.6580860618	-18.5165260871	117.519302852	-3729.85725158
92.1405915198	-35.6601634069	-18.0160822006	117.516441795	-3728.63678119
92.1455000746	-35.6622405528	-17.5156381605	117.513580444	-3729.54254667
92.1504088847	-35.6643174995	-17.0151939666	117.5107188	-3745.27152735
92.1553179503	-35.666394247	-16.514749619	117.507856862	-3757.96635694
92.1602272712	-35.6684707952	-16.0143051177	117.504994631	-3758.84253653
92.1651368476	-35.6705471442	-15.5138604628	117.502132107	-3747.03278518
92.1700466794	-35.6726232938	-15.0134156542	117.499269289	-3736.07233061
92.1749567665	-35.6746992442	-14.512970692	117.496406177	-3725.65368993
92.1798671092	-35.6767749952	-14.0125255761	117.493542773	-3710.38768856
92.1847777072	-35.6788505468	-13.5120803067	117.490679074	-3702.40390607
92.1896885607	-35.680925899	-13.0116348835	117.487815082	-3697.06793256
92.1945996697	-35.6830010517	-12.5111893068	117.484950797	-3689.10176152
92.1995110341	-35.685076005	-12.0107435765	117.482086218	-3672.46177976
92.204422654	-35.6871507589	-11.5102976927	117.479221346	-3653.33487408
92.2093345293	-35.6892253132	-11.0098516552	117.47635618	-3635.17974066
92.2142466602	-35.691299668	-10.5094054642	117.473490721	-3623.65289275
92.2191590465	-35.6933738232	-10.0089591196	117.470624968	-3617.84323807
92.2240716884	-35.6954477789	-9.50851262153	117.467758921	-3618.59247785
92.2289845857	-35.6975215349	-9.0080659699	117.464892582	-3622.01153539
92.2338977386	-35.6995950914	-8.50761916476	117.462025948	-3631.35091891
92.238811147	-35.7016684481	-8.00717220611	117.459159022	-3651.2595253
92.2437248109	-35.7037416052	-7.50672509396	117.456291801	-3683.56315041
92.2486387304	-35.7058145625	-7.00627782834	117.453424287	-3726.32309818
92.2535529055	-35.7078873202	-6.50583040924	117.45055648	-3753.96858729
92.2584673361	-35.709959878	-6.00538283668	117.447688379	-3774.57278485
92.2633820222	-35.7120322361	-5.50493511067	117.444819985	-3801.53536219
92.268296964	-35.7141043943	-5.00448723122	117.441951297	-3829.16748755
92.2732121613	-35.7161763528	-4.50403919835	117.439082316	-3893.09336516
92.2781276142	-35.7182481113	-4.00359101205	117.436213041	-3978.75057487
92.2830433227	-35.72031967	-3.50314267235	117.433343473	-4050.80205456
92.2879592869	-35.7223910287	-3.00269417926	117.430473611	-4198.04356253
92.2928755066	-35.7244621875	-2.50224553278	117.427603455	-4329.6941137
92.297791982	-35.7265331464	-2.00179673292	117.424733006	-4314.99778801
92.302708713	-35.7286039052	-1.50134777971	117.421862264	-4251.29883097
92.3076256997	-35.730674464	-1.00089867314	117.418991228	-4223.04887023
92.312542942	-35.7327448228	-0.500449413236	117.416119898	-4217.5340641
92.3174604399	-35.7348149815	0	117.413248275	-4195.06429149
92.3223781936	-35.7368849401	0.500449566555	117.410376358	-4183.48385208
92.3272962029	-35.7389546986	1.00089928642	117.407504148	-4194.35997394
92.3322144678	-35.741024257	1.50134915957	117.404631645	-4203.12498362
92.3371329885	-35.7430936151	2.00179918601	117.401758847	-4198.72309339
92.3420517649	-35.7451627731	2.50224936573	117.398885757	-4172.51069735
92.346970797	-35.7472317309	3.00269969871	117.396012372	-4151.55513804
92.3518900847	-35.7493004884	3.50315018494	117.393138694	-4157.3711342
92.3568096283	-35.7513690456	4.00360082441	117.390264723	-4155.74183928
92.3617294275	-35.7534374025	4.50405161712	117.387390458	-4142.48985206
92.3666494825	-35.7555055591	5.00450256304	117.384515899	-4137.91915789
92.3715697932	-35.7575735154	5.50495366216	117.381641047	-4141.23161758
92.3764903597	-35.7596412712	6.00540491449	117.378765902	-4146.0543202
92.3814111819	-35.7617088267	6.50585632	117.375890463	-4134.28070756
92.38633226	-35.7637761817	7.00630787869	117.37301473	-4103.34248027
92.3912535937	-35.7658433363	7.50675959053	117.370138703	-4078.74593118
92.3961751833	-35.7679102904	8.00721145554	117.367262383	-4025.01679029
92.4010970287	-35.769977044	8.50766347368	117.36438577	-3884.19817467
92.4060191299	-35.7720435971	9.00811564495	117.361508863	-3657.26698203
92.4109414869	-35.7741099496	9.50856796934	117.358631662	-3398.07801637
92.4158640997	-35.7761761015	10.0090204468	117.355754168	-3137.61473262
92.4207869683	-35.7782420528	10.5094730774	117.35287638	-3015.34107328
92.4257100928	-35.7803078035	11.0099258611	117.349998299	-2962.08714798
92.4306334731	-35.7823733535	11.5103787979	117.347119924	-3021.8961077
92.4355571092	-35.7844387028	12.0108318877	117.344241256	-3086.88688568
92.4404810012	-35.7865038514	12.5112851306	117.341362294	-3186.37230386
92.4454051491	-35.7885687993	13.0117385265	117.338483038	-3321.86398225
92.4503295529	-35.7906335464	13.5121920754	117.335603489	-3492.50607603
92.4552542125	-35.7926980928	14.0126457774	117.332723646	-3629.66528479
92.460179128	-35.7947624383	14.5130996324	117.329843509	-3739.97874159
92.4651042994	-35.796826583	15.0135536403	117.326963079	-3797.89428587
92.4700297267	-35.7988905268	15.5140078013	117.324082356	-3842.04082927
92.47495541	-35.8009542697	16.0144621152	117.321201339	-3918.68434432
92.4798813491	-35.8030178117	16.5149165821	117.318320028	-3974.73736031
92.4848075442	-35.8050811527	17.0153712019	117.315438423	-4016.44877739
92.4897339952	-35.8071442928	17.5158259747	117.312556525	-4055.82272833
92.4946607022	-35.8092072319	18.0162809004	117.309674334	-4079.58610902
92.4995876651	-35.81126997	18.5167359791	117.306791849	-4085.90560596
92.5045148839	-35.813332507	19.0171912106	117.30390907	-4095.90789623
92.5094423588	-35.815394843	19.5176465951	117.301025997	-4098.71221263
92.5143700896	-35.8174569778	20.0181021324	117.298142631	-4092.66263105
92.5192980764	-35.8195189116	20.5185578226	117.295258972	-4084.19625025
92.5242263192	-35.8215806442	21.0190136656	117.292375018	-4075.75061677
92.5291548179	-35.8236421756	21.5194696615	117.289490772	-4070.31743459
92.5340835727	-35.8257035058	22.0199258103	117.286606231	-4070.3778156
92.5390125835	-35.8277646348	22.5203821119	117.283721397	-4078.69079216
92.5439418503	-35.8298255625	23.0208385663	117.280836269	-4079.51613436
92.5488713732	-35.831886289	23.5212951735	117.277950848	-4080.91179984
92.5538011521	-35.8339468141	24.0217519335	117.275065133	-4079.29548536
92.558731187	-35.836007138	24.5222088463	117.272179125	-4080.99062235
92.563661478	-35.8380672604	25.0226659118	117.269292822	-4086.96643869
