-25.0240234998 nan
-24.5235384024 nan
-24.0230534937 nan
-23.5225687737 nan
-23.0220842424 nan
-22.5215998998 nan
-22.021115746 nan
-21.5206317808 nan
-21.0201480045 nan
-20.5196644169 nan
-20.0191810181 nan
-19.5186978081 nan
-19.0182147869 nan
-18.5177319545 nan
-18.0172493109 nan
-17.5167668562 nan
-17.0162845903 nan
-16.5158025133 nan
-16.0153206251 nan
-15.5148389259 nan
-15.0143574155 nan
-14.513876094 nan
-14.0133949615 nan
-13.5129140179 nan
-13.0124332632 nan
-12.5119526975 nan
-12.0114723208 nan
-11.5109921331 nan
-11.0105121343 nan
-10.5100323245 nan
-10.0095527038 nan
-9.50907327206 nan
-9.00859402938 nan
-8.50811497575 nan
-8.00763611117 nan
-7.50715743568 nan
-7.00667894927 nan
-6.50620065195 nan
-6.00572254375 nan
-5.50524462466 nan
-5.00476689471 nan
-4.5042893539 nan
-4.00381200224 nan
-3.50333483976 nan
-3.00285786645 nan
-2.50238108233 nan
-2.00190448741 nan
-1.50142808171 nan
-1.00095186523 nan
-0.500475837991 nan
0 nan
0.500475648731 nan
1.00095110819 nan
1.50142637837 nan
2.00190145925 nan
2.50237635082 nan
3.00285105308 nan
3.503325566 nan
4.00379988958 nan
4.50427402381 nan
5.00474796868 nan
5.50522172417 nan
6.00569529027 nan
6.50616866697 nan
7.00664185426 nan
7.50711485212 nan
8.00758766055 nan
8.50806027954 nan
9.00853270907 nan
9.50900494913 nan
10.0094769997 nan
10.5099488608 nan
11.0104205324 nan
11.5108920144 nan
12.011363307 nan
12.51183441 nan
13.0123053234 nan
13.5127760473 nan
14.0132465816 nan
14.5137169264 nan
15.0141870815 nan
15.514657047 nan
16.0151268229 nan
16.5155964092 nan
17.0160658059 nan
17.5165350128 nan
18.0170040302 nan
18.5174728578 nan
19.0179414958 nan
19.518409944 nan
20.0188782026 nan
20.5193462714 nan
21.0198141505 nan
21.5202818398 nan
22.0207493394 nan
22.5212166492 nan
23.0216837693 nan
23.5221506995 nan
24.0226174399 nan
24.5230839906 nan
25.0235503514 nan
