-25.0319526362 0.274059
-24.5313106048 0.278108
-24.0306686947 0.282872
-23.530026906 0.285953
-23.0293852386 0.28538
-22.5287436926 0.281064
-22.028102268 0.263035
-21.5274609648 0.231409
-21.026819783 0.217856
-20.5261787226 0.223507
-20.0255377837 0.231092
-19.5248969663 0.240937
-19.0242562703 0.24528
-18.5236156959 0.23149
-18.022975243 0.156303
-17.5223349116 0.0791417
-17.0216947017 0.0364691
-16.5210546134 0.0169959
-16.0204146467 0.0116159
-15.5197748016 0.0134597
-15.0191350781 0.0156604
-14.5184954762 0.0170889
-14.017855996 0.0197972
-13.5172166374 0.0197914
-13.0165774005 0.0204459
-12.5159382853 0.0173029
-12.0152992918 0.0103574
-11.51466042 0.00448071
-11.0140216699 0.00136688
-10.5133830416 0
-10.0127445351 0.0208624
-9.51210615036 0.0823902
-9.01146788741 0.153339
-8.51082974628 0.237465
-8.01019172698 0.342108
-7.50955382953 0.460682
-7.00891605394 0.573827
-6.50827840022 0.660719
-6.00764086841 0.711384
-5.5070034585 0.737801
-5.00636617051 0.739029
-4.50572900447 0.735112
-4.00509196038 0.72568
-3.50445503827 0.699228
-3.00381823814 0.670891
-2.50318156001 0.647717
-2.00254500391 0.630793
-1.50190856984 0.617174
-1.00127225782 0.603591
-0.50063606787 0.583808
0 0.558255
0.500635945772 0.533392
1.00127176943 0.509811
1.50190747096 0.487143
2.00254305035 0.467076
2.50317850757 0.449889
3.00381384263 0.43616
3.50444905548 0.427705
4.00508414614 0.419045
4.50571911457 0.412771
5.00635396076 0.405292
5.50698868469 0.396617
6.00762328636 0.386067
6.50825776574 0.381186
7.00889212282 0.37764
7.50952635758 0.374532
8.01016047002 0.377091
8.5107944601 0.379715
9.01142832782 0.382863
9.51206207317 0.387416
10.0126956961 0.388384
10.5133291966 0.388997
11.0139625748 0.390084
11.5145958304 0.388153
12.0152289636 0.381742
12.5158619744 0.374268
13.0164948626 0.366841
13.5171276284 0.359661
14.0177602716 0.354248
14.5183927923 0.348827
15.0190251905 0.342232
15.519657466 0.334653
16.020289619 0.329835
16.5209216494 0.323301
17.0215535572 0.316635
17.5221853424 0.310915
18.0228170049 0.304623
18.5234485448 0.301231
19.0240799619 0.300885
19.5247112564 0.300582
20.0253424282 0.30448
20.5259734773 0.311274
21.0266044036 0.319143
21.5272352072 0.326496
22.027865888 0.334575
22.528496446 0.342729
23.0291268812 0.349554
23.5297571936 0.350807
24.0303873832 0.347057
24.53101745 0.340522
25.0316473938 0.332344
