-24.9982894583 nan
-24.4983168115 nan
-23.9983444446 nan
-23.4983723576 nan
-22.9984005505 nan
-22.4984290234 nan
-21.9984577761 nan
-21.4984868088 nan
-20.9985161214 nan
-20.4985457139 nan
-19.9985755863 nan
-19.4986057387 nan
-18.9986361709 nan
-18.4986668831 nan
-17.9986978751 nan
-17.4987291471 nan
-16.998760699 nan
-16.4987925307 nan
-15.9988246424 nan
-15.498857034 nan
-14.9988897055 nan
-14.4989226569 nan
-13.9989558882 nan
-13.4989893994 nan
-12.9990231905 nan
-12.4990572615 nan
-11.9990916124 nan
-11.4991262432 nan
-10.9991611538 nan
-10.4991963444 nan
-9.99923181488 nan
-9.49926756524 nan
-8.99930359549 nan
-8.49933990563 nan
-7.99937649566 nan
-7.49941336557 nan
-6.99945051537 nan
-6.49948794506 nan
-5.99952565463 nan
-5.49956364408 nan
-4.99960191342 nan
-4.49964046263 nan
-3.99967929173 nan
-3.4997184007 nan
-2.99975778955 nan
-2.49979745828 nan
-1.99983740687 nan
-1.49987763535 nan
-0.999918143696 nan
-0.499958931914 nan
0 nan
0.499958652044 nan
0.999917024221 nan
1.49987511653 nan
1.99983292898 nan
2.49979046156 nan
2.99974771428 nan
3.49970468713 nan
3.99966138013 nan
4.49961779327 nan
4.99957392655 nan
5.49952977998 nan
5.99948535355 nan
6.49944064726 nan
6.99939566113 nan
7.49935039514 nan
7.9993048493 nan
8.49925902362 nan
8.99921291809 nan
9.49916653271 nan
9.99911986748 nan
10.4990729224 nan
10.9990256975 nan
11.4989781928 nan
11.9989304082 nan
12.4988823438 nan
12.9988339995 nan
13.4987853754 nan
13.9987364715 nan
14.4986872877 nan
14.9986378241 nan
15.4985880807 nan
15.9985380575 nan
16.4984877544 nan
16.9984371715 nan
17.4983863088 nan
17.9983351662 nan
18.4982837438 nan
18.9982320417 nan
19.4981800597 nan
19.9981277978 nan
20.4980752562 nan
20.9980224348 nan
21.4979693335 nan
21.9979159524 nan
22.4978622916 nan
22.9978083509 nan
23.4977541304 nan
23.9976996301 nan
24.49764485 nan
24.9975897901 nan
