-25.0202893551 nan
-24.5198788874 nan
-24.0194686106 nan
-23.5190585247 nan
-23.0186486297 nan
-22.5182389256 nan
-22.0178294124 nan
-21.5174200902 nan
-21.0170109589 nan
-20.5166020186 nan
-20.0161932692 nan
-19.5157847108 nan
-19.0153763434 nan
-18.514968167 nan
-18.0145601816 nan
-17.5141523872 nan
-17.0137447839 nan
-16.5133373715 nan
-16.0129301502 nan
-15.51252312 nan
-15.0121162809 nan
-14.5117096328 nan
-14.0113031758 nan
-13.5108969098 nan
-13.010490835 nan
-12.5100849513 nan
-12.0096792588 nan
-11.5092737573 nan
-11.008868447 nan
-10.5084633279 nan
-10.0080583999 nan
-9.50765366312 nan
-9.0072491175 nan
-8.50684476308 nan
-8.00644059985 nan
-7.50603662785 nan
-7.00563284706 nan
-6.50522925751 nan
-6.0048258592 nan
-5.50442265214 nan
-5.00401963635 nan
-4.50361681182 nan
-4.00321417858 nan
-3.50281173664 nan
-3.00240948599 nan
-2.50200742666 nan
-2.00160555864 nan
-1.50120388196 nan
-1.00080239662 nan
-0.50040110263 nan
0 nan
0.500400911258 nan
1.00080163114 nan
1.50120215962 nan
2.00160249671 nan
2.50200264239 nan
3.00240259665 nan
3.50280235948 nan
4.00320193087 nan
4.50360131082 nan
5.0040004993 nan
5.50439949631 nan
6.00479830185 nan
6.5051969159 nan
7.00559533846 nan
7.5059935695 nan
8.00639160903 nan
8.50678945703 nan
9.0071871135 nan
9.50758457842 nan
10.0079818518 nan
10.5083789336 nan
11.0087758238 nan
11.5091725224 nan
12.0095690295 nan
12.5099653449 nan
13.0103614687 nan
13.5107574009 nan
14.0111531415 nan
14.5115486904 nan
15.0119440477 nan
15.5123392133 nan
16.0127341873 nan
16.5131289695 nan
17.0135235601 nan
17.513917959 nan
18.0143121661 nan
18.5147061815 nan
19.0151000052 nan
19.5154936372 nan
20.0158870774 nan
20.5162803259 nan
21.0166733826 nan
21.5170662475 nan
22.0174589206 nan
22.5178514019 nan
23.0182436915 nan
23.5186357892 nan
24.0190276951 nan
24.5194194091 nan
25.0198109313 nan
