90.0835597331	-39.2108855114	-25.030705559	117.310122647	NaN
90.0887164007	-39.2129484686	-24.5300953123	117.310122647	NaN
90.0938733712	-39.2150111984	-24.0294849077	117.306862651	NaN
90.0990306448	-39.2170737009	-23.5288743451	117.30360232	NaN
90.1041882213	-39.219135976	-23.0282636246	117.300341653	NaN
90.1093461009	-39.2211980236	-22.5276527462	117.29708065	NaN
90.1145042834	-39.2232598438	-22.0270417098	117.293819313	NaN
90.119662769	-39.2253214364	-21.5264305155	117.290557639	NaN
90.1248215576	-39.2273828016	-21.0258191634	117.287295631	NaN
90.1299806492	-39.2294439391	-20.5252076533	117.284033287	NaN
90.1351400439	-39.2315048491	-20.0245959854	117.280770608	NaN
90.1402997416	-39.2335655315	-19.5239841597	117.277507593	NaN
90.1454597424	-39.2356259862	-19.0233721762	117.274244243	NaN
90.1506200462	-39.2376862133	-18.5227600348	117.270980557	NaN
90.1557806531	-39.2397462126	-18.0221477356	117.267716536	NaN
90.1609415631	-39.2418059842	-17.5215352787	117.26445218	NaN
90.1661027761	-39.243865528	-17.0209226639	117.261187488	NaN
90.1712642923	-39.2459248441	-16.5203098915	117.257922461	NaN
90.1764261115	-39.2479839323	-16.0196969613	117.254657098	NaN
90.1815882338	-39.2500427926	-15.5190838734	117.2513914	NaN
90.1867506592	-39.2521014251	-15.0184706277	117.248125367	NaN
90.1919133878	-39.2541598296	-14.5178572244	117.244858998	NaN
90.1970764194	-39.2562180062	-14.0172436634	117.241592294	NaN
90.2022397542	-39.2582759548	-13.5166299447	117.238325254	NaN
90.2074033921	-39.2603336754	-13.0160160684	117.235057879	NaN
90.2125673331	-39.262391168	-12.5154020345	117.231790168	NaN
90.2177315773	-39.2644484325	-12.0147878429	117.228522122	NaN
90.2228961246	-39.2665054689	-11.5141734938	117.225253741	NaN
90.2280609751	-39.2685622771	-11.013558987	117.221985024	NaN
90.2332261288	-39.2706188572	-10.5129443227	117.218715972	NaN
90.2383915856	-39.2726752092	-10.0123295008	117.215446584	NaN
90.2435573456	-39.2747313329	-9.51171452143	117.212176861	NaN
90.2487234088	-39.2767872283	-9.01109938449	117.208906802	NaN
90.2538897752	-39.2788428955	-8.51048409004	117.205636408	NaN
90.2590564447	-39.2808983343	-8.0098686381	117.202365679	NaN
90.2642234175	-39.2829535449	-7.50925302868	117.199094614	NaN
90.2693906934	-39.285008527	-7.00863726179	117.195823214	NaN
90.2745582726	-39.2870632808	-6.50802133745	117.192551478	NaN
90.279726155	-39.2891178061	-6.00740525568	117.189279407	NaN
90.2848943406	-39.2911721029	-5.50678901649	117.186007001	NaN
90.2900628295	-39.2932261713	-5.00617261989	117.182734259	NaN
90.2952316216	-39.2952800112	-4.5055560659	117.179461181	NaN
90.3004007169	-39.2973336224	-4.00493935454	117.176187768	NaN
90.3055701155	-39.2993870052	-3.50432248582	117.17291402	NaN
90.3107398173	-39.3014401593	-3.00370545976	117.169639937	NaN
90.3159098224	-39.3034930847	-2.50308827636	117.166365517	NaN
90.3210801308	-39.3055457815	-2.00247093566	117.163090763	NaN
90.3262507425	-39.3075982496	-1.50185343765	117.159815673	NaN
90.3314216574	-39.309650489	-1.00123578237	117.156540247	NaN
90.3365928756	-39.3117024996	-0.500617969809	117.153264486	NaN
90.3417643971	-39.3137542814	0	117.14998839	NaN
90.3469362219	-39.3158058344	0.500618127046	117.146711958	NaN
90.35210835	-39.3178571585	1.00123641132	117.143435191	NaN
90.3572807815	-39.3199082537	1.50185485279	117.140158088	NaN
90.3624535162	-39.3219591201	2.00247345146	117.13688065	NaN
90.3676265543	-39.3240097575	2.50309220731	117.133602877	NaN
90.3727998957	-39.3260601659	3.00371112032	117.130324768	NaN
90.3779735404	-39.3281103453	3.50433019047	117.127046323	NaN
90.3831474885	-39.3301602957	4.00494941775	117.123767544	NaN
90.3883217399	-39.332210017	4.50556880216	117.120488428	NaN
90.3934962947	-39.3342595092	5.00618834366	117.117208978	NaN
90.3986711528	-39.3363087724	5.50680804225	117.113929191	NaN
90.4038463144	-39.3383578063	6.00742789791	117.11064907	NaN
90.4090217792	-39.3404066111	6.50804791062	117.107368613	NaN
90.4141975475	-39.3424551866	7.00866808037	117.10408782	NaN
90.4193736191	-39.3445035329	7.50928840715	117.100806692	NaN
90.4245499942	-39.34655165	8.00990889094	117.097525229	NaN
90.4297266726	-39.3485995377	8.51052953172	117.09424343	NaN
90.4349036544	-39.3506471961	9.01115032948	117.090961296	NaN
90.4400809396	-39.3526946251	9.51177128421	117.087678826	NaN
90.4452585283	-39.3547418248	10.0123923959	117.084396021	NaN
90.4504364204	-39.356788795	10.5130136645	117.08111288	NaN
90.4556146159	-39.3588355357	11.01363509	117.077829404	NaN
90.4607931148	-39.360882047	11.5142566724	117.074545592	NaN
90.4659719171	-39.3629283288	12.0148784118	117.071261446	NaN
90.4711510229	-39.364974381	12.5155003079	117.067976963	NaN
90.4763304322	-39.3670202036	13.016122361	117.064692145	NaN
90.4815101449	-39.3690657967	13.5167445709	117.061406992	NaN
90.4866901611	-39.3711111601	14.0173669376	117.058121503	NaN
90.4918704807	-39.3731562938	14.5179894611	117.054835679	NaN
90.4970511038	-39.3752011978	15.0186121414	117.051549519	NaN
90.5022320304	-39.3772458721	15.5192349785	117.048263024	NaN
90.5074132605	-39.3792903167	16.0198579724	117.044976194	NaN
90.512594794	-39.3813345314	16.520481123	117.041689028	NaN
90.5177766311	-39.3833785164	17.0211044303	117.038401526	NaN
90.5229587716	-39.3854222715	17.5217278944	117.035113689	NaN
90.5281412157	-39.3874657967	18.0223515152	117.031825517	NaN
90.5333239633	-39.389509092	18.5229752926	117.028537009	NaN
90.5385070144	-39.3915521574	19.0235992268	117.025248166	NaN
90.543690369	-39.3935949928	19.5242233176	117.021958987	NaN
90.5488740271	-39.3956375982	20.024847565	117.018669473	NaN
90.5540579888	-39.3976799736	20.5254719691	117.015379624	NaN
90.559242254	-39.3997221189	21.0260965297	117.012089438	NaN
90.5644268228	-39.4017640341	21.526721247	117.008798918	NaN
90.5696116951	-39.4038057192	22.0273461208	117.005508062	NaN
90.574796871	-39.4058471742	22.5279711513	117.002216871	NaN
90.5799823504	-39.407888399	23.0285963382	116.998925344	NaN
90.5851681334	-39.4099293935	23.5292216817	116.995633481	NaN
90.59035422	-39.4119701579	24.0298471817	116.992341284	NaN
90.5955406102	-39.4140106919	24.5304728383	116.989048751	NaN
90.6007273039	-39.4160509957	25.0310986513	116.985755882	NaN
