93.6644770397	-34.2612719886	-24.958447029	0.330544104898	-4145.40091875
93.6645084256	-34.2567754604	-24.4592701065	0.330544104898	-4140.18196332
93.6645398081	-34.2522789323	-23.96009351	0.330526436678	-4141.01045181
93.6645711872	-34.2477824041	-23.4609172397	0.330508772528	-4138.71723164
93.664602563	-34.243285876	-22.9617412955	0.330491112147	-4122.51651018
93.6646339355	-34.2387893478	-22.4625656773	0.330473455688	-4109.80079454
93.6646653045	-34.2342928196	-21.9633903852	0.330455803149	-4094.23262564
93.6646966703	-34.2297962914	-21.4642154191	0.330438154539	-4070.43517782
93.6647280327	-34.2252997632	-20.965040779	0.330420510156	-4055.35049593
93.6647593917	-34.220803235	-20.4658664648	0.330402869103	-4058.46116029
93.6647907474	-34.2163067068	-19.9666924767	0.33038523243	-4053.38257427
93.6648220997	-34.2118101786	-19.4675188145	0.330367599543	-4041.46087372
93.6648534487	-34.2073136504	-18.9683454781	0.330349970441	-4036.84500988
93.6648847944	-34.2028171222	-18.4691724677	0.330332345426	-4033.24749745
93.6649161367	-34.1983205939	-17.9699997832	0.330314724204	-4036.28445517
93.6649474756	-34.1938240657	-17.4708274245	0.330297106922	-4043.58943944
93.6649788113	-34.1893275374	-16.9716553917	0.330279493737	-4056.38154818
93.6650101435	-34.1848310091	-16.4724836847	0.330261884346	-4048.49238107
93.6650414725	-34.1803344809	-15.9733123034	0.330244278755	-4047.14631242
93.6650727981	-34.1758379526	-15.474141248	0.330226677115	-4048.56731302
93.6651041203	-34.1713414243	-14.9749705183	0.330209079427	-4053.83933367
93.6651354393	-34.166844896	-14.4758001143	0.330191485544	-4067.86014798
93.6651667549	-34.1623483677	-13.9766300361	0.330173895919	-4086.73367975
93.6651980671	-34.1578518394	-13.4774602835	0.330156309803	-4095.53677065
93.665229376	-34.1533553111	-12.9782908566	0.330138727797	-4114.42682888
93.6652606816	-34.1488587827	-12.4791217554	0.330121149606	-4130.56099582
93.6652919839	-34.1443622544	-11.9799529797	0.33010357523	-4149.59986832
93.6653232828	-34.1398657261	-11.4807845297	0.33008600512	-4124.80725482
93.6653545784	-34.1353691977	-10.9816164053	0.330068438531	-4116.37418561
93.6653858707	-34.1308726693	-10.4824486065	0.330050876064	-4129.22920219
93.6654171596	-34.126376141	-9.98328113317	0.330033317419	-4162.83899435
93.6654484452	-34.1218796126	-9.4841139854	0.330015762603	-4203.56994151
93.6654797275	-34.1173830842	-8.98494716313	0.32999821191	-4220.3480915
93.6655110064	-34.1128865558	-8.48578066634	0.329980664901	-4236.66115276
93.665542282	-34.1083900274	-7.98661449502	0.329963121874	-4255.6731986
93.6655735543	-34.103893499	-7.48744864915	0.32994558268	-4288.06140241
93.6656048233	-34.0993969706	-6.98828312869	0.329928047473	-4321.84325121
93.665636089	-34.0949004422	-6.48911793364	0.329910516103	-4350.58732351
93.6656673513	-34.0904039138	-5.98995306396	0.329892988576	-4380.6978049
93.6656986103	-34.0859073853	-5.49078851965	0.329875465038	-4433.94969577
93.665729866	-34.0814108569	-4.99162430068	0.329857945498	-4494.22503276
93.6657611184	-34.0769143284	-4.49246040702	0.329840429802	-4515.52396741
93.6657923674	-34.0724177999	-3.99329683866	0.329822917657	-4489.38973331
93.6658236132	-34.0679212715	-3.49413359558	0.32980540966	-4451.36284123
93.6658548556	-34.063424743	-2.99497067775	0.329787905819	-4414.90948017
93.6658860947	-34.0589282145	-2.49580808516	0.329770405382	-4412.74399754
93.6659173305	-34.054431686	-1.99664581778	0.3297529091	-4420.34865579
93.665948563	-34.0499351575	-1.4974838756	0.32973541668	-4437.28246716
93.6659797921	-34.045438629	-0.99832225859	0.32971792812	-4471.71144467
93.666011018	-34.0409421005	-0.49916096673	0.329700443422	-4513.73251873
93.6660422405	-34.036445572	0	0.329682962591	-4556.16455961
93.6660734598	-34.0319490434	0.499160641619	0.329665485777	-4608.02758565
93.6661046757	-34.0274525149	0.998320958151	0.329648012832	-4673.45177786
93.6661358883	-34.0229559863	1.49748094961	0.329630543609	-4704.81533927
93.6661670976	-34.0184594578	1.99664061603	0.329613078259	-4728.97204954
93.6661983036	-34.0139629292	2.49579995742	0.329595616936	-4781.16139695
93.6662295063	-34.0094664006	2.99495897381	0.329578159489	-4808.83229447
93.6662607057	-34.0049698721	3.49411766521	0.329560705923	-4820.43151497
93.6662919018	-34.0004733435	3.99327603165	0.329543256088	-4816.46799345
93.6663230946	-33.9959768149	4.49243407314	0.329525810288	-4804.71855354
93.6663542841	-33.9914802863	4.99159178972	0.329508368222	-4796.49882997
93.6663854702	-33.9869837576	5.49074918139	0.329490930346	-4775.33475847
93.6664166531	-33.982487229	5.98990624818	0.329473495909	-4753.350868
93.6664478327	-33.9779907004	6.48906299012	0.329456065513	-4627.59113757
93.666479009	-33.9734941718	6.98821940722	0.329438639164	-4446.2882544
93.666510182	-33.9689976431	7.4873754995	0.32942121656	-4341.86473027
93.6665413517	-33.9645011145	7.98653126699	0.329403797704	-4354.17745291
93.6665725181	-33.9600045858	8.48568670971	0.329386382897	-4399.71914821
93.6666036812	-33.9555080571	8.98484182767	0.329368971844	-4426.23479396
93.666634841	-33.9510115285	9.48399662089	0.329351564696	-4370.38158051
93.6666659975	-33.9465149998	9.98315108941	0.329334161453	-4264.16768599
93.6666971507	-33.9420184711	10.4823052332	0.329316761969	-4184.90491988
93.6667283007	-33.9375219424	10.9814590524	0.329299366696	-4110.13547841
93.6667594473	-33.9330254137	11.4806125469	0.329281974735	-4066.34137997
93.6667905907	-33.928528885	11.9797657168	0.32926458714	-4064.99919922
93.6668217307	-33.9240323562	12.4789185621	0.329247203161	-4074.01338637
93.6668528675	-33.9195358275	12.9780710828	0.3292298231	-4036.95628491
93.666884001	-33.9150392988	13.4772232789	0.329212446811	-3952.24468998
93.6669151312	-33.91054277	13.9763751505	0.329195074443	-3869.3706956
93.6669462582	-33.9060462413	14.4755266975	0.329177706002	-3895.95588402
93.6669773818	-33.9015497125	14.9746779201	0.329160341337	-4018.07444246
93.6670085022	-33.8970531837	15.4738288182	0.329142980601	-4128.68646787
93.6670396192	-33.892556655	15.9729793918	0.329125623797	-4251.88880527
93.667070733	-33.8880601262	16.472129641	0.329108270625	-4347.53951127
93.6671018435	-33.8835635974	16.9712795658	0.329090921388	-4423.89616213
93.6671329508	-33.8790670686	17.4704291662	0.329073576237	-4471.72658695
93.6671640547	-33.8745705398	17.9695784422	0.329056234578	-4502.38147192
93.6671951554	-33.870074011	18.4687273938	0.329038896859	-4509.10420196
93.6672262528	-33.8655774821	18.9678760212	0.329021563232	-4497.94469686
93.6672573469	-33.8610809533	19.4670243242	0.329004233402	-4487.13445421
93.6672884378	-33.8565844245	19.9661723029	0.328986907068	-4414.63668516
93.6673195254	-33.8520878956	20.4653199574	0.328969584985	-4375.01452529
93.6673506097	-33.8475913668	20.9644672876	0.328952266552	-4356.5422032
93.6673816907	-33.8430948379	21.4636142936	0.328934952072	-4347.87849838
93.6674127685	-33.838598309	21.9627609753	0.328917641399	-4350.97095177
93.667443843	-33.8341017801	22.461907333	0.328900334533	-4335.81320221
93.6674749142	-33.8296052513	22.9610533664	0.328883031474	-4314.78837507
93.6675059822	-33.8251087224	23.4601990757	0.32886573253	-4295.73740886
93.6675370469	-33.8206121935	23.9593444609	0.328848437098	-4282.41332727
93.6675681083	-33.8161156646	24.458489522	0.328831145782	-4277.46368541
93.6675991664	-33.8116191356	24.957634259	0.328813857982	-4278.95568015
