-24.9925653631 0.497772
-24.4927080989 0.493852
-23.9928510779 0.483507
-23.4929943001 0.461396
-22.9931377655 0.434719
-22.493281474 0.414031
-21.9934254258 0.406451
-21.4935696207 0.452862
-20.9937140589 0.456164
-20.4938587402 0.462932
-19.9940036646 0.479714
-19.4941488323 0.471456
-18.9942942431 0.456881
-18.494439897 0.443755
-17.9945857941 0.431912
-17.4947319344 0.426921
-16.9948783178 0.421811
-16.4950249444 0.43781
-15.9951718141 0.445664
-15.4953189269 0.452377
-14.9954662829 0.463851
-14.495613882 0.486628
-13.9957617242 0.485951
-13.4959098095 0.502864
-12.996058138 0.507975
-12.4962067096 0.517492
-11.9963555243 0.518382
-11.4965045821 0.5136
-10.996653883 0.503405
-10.496803427 0.506992
-9.99695321406 0.520417
-9.49710324425 0.510202
-8.99725351752 0.511485
-8.49740403388 0.521468
-7.99755479332 0.526033
-7.49770579583 0.51909
-6.99785704142 0.512971
-6.49800853007 0.494895
-5.99816026179 0.467805
-5.49831223656 0.455085
-4.9984644544 0.461245
-4.49861691529 0.461188
-3.99876961922 0.456033
-3.49892256621 0.444748
-2.99907575623 0.443286
-2.49922918929 0.427602
-1.99938286538 0.385926
-1.4995367845 0.332218
-0.999690946646 0.290557
-0.499845351815 0.270077
0 0.23506
0.499845108802 0.204172
0.999689974593 0.174907
1.49953459738 0.14428
1.99937897716 0.0566729
2.49922311395 0.0315185
2.99906700775 0.00870446
3.49891065855 0.000144943
3.99875406637 0
4.49859723121 0.00545229
4.99844015307 0.0173599
5.49828283195 0.0369145
5.99812526787 0.0577535
6.49796746082 0.0787598
6.99780941081 0.100205
7.49765111785 0.122084
7.99749258193 0.144988
8.49733380306 0.169195
8.99717478124 0.193085
9.49701551649 0.215677
9.99685600879 0.237185
10.4966962582 0.255917
10.9965362646 0.272635
11.4963760281 0.287974
11.9962155487 0.302207
12.4960548264 0.314887
12.9958938612 0.326623
13.4957326531 0.336579
13.995571202 0.34597
14.4954095081 0.353079
14.9952475712 0.359153
15.4950853915 0.363535
15.9949229689 0.366464
16.4947603034 0.367354
16.994597395 0.367614
17.4944342437 0.366073
17.9942708496 0.364207
18.4941072126 0.360229
18.9939433328 0.356273
19.4937792101 0.351835
19.9936148445 0.347473
20.4934502361 0.341927
20.9932853848 0.335603
21.4931202907 0.32987
21.9929549538 0.32473
22.492789374 0.319706
22.9926235514 0.315051
23.4924574859 0.311451
23.9922911777 0.307944
24.4921246266 0.304509
24.9919578327 0.30182
