-25.0194484916 0.313084
-24.5190633856 0.317341
-24.0186781218 0.341255
-23.5182927002 0.33838
-23.0179071207 0.321446
-22.5175213833 0.310953
-22.0171354882 0.302007
-21.5167494352 0.28936
-21.0163632244 0.280444
-20.5159768559 0.268932
-20.0155903295 0.2856
-19.5152036454 0.314043
-19.0148168035 0.30461
-18.5144298038 0.298315
-18.0140426464 0.296331
-17.5136553313 0.289957
-17.0132678584 0.285795
-16.5128802278 0.283834
-16.0124924395 0.283327
-15.5121044935 0.277489
-15.0117163898 0.293916
-14.5113281285 0.326363
-14.0109397094 0.338014
-13.5105511327 0.337601
-13.0101623983 0.357328
-12.5097735063 0.364789
-12.0093844567 0.367048
-11.5089952494 0.370386
-11.0086058846 0.377219
-10.5082163621 0.401447
-10.007826682 0.419576
-9.50743684433 0.412222
-9.00704684908 0.405495
-8.50665669627 0.395682
-8.0062663859 0.385363
-7.50587591799 0.380144
-7.00548529253 0.37241
-6.50509450955 0.360106
-6.00470356905 0.348097
-5.50431247104 0.34368
-5.00392121552 0.302602
-4.50352980252 0.263039
-4.00313823204 0.222546
-3.50274650408 0.183306
-3.00235461866 0.155459
-2.5019625758 0.13498
-2.00157037548 0.113029
-1.50117801774 0.10151
-1.00078550257 0.103279
-0.500392829987 0.102336
0 0.0805332
0.50039298738 0.0422059
1.00078613215 0.00185973
1.50117943429 0.0108918
2.00157289379 0
2.50196651066 0.00218407
3.00236028487 0.018407
3.50275421641 0.0521883
4.00314830528 0.084359
4.50354255147 0.0744964
5.00393695497 0.0778357
5.50433151577 0.0731692
6.00472623385 0.0879851
6.50512110922 0.122865
7.00551614185 0.145086
7.50591133174 0.152134
8.00630667888 0.167214
8.50670218326 0.187375
9.00709784487 0.203503
9.5074936637 0.206899
10.0078896397 0.196215
10.508285773 0.208745
11.0086820634 0.205699
11.509078511 0.205784
12.0094751158 0.206014
12.5098718778 0.19996
13.0102687969 0.18881
13.5106658731 0.179562
14.0110631065 0.190153
14.511460497 0.206464
15.0118580446 0.203254
15.5122557494 0.19231
16.0126536112 0.174534
16.5130516301 0.146042
17.0134498061 0.132603
17.5138481391 0.126745
18.0142466292 0.119908
18.5146452763 0.104421
19.0150440805 0.0963913
19.5154430417 0.116938
20.0158421599 0.131931
20.5162414352 0.135472
21.0166408674 0.133539
21.5170404566 0.120119
22.0174402028 0.104189
22.5178401059 0.0909245
23.018240166 0.0886426
23.5186403831 0.100109
24.0190407571 0.11833
24.519441288 0.152611
25.0198419758 0.137964
