-24.9818225105 nan
-24.4821781711 nan
-23.9825341538 nan
-23.4828904587 nan
-22.9832470857 nan
-22.4836040349 nan
-21.9839613061 nan
-21.4843188995 nan
-20.984676815 nan
-20.4850350525 nan
-19.9853936122 nan
-19.4857524939 nan
-18.9861116977 nan
-18.4864712235 nan
-17.9868310714 nan
-17.4871912413 nan
-16.9875517333 nan
-16.4879125472 nan
-15.9882736832 nan
-15.4886351412 nan
-14.9889969211 nan
-14.4893590231 nan
-13.989721447 nan
-13.4900841929 nan
-12.9904472607 nan
-12.4908106505 nan
-11.9911743622 nan
-11.4915383959 nan
-10.9919027514 nan
-10.4922674289 nan
-9.99263242825 nan
-9.4929977495 nan
-8.99336339264 nan
-8.49372935764 nan
-7.99409564451 nan
-7.49446225323 nan
-6.9948291838 nan
-6.49519643619 nan
-5.99556401042 nan
-5.49593190645 nan
-4.9963001243 nan
-4.49666866394 nan
-3.99703752536 nan
-3.49740670857 nan
-2.99777621354 nan
-2.49814604028 nan
-1.99851618876 nan
-1.49888665898 nan
-0.999257450936 nan
-0.499628564611 nan
0 nan
0.49962824291 nan
0.999256164125 nan
1.49888376366 nan
1.99851104151 nan
2.49813799771 nan
2.99776463224 nan
3.49739094513 nan
3.99701693638 nan
4.49664260601 nan
4.99626795402 nan
5.49589298042 nan
5.99551768522 nan
6.49514206843 nan
6.99476613006 nan
7.49438987012 nan
7.99401328862 nan
8.49363638557 nan
8.99325916098 nan
9.49288161485 nan
9.99250374721 nan
10.492125558 nan
10.9917470474 nan
11.4913682152 nan
11.9909890616 nan
12.4906095865 nan
12.9902297899 nan
13.4898496718 nan
13.9894692324 nan
14.4890884714 nan
14.9887073891 nan
15.4883259853 nan
15.9879442602 nan
16.4875622136 nan
16.9871798456 nan
17.4867971563 nan
17.9864141456 nan
18.4860308135 nan
18.9856471601 nan
19.4852631854 nan
19.9848788893 nan
20.4844942719 nan
20.9841093332 nan
21.4837240732 nan
21.9833384919 nan
22.4829525893 nan
22.9825663654 nan
23.4821798203 nan
23.9817929539 nan
24.4814057663 nan
24.9810182575 nan
