-25.0240515516 nan
-24.5235658917 nan
-24.0230804205 nan
-23.5225951381 nan
-23.0221100445 nan
-22.5216251397 nan
-22.0211404236 nan
-21.5206558964 nan
-21.0201715579 nan
-20.5196874083 nan
-20.0192034476 nan
-19.5187196756 nan
-19.0182360926 nan
-18.5177526984 nan
-18.0172694931 nan
-17.5167864767 nan
-17.0163036492 nan
-16.5158210106 nan
-16.015338561 nan
-15.5148563003 nan
-15.0143742286 nan
-14.5138923458 nan
-14.013410652 nan
-13.5129291473 nan
-13.0124478315 nan
-12.5119667047 nan
-12.011485767 nan
-11.5110050183 nan
-11.0105244586 nan
-10.510044088 nan
-10.0095639065 nan
-9.50908391407 nan
-9.00860411074 nan
-8.50812449652 nan
-8.00764507143 nan
-7.50716583546 nan
-7.00668678864 nan
-6.50620793098 nan
-6.00572926249 nan
-5.50525078318 nan
-5.00477249306 nan
-4.50429439214 nan
-4.00381648044 nan
-3.50333875797 nan
-3.00286122473 nan
-2.50238388075 nan
-2.00190672603 nan
-1.50142976058 nan
-1.00095298442 nan
-0.500476397555 nan
0 nan
0.500476208235 nan
1.00095222714 nan
1.5014280567 nan
2.0019036969 nan
2.50237914773 nan
3.00285440919 nan
3.50332948126 nan
4.00380436392 nan
4.50427905717 nan
5.004753561 nan
5.50522787539 nan
6.00570200033 nan
6.50617593581 nan
7.00664968181 nan
7.50712323834 nan
8.00759660537 nan
8.50806978289 nan
9.00854277089 nan
9.50901556937 nan
10.0094881783 nan
10.5099605977 nan
11.0104328275 nan
11.5109048677 nan
12.0113767184 nan
12.5118483794 nan
13.0123198509 nan
13.5127911327 nan
14.0132622249 nan
14.5137331274 nan
15.0142038403 nan
15.5146743635 nan
16.0151446971 nan
16.5156148409 nan
17.0160847951 nan
17.5165545595 nan
18.0170241342 nan
18.5174935192 nan
19.0179627144 nan
19.5184317198 nan
20.0189005355 nan
20.5193691614 nan
21.0198375975 nan
21.5203058438 nan
22.0207739003 nan
22.521241767 nan
23.0217094438 nan
23.5221769307 nan
24.0226442278 nan
24.5231113351 nan
25.0235782524 nan
