-25.0293424904 0.229362
-24.528758314 0.240843
-24.0281740282 0.250034
-23.5275896331 0.254388
-23.0270051287 0.255419
-22.526420515 0.269585
-22.025835792 0.297223
-21.5252509597 0.313328
-21.0246660182 0.32188
-20.5240809674 0.322893
-20.0234958074 0.348278
-19.5229105381 0.352935
-19.0223251597 0.391499
-18.521739672 0.4305
-18.0211540752 0.433069
-17.5205683692 0.453933
-17.0199825541 0.448717
-16.5193966298 0.458983
-16.0188105965 0.464237
-15.518224454 0.469108
-15.0176382024 0.463198
-14.5170518417 0.45524
-14.016465372 0.455372
-13.5158787933 0.448567
-13.0152921055 0.440991
-12.5147053087 0.43087
-12.0141184029 0.421681
-11.5135313881 0.429885
-11.0129442643 0.433835
-10.5123570315 0.434166
-10.0117696899 0.439995
-9.51118223925 0.448113
-9.01059467972 0.451257
-8.51000701129 0.442468
-8.00941923397 0.427162
-7.50883134778 0.415106
-7.00824335273 0.401948
-6.50765524884 0.386171
-6.00706703612 0.368876
-5.50647871458 0.347224
-5.00589028424 0.327402
-4.50530174511 0.306205
-4.00471309722 0.288647
-3.50412434056 0.278503
-3.00353547517 0.270422
-2.50294650104 0.259956
-2.0023574182 0.217457
-1.50176822666 0.148957
-1.00117892644 0.101039
-0.500589517549 0.0572196
0 0.0214012
0.50058962619 0
1.00117936101 0.00421435
1.50176920444 0.0546396
2.00235915646 0.131568
2.50294921707 0.167542
3.00353938625 0.182777
3.50412966398 0.191842
4.00472005025 0.205873
4.50531054505 0.215184
5.00590114835 0.230169
5.50649186016 0.244396
6.00708268044 0.244629
6.50767360919 0.237816
7.00826464639 0.212799
7.50885579203 0.1701
8.0094470461 0.181392
8.51003840857 0.231919
9.01062987944 0.246282
9.51122145868 0.229038
10.0118131463 0.206297
10.5124049423 0.188592
11.0129968465 0.18432
11.5135888592 0.194114
12.0141809801 0.204565
12.5147732093 0.216919
13.0153655468 0.223602
13.5159579926 0.240183
14.0165505466 0.243252
14.5171432088 0.227106
15.0177359793 0.206967
15.5183288579 0.200985
16.0189218448 0.215399
16.5195149398 0.2259
17.020108143 0.237419
17.5207014543 0.256008
18.0212948738 0.249894
18.5218884014 0.236105
19.022482037 0.226908
19.5230757808 0.216706
20.0236696327 0.210668
20.5242635926 0.210791
21.0248576605 0.205096
21.5254518365 0.19358
22.0260461205 0.184697
22.5266405125 0.181051
23.0272350124 0.161993
23.5278296204 0.154344
24.0284243363 0.178068
24.5290191601 0.192142
25.0296140919 0.205017
