-24.9805053463 nan
-24.4808871858 nan
-23.9812693542 nan
-23.4816518515 nan
-22.9820346776 nan
-22.4824178325 nan
-21.9828013163 nan
-21.483185129 nan
-20.9835692704 nan
-20.4839537406 nan
-19.9843385397 nan
-19.4847236675 nan
-18.9851091241 nan
-18.4854949094 nan
-17.9858810236 nan
-17.4862674664 nan
-16.986654238 nan
-16.4870413383 nan
-15.9874287674 nan
-15.4878165251 nan
-14.9882046116 nan
-14.4885930267 nan
-13.9889817705 nan
-13.489370843 nan
-12.9897602441 nan
-12.4901499739 nan
-11.9905400323 nan
-11.4909304194 nan
-10.9913211351 nan
-10.4917121793 nan
-9.9921035522 nan
-9.49249525367 nan
-8.9928872837 nan
-8.49327964231 nan
-7.99367232948 nan
-7.4940653452 nan
-6.99445868945 nan
-6.49485236224 nan
-5.99524636354 nan
-5.49564069335 nan
-4.99603535166 nan
-4.49643033846 nan
-3.99682565374 nan
-3.49722129748 nan
-2.99761726969 nan
-2.49801357034 nan
-1.99841019944 nan
-1.49880715696 nan
-0.999204442902 nan
-0.499602057252 nan
0 nan
0.499601728862 nan
0.999203129347 nan
1.49880420146 nan
1.99840494522 nan
2.49800536063 nan
2.9976054477 nan
3.49720520644 nan
3.99680463687 nan
4.49640373899 nan
4.99600251281 nan
5.49560095834 nan
5.9951990756 nan
6.49479686458 nan
6.99439432531 nan
7.4939914578 nan
7.99358826205 nan
8.49318473807 nan
8.99278088587 nan
9.49237670547 nan
9.99197219688 nan
10.4915673601 nan
10.9911621951 nan
11.490756702 nan
11.9903508807 nan
12.4899447313 nan
12.9895382538 nan
13.4891314481 nan
13.9887243143 nan
14.4883168524 nan
14.9879090624 nan
15.4875009443 nan
15.9870924982 nan
16.486683724 nan
16.9862746217 nan
17.4858651914 nan
17.9854554331 nan
18.4850453467 nan
18.9846349324 nan
19.48422419 nan
19.9838131197 nan
20.4834017213 nan
20.982989995 nan
21.4825779408 nan
21.9821655586 nan
22.4817528484 nan
22.9813398103 nan
23.4809264444 nan
23.9805127505 nan
24.4800987287 nan
24.979684379 nan
