-24.980524836 nan
-24.480906284 nan
-23.9812880608 nan
-23.4816701666 nan
-22.9820526014 nan
-22.482435365 nan
-21.9828184576 nan
-21.483201879 nan
-20.9835856294 nan
-20.4839697086 nan
-19.9843541167 nan
-19.4847388536 nan
-18.9851239194 nan
-18.485509314 nan
-17.9858950375 nan
-17.4862810898 nan
-16.9866674709 nan
-16.4870541808 nan
-15.9874412195 nan
-15.487828587 nan
-14.9882162832 nan
-14.4886043082 nan
-13.988992662 nan
-13.4893813444 nan
-12.9897703557 nan
-12.4901596956 nan
-11.9905493643 nan
-11.4909393617 nan
-10.9913296877 nan
-10.4917203424 nan
-9.99211132585 nan
-9.49250263793 nan
-8.99289427865 nan
-8.49328624802 nan
-7.99367854602 nan
-7.49407117265 nan
-6.99446412789 nan
-6.49485741173 nan
-5.99525102416 nan
-5.49564496518 nan
-4.99603923477 nan
-4.49643383292 nan
-3.99682875963 nan
-3.49722401488 nan
-2.99761959866 nan
-2.49801551097 nan
-1.99841175179 nan
-1.49880832111 nan
-0.999205218928 nan
-0.499602445228 nan
0 nan
0.499602116765 nan
0.999203905076 nan
1.49880536494 nan
1.99840649638 nan
2.4980072994 nan
2.997607774 nan
3.49720792019 nan
3.996807738 nan
4.49640722742 nan
4.99600638848 nan
5.49560522117 nan
5.9952037255 nan
6.4948019015 nan
6.99439974917 nan
7.49399726851 nan
7.99359445954 nan
8.49319132227 nan
8.99278785671 nan
9.49238406287 nan
9.99197994076 nan
10.4915754904 nan
10.9911707118 nan
11.4907656049 nan
11.9903601698 nan
12.4899544065 nan
12.989548315 nan
13.4891418953 nan
13.9887351474 nan
14.4883280713 nan
14.987920667 nan
15.4875129346 nan
15.9871048741 nan
16.4866964854 nan
16.9862877686 nan
17.4858787236 nan
17.9854693506 nan
18.4850596495 nan
18.9846496202 nan
19.484239263 nan
19.9838285776 nan
20.4834175642 nan
20.9830062227 nan
21.4825945532 nan
21.9821825557 nan
22.4817702302 nan
22.9813575767 nan
23.4809445951 nan
23.9805312856 nan
24.4801176482 nan
24.9797036827 nan
