-25.0171872509 0.05383
-24.5168476281 0.0746246
-24.016507837 0.0958065
-23.5161678775 0.105657
-23.0158277496 0.11213
-22.5154874534 0.129449
-22.0151469888 0.182137
-21.5148063558 0.187316
-21.0144655545 0.180168
-20.5141245849 0.168744
-20.013783447 0.160002
-19.5134421407 0.166572
-19.0131006661 0.18386
-18.5127590233 0.210735
-18.0124172121 0.240611
-17.5120752327 0.251968
-17.011733085 0.250583
-16.511390769 0.250558
-16.0110482848 0.248391
-15.5107056323 0.243053
-15.0103628115 0.234642
-14.5100198226 0.218918
-14.0096766654 0.201051
-13.50933334 0.192823
-13.0089898464 0.183163
-12.5086461846 0.173411
-12.0083023546 0.165922
-11.5079583565 0.134727
-11.0076141901 0.115452
-10.5072698556 0.0999224
-10.006925353 0.0954564
-9.50658068216 0.079307
-9.00623584321 0.0799288
-8.50589083613 0.0888912
-8.00554566093 0.0745187
-7.50520031762 0.0564918
-7.0048548062 0.044931
-6.50450912668 0.0454784
-6.00416327908 0.0483036
-5.50381726339 0.0436738
-5.00347107963 0.0480423
-4.50312472782 0.0587162
-4.00277820794 0.0586353
-3.50243152002 0.0623201
-3.00208466406 0.066285
-2.50173764008 0.0664727
-2.00139044807 0.0661548
-1.50104308805 0.0604208
-1.00069556002 0.0628714
-0.500347864006 0.100135
0 0.139535
0.500348031985 0.115786
1.00069623194 0.0423721
1.50104459985 0
2.00139313572 0.0176315
2.50174183953 0.0214087
3.00209071128 0.0533821
3.50243975095 0.126428
4.00278895854 0.158473
4.50313833405 0.178332
5.00348787745 0.192415
5.50383758875 0.249216
6.00418746793 0.278732
6.50453751499 0.294937
7.00488772991 0.308237
7.50523811269 0.286502
8.00558866333 0.266257
8.5059393818 0.212881
9.00629026811 0.153344
9.50664132224 0.125149
10.0069925442 0.104045
10.5073439339 0.108222
11.0076954915 0.158513
11.5080472168 0.220096
12.00839911 0.258937
12.5087511709 0.293271
13.0091033995 0.271118
13.5094557959 0.25118
14.0098083601 0.255247
14.510161092 0.267827
15.0105139916 0.270444
15.510867059 0.26197
16.0112202941 0.245498
16.5115736968 0.2405
17.0119272673 0.292696
17.5122810055 0.311238
18.0126349113 0.294452
18.5129889848 0.275567
19.0133432259 0.262699
19.5136976348 0.255182
20.0140522112 0.250328
20.5144069553 0.249741
21.014761867 0.255634
21.5151169463 0.26017
22.0154721933 0.250404
22.5158276078 0.239735
23.01618319 0.240891
23.5165389397 0.244627
24.016894857 0.249093
24.5172509418 0.23287
25.0176071942 0.211832
