-25.011654975 0.254934
-24.5114264089 0.252482
-24.0111976577 0.253039
-23.5109687214 0.254191
-23.0107396 0.253988
-22.5105102934 0.24901
-22.0102808017 0.237796
-21.510051125 0.22181
-21.0098212631 0.207168
-20.5095912162 0.23719
-20.0093609842 0.286155
-19.5091305671 0.344189
-19.0088999649 0.462989
-18.5086691777 0.560455
-18.0084382054 0.586979
-17.508207048 0.635677
-17.0079757056 0.676595
-16.5077441782 0.702358
-16.0075124657 0.709105
-15.5072805682 0.691781
-15.0070484856 0.723637
-14.5068162181 0.748258
-14.0065837655 0.759297
-13.5063511279 0.787827
-13.0061183053 0.834453
-12.5058852977 0.881936
-12.0056521051 0.937691
-11.5054187276 1.08289
-11.005185165 1.21332
-10.5049514175 1.28137
-10.004717485 1.24648
-9.50448336751 1.08992
-9.00424906508 0.944396
-8.50401457771 0.677105
-8.00377990539 0.403346
-7.50354504812 0.200065
-7.00331000592 0.050193
-6.50307477879 0
-6.00283936673 0.0159888
-5.50260376975 0.0360048
-5.00236798786 0.0528596
-4.50213202106 0.0724856
-4.00189586937 0.091773
-3.50165953277 0.107643
-3.00142301129 0.137718
-2.50118630492 0.188993
-2.00094941367 0.230332
-1.50071233755 0.266573
-1.00047507656 0.294242
-0.500237630706 0.307977
0 0.313185
0.500237815556 0.312295
1.00047581596 0.312339
1.5007140012 0.319916
2.00095237127 0.331118
2.50119092617 0.340865
3.00142966589 0.355631
3.50166859042 0.368051
4.00190769977 0.375272
4.50214699392 0.37853
5.00238647286 0.379168
5.5026261366 0.38654
6.00286598513 0.397564
6.50310601843 0.42103
7.00334623651 0.455944
7.50358663936 0.482576
8.00382722697 0.496861
8.50406799934 0.509533
9.00430895646 0.525248
9.50455009832 0.538494
10.0047914249 0.546707
10.5050329363 0.539512
11.0052746323 0.528788
11.5055165131 0.517043
12.0057585786 0.504416
12.5060008288 0.499353
13.0062432638 0.506357
13.5064858834 0.50086
14.0067286877 0.492571
14.5069716767 0.496125
15.0072148504 0.490711
15.5074582087 0.4947
16.0077017517 0.500337
16.5079454794 0.503536
17.0081893918 0.504056
17.5084334887 0.499904
18.0086777704 0.493987
18.5089222367 0.495132
19.0091668876 0.504538
19.5094117231 0.520521
20.0096567433 0.530526
20.509901948 0.52312
21.0101473374 0.526113
21.5103929114 0.537977
22.01063867 0.549325
22.5108846132 0.544695
23.0111307409 0.534043
23.5113770533 0.524976
24.0116235502 0.517331
24.5118702317 0.506909
25.0121170977 0.507161
