-24.9584454694 0.699008
-24.4592685782 0.674701
-23.9600920132 0.658247
-23.4609157742 0.657824
-22.9617398613 0.679111
-22.4625642745 0.689292
-21.9633890137 0.699813
-21.4642140789 0.713988
-20.9650394701 0.721676
-20.4658651873 0.741167
-19.9666912305 0.749674
-19.4675175995 0.748962
-18.9683442945 0.747052
-18.4691713154 0.74433
-17.9699986621 0.768608
-17.4708263347 0.77385
-16.9716543331 0.751212
-16.4724826574 0.709379
-15.9733113074 0.685068
-15.4741402832 0.676997
-14.9749695847 0.698998
-14.475799212 0.738769
-13.9766291649 0.767563
-13.4774594436 0.78818
-12.9782900479 0.795042
-12.4791209778 0.775846
-11.9799522334 0.750863
-11.4807838146 0.739335
-10.9816157213 0.781831
-10.4824479537 0.807783
-9.98328051152 0.800899
-9.48411339489 0.762028
-8.98494660377 0.763118
-8.48578013812 0.766219
-7.98661399793 0.765384
-7.48744818318 0.736824
-6.98828269384 0.698882
-6.48911752989 0.66109
-5.98995269132 0.593129
-5.4907881781 0.563512
-4.99162399021 0.542017
-4.49246012764 0.488339
-3.99329659035 0.337848
-3.49413337833 0.260971
-2.99497049156 0.171377
-2.49580793002 0.0697247
-1.99664569369 0.00845977
-1.49748378254 0
-0.998322196557 0.0237387
-0.499160935717 0.0367835
0 0.0505995
0.499160610614 0.0695647
0.998320896146 0.127944
1.49748085662 0.189393
1.99664049205 0.260758
2.49579980246 0.315545
2.99495878788 0.298212
3.49411744832 0.25663
3.9932757838 0.219335
4.49243379435 0.215069
4.99159147998 0.223961
5.49074884072 0.230459
5.98990587659 0.373646
6.48906258761 0.48197
6.9882189738 0.54926
7.48737503518 0.540556
7.98653077177 0.558338
8.48568618359 0.565269
8.98484127067 0.55045
9.48399603302 0.525955
9.98315047067 0.499734
10.4823045836 0.481175
10.9814583719 0.470654
11.4806118356 0.463245
11.9797649747 0.458443
12.4789177891 0.455167
12.978070279 0.454626
13.4772224443 0.460147
13.9763742851 0.467888
14.4755258013 0.476271
14.9746769931 0.48586
15.4738278604 0.496991
15.9729784032 0.507791
16.4721286217 0.519092
16.9712785157 0.530149
17.4704280853 0.540611
17.9695773306 0.549514
18.4687262515 0.557789
18.9678748481 0.565379
19.4670231203 0.57294
19.9661710684 0.578235
20.4653186921 0.583638
20.9644659916 0.588226
21.4636129669 0.591716
21.962759618 0.595205
22.4619059449 0.598371
22.9610519477 0.599011
23.4601976263 0.599694
23.9593429808 0.600379
24.4584880113 0.600345
24.9576327176 0.600387
