94.1225892113	-34.1591652246	-24.9665825159	340.592361337	-4112.98360771
94.1207836264	-34.1549241128	-24.4672433447	340.592361337	-4120.86045725
94.1189782229	-34.1506829745	-23.9679044807	340.593375106	-4134.88924392
94.1171730006	-34.1464418098	-23.468565924	340.594388663	-4135.91241574
94.1153679596	-34.1422006187	-22.9692276744	340.595402008	-4138.93047866
94.1135630998	-34.1379594011	-22.4698897321	340.59641514	-4133.46391763
94.1117584212	-34.1337181572	-21.9705520969	340.59742806	-4121.2573328
94.1099539237	-34.1294768868	-21.4712147689	340.598440768	-4113.11142541
94.1081496072	-34.1252355901	-20.971877748	340.599453264	-4106.96730703
94.1063454718	-34.1209942669	-20.4725410342	340.600465547	-4121.52342005
94.1045415173	-34.1167529174	-19.9732046276	340.601477618	-4145.06360544
94.1027377438	-34.1125115416	-19.473868528	340.602489477	-4155.7052433
94.1009341512	-34.1082701393	-18.9745327356	340.603501125	-4138.7022187
94.0991307394	-34.1040287107	-18.4751972501	340.60451256	-4123.43833963
94.0973275084	-34.0997872558	-17.9758620718	340.605523783	-4099.65803601
94.0955244581	-34.0955457745	-17.4765272004	340.606534794	-4081.72886181
94.0937215885	-34.0913042669	-16.9771926361	340.607545594	-4073.14170774
94.0919188996	-34.0870627329	-16.4778583787	340.608556181	-4063.27722327
94.0901163913	-34.0828211726	-15.9785244283	340.609566558	-4062.77711534
94.0883140636	-34.078579586	-15.4791907849	340.610576721	-4074.37490521
94.0865119164	-34.0743379731	-14.9798574485	340.611586674	-4048.03595845
94.0847099497	-34.0700963339	-14.4805244189	340.612596415	-4044.58729272
94.0829081633	-34.0658546684	-13.9811916963	340.613605944	-4054.65079995
94.0811065574	-34.0616129766	-13.4818592805	340.614615261	-4076.18068852
94.0793051318	-34.0573712585	-12.9825271717	340.615624368	-4104.52225721
94.0775038865	-34.0531295142	-12.4831953697	340.616633262	-4121.33400458
94.0757028214	-34.0488877436	-11.9838638745	340.617641945	-4206.0702473
94.0739019366	-34.0446459467	-11.4845326862	340.618650417	-4279.92120971
94.0721012319	-34.0404041235	-10.9852018046	340.619658677	-4311.53000006
94.0703007072	-34.0361622742	-10.4858712299	340.620666726	-4316.96227581
94.0685003627	-34.0319203985	-9.98654096195	340.621674564	-4358.66509759
94.0667001982	-34.0276784967	-9.48721100075	340.622682191	-4367.22752693
94.0649002136	-34.0234365686	-8.9878813463	340.623689606	-4354.7482695
94.063100409	-34.0191946143	-8.48855199857	340.62469681	-4336.38021836
94.0613007842	-34.0149526337	-7.98922295755	340.625703803	-4324.119303
94.0595013393	-34.010710627	-7.48989422322	340.626710585	-4326.48784054
94.0577020741	-34.0064685941	-6.99056579557	340.627717156	-4330.71117793
94.0559029888	-34.0022265349	-6.49123767457	340.628723516	-4338.16783277
94.0541040831	-33.9979844496	-5.99190986022	340.629729665	-4385.361242
94.052305357	-33.9937423381	-5.4925823525	340.630735603	-4420.07597784
94.0505068106	-33.9895002004	-4.99325515138	340.63174133	-4453.2243188
94.0487084437	-33.9852580366	-4.49392825686	340.632746846	-4471.92434095
94.0469102563	-33.9810158466	-3.99460166891	340.633752152	-4462.8151261
94.0451122484	-33.9767736305	-3.49527538752	340.634757247	-4471.73265029
94.0433144199	-33.9725313882	-2.99594941267	340.635762131	-4490.25855907
94.0415167708	-33.9682891197	-2.49662374434	340.636766804	-4484.51383931
94.0397193011	-33.9640468252	-1.99729838253	340.637771267	-4517.31162709
94.0379220106	-33.9598045045	-1.4979733272	340.638775519	-4549.01524503
94.0361248993	-33.9555621576	-0.998648578348	340.639779561	-4590.61786447
94.0343279673	-33.9513197847	-0.499324135953	340.640783392	-4655.8944348
94.0325312144	-33.9470773857	0	340.641787013	-4722.51323601
94.0307346406	-33.9428349606	0.499323829531	340.642790423	-4729.84971467
94.0289382459	-33.9385925093	0.998647352653	340.643793623	-4739.66979645
94.0271420302	-33.934350032	1.49797056939	340.644796613	-4833.88199228
94.0253459935	-33.9301075286	1.99729347975	340.645799392	-4848.25322116
94.0235501356	-33.9258649992	2.49661608375	340.646801961	-4843.15327544
94.0217544567	-33.9216224437	2.99593838142	340.64780432	-4837.94453414
94.0199589566	-33.9173798621	3.49526037276	340.648806469	-4834.88965861
94.0181636353	-33.9131372544	3.9945820578	340.649808408	-4816.33118817
94.0163684927	-33.9088946208	4.49390343654	340.650810136	-4740.3264468
94.0145735288	-33.904651961	4.99322450902	340.651811654	-4609.03613435
94.0127787436	-33.9004092753	5.49254527524	340.652812963	-4533.98663436
94.010984137	-33.8961665635	5.99186573523	340.653814061	-4481.41649543
94.0091897089	-33.8919238257	6.49118588899	340.65481495	-4418.33868734
94.0073954594	-33.8876810619	6.99050573656	340.655815629	-4355.76034219
94.0056013883	-33.8834382721	7.48982527793	340.656816097	-4311.48328676
94.0038074957	-33.8791954563	7.98914451313	340.657816356	-4289.14031336
94.0020137814	-33.8749526145	8.48846344218	340.658816406	-4270.22203329
94.0002202455	-33.8707097468	8.9877820651	340.659816245	-4226.46940618
93.9984268879	-33.866466853	9.4871003819	340.660815875	-4185.31114302
93.9966337085	-33.8622239333	9.98641839259	340.661815295	-4145.54997816
93.9948407073	-33.8579809876	10.4857360972	340.662814506	-4128.55754566
93.9930478842	-33.853738016	10.9850534957	340.663813507	-4151.39203181
93.9912552393	-33.8494950184	11.4843705882	340.664812299	-4189.02623764
93.9894627725	-33.8452519948	11.9836873747	340.665810881	-4214.28919522
93.9876704836	-33.8410089453	12.4830038551	340.666809254	-4237.14819089
93.9858783728	-33.8367658699	12.9823200296	340.667807417	-4284.77838144
93.9840864398	-33.8325227686	13.481635898	340.668805371	-4338.50805614
93.9822946848	-33.8282796414	13.9809514605	340.669803115	-4386.18556992
93.9805031076	-33.8240364882	14.4802667171	340.670800651	-4368.42779082
93.9787117081	-33.8197933091	14.9795816677	340.671797977	-4359.75493328
93.9769204865	-33.8155501042	15.4788963124	340.672795094	-4364.59495046
93.9751294425	-33.8113068733	15.9782106512	340.673792002	-4402.66796254
93.9733385762	-33.8070636166	16.4775246841	340.6747887	-4411.62158716
93.9715478875	-33.802820334	16.9768384112	340.67578519	-4385.22875814
93.9697573764	-33.7985770255	17.4761518324	340.676781471	-4321.5769609
93.9679670428	-33.7943336912	17.9754649478	340.677777542	-4315.04194032
93.9661768867	-33.790090331	18.4747777573	340.678773405	-4302.21197481
93.964386908	-33.785846945	18.9740902611	340.679769059	-4283.29621988
93.9625971067	-33.7816035331	19.4734024591	340.680764503	-4335.4283313
93.9608074828	-33.7773600953	19.9727143513	340.68175974	-4336.50499939
93.9590180361	-33.7731166318	20.4720259378	340.682754767	-4342.11497807
93.9572287667	-33.7688731424	20.9713372186	340.683749586	-4347.452571
93.9554396745	-33.7646296272	21.4706481937	340.684744196	-4338.14750485
93.9536507595	-33.7603860862	21.969958863	340.685738597	-4289.95996931
93.9518620216	-33.7561425194	22.4692692267	340.686732789	-4210.80879071
93.9500734608	-33.7518989268	22.9685792848	340.687726773	-4157.44647103
93.948285077	-33.7476553084	23.4678890372	340.688720549	-4151.79347301
93.9464968702	-33.7434116643	23.967198484	340.689714116	-4166.91132969
93.9447088403	-33.7391679943	24.4665076251	340.690707475	-4194.71539477
93.9429209874	-33.7349242986	24.9658164607	340.691700625	-4262.17641945
